1.0303573608398438, 0.4664877653121948, 0.0 
1.0531145334243774, 0.48698627948760986, 0.0 
1.0572659969329834, 0.4948841631412506, 0.0 
1.0754879713058472, 0.5034440159797668, 0.0 
1.0926929712295532, 0.5101284384727478, 0.0 
1.1114298105239868, 0.5508343577384949, 0.0 
1.114885926246643, 0.587291955947876, 0.0 
1.1130930185317993, 0.6320100426673889, 0.0 
1.0915037393569946, 0.6709759831428528, 0.0 
1.0891525745391846, 0.6870501637458801, 0.0 
1.063069462776184, 0.7274045348167419, 0.0 
1.0492602586746216, 0.7713382244110107, 0.0 
1.0528477430343628, 0.8087865114212036, 0.0 
1.05367112159729, 0.8149491548538208, 0.0 
1.0588551759719849, 0.8544206619262695, 0.0 
1.0964268445968628, 0.8535287380218506, 0.0 
1.1095571517944336, 0.8509166836738586, 0.0 
1.092736005783081, 0.8114541172981262, 0.0 
1.126818060874939, 0.7959156632423401, 0.0 
1.152304768562317, 0.7942054271697998, 0.0 
1.17194664478302, 0.7958543300628662, 0.0 
1.2081286907196045, 0.8109291791915894, 0.0 
1.226572036743164, 0.8469561338424683, 0.0 
1.2546403408050537, 0.8720846772193909, 0.0 
1.2707438468933105, 0.9038723707199097, 0.0 
1.290244698524475, 0.9337142109870911, 0.0 
1.2681071758270264, 0.9540355205535889, 0.0 
1.2468481063842773, 0.9770092368125916, 0.0 
1.2671175003051758, 0.9763884544372559, 0.0 
1.3111132383346558, 0.9634416103363037, 0.0 
1.359602451324463, 0.9653512835502625, 0.0 
1.3909071683883667, 0.9444175362586975, 0.0 
1.4288029670715332, 0.9411918520927429, 0.0 
1.4598495960235596, 0.9492383003234863, 0.0 
1.468124508857727, 0.9419322609901428, 0.0 
1.5121536254882812, 0.9414780735969543, 0.0 
1.5518852472305298, 0.9318057298660278, 0.0 
1.531567096710205, 0.8945409059524536, 0.0 
1.5647025108337402, 0.8705593347549438, 0.0 
1.608129620552063, 0.891198992729187, 0.0 
1.6322600841522217, 0.9162397980690002, 0.0 
1.601831316947937, 0.9549587965011597, 0.0 
1.6339374780654907, 0.9657468795776367, 0.0 
1.6526885032653809, 0.9640235900878906, 0.0 
1.6714773178100586, 0.9621714949607849, 0.0 
1.7102606296539307, 0.9629791975021362, 0.0 
1.7355409860610962, 0.9643093347549438, 0.0 
1.7750033140182495, 0.9688631296157837, 0.0 
1.8074830770492554, 0.9404447078704834, 0.0 
1.8465038537979126, 0.9435436129570007, 0.0 
1.87432062625885, 0.9692391157150269, 0.0 
1.9108890295028687, 0.967179536819458, 0.0 
1.9194390773773193, 0.9955552816390991, 0.0 
1.9330637454986572, 0.9930781722068787, 0.0 
1.9721513986587524, 1.0235238075256348, 0.0 
2.009836196899414, 1.0296638011932373, 0.0 
2.0294530391693115, 1.0461608171463013, 0.0 
2.0681958198547363, 1.0720216035842896, 0.0 
2.0989701747894287, 1.0804139375686646, 0.0 
2.1144769191741943, 1.0971893072128296, 0.0 
2.1351141929626465, 1.1057336330413818, 0.0 
2.1732962131500244, 1.128164529800415, 0.0 
2.1913254261016846, 1.1529737710952759, 0.0 
2.209627628326416, 1.1518186330795288, 0.0 
2.232574939727783, 1.1533493995666504, 0.0 
2.2489917278289795, 1.153948426246643, 0.0 
2.2743730545043945, 1.185288429260254, 0.0 
2.3134098052978516, 1.2110824584960938, 0.0 
2.314507484436035, 1.2200227975845337, 0.0 
2.337972640991211, 1.2419487237930298, 0.0 
2.3745689392089844, 1.2469111680984497, 0.0 
2.3940579891204834, 1.2455334663391113, 0.0 
2.417851686477661, 1.273414969444275, 0.0 
2.4387669563293457, 1.2830039262771606, 0.0 
2.4740185737609863, 1.3023526668548584, 0.0 
2.510488986968994, 1.3314380645751953, 0.0 
2.537623405456543, 1.3435419797897339, 0.0 
2.5624375343322754, 1.3282438516616821, 0.0 
2.5811381340026855, 1.293714165687561, 0.0 
2.590845823287964, 1.2617380619049072, 0.0 
2.6113619804382324, 1.2227723598480225, 0.0 
2.6308884620666504, 1.191099762916565, 0.0 
2.641312599182129, 1.1657692193984985, 0.0 
2.643354892730713, 1.1523269414901733, 0.0 
2.646833658218384, 1.134871006011963, 0.0 
2.6467013359069824, 1.1068627834320068, 0.0 
2.6666648387908936, 1.0853466987609863, 0.0 
2.681265115737915, 1.0623078346252441, 0.0 
2.6936161518096924, 1.0308573246002197, 0.0 
2.7016489505767822, 1.0099962949752808, 0.0 
2.7126901149749756, 0.980819821357727, 0.0 
2.7211170196533203, 0.9636117219924927, 0.0 
2.7232422828674316, 0.9575846195220947, 0.0 
2.7323200702667236, 0.9139642715454102, 0.0 
2.7482707500457764, 0.8694631457328796, 0.0 
2.765158176422119, 0.8285112977027893, 0.0 
2.7704274654388428, 0.7974582314491272, 0.0 
2.7807884216308594, 0.7712558507919312, 0.0 
2.783085346221924, 0.7463040351867676, 0.0 
2.7861664295196533, 0.7305994629859924, 0.0 
2.8007993698120117, 0.6897941827774048, 0.0 
2.8075673580169678, 0.6410146355628967, 0.0 
2.81087327003479, 0.6305150985717773, 0.0 
2.8188483715057373, 0.5939416289329529, 0.0 
2.8247172832489014, 0.5620424151420593, 0.0 
2.826188087463379, 0.5475640892982483, 0.0 
2.840825080871582, 0.5045989751815796, 0.0 
2.8428802490234375, 0.47595176100730896, 0.0 
2.8448758125305176, 0.44759342074394226, 0.0 
2.8515706062316895, 0.4073895215988159, 0.0 
2.8517332077026367, 0.3889178931713104, 0.0 
2.860413074493408, 0.35635125637054443, 0.0 
2.8630480766296387, 0.32303690910339355, 0.0 
2.8676252365112305, 0.2812802195549011, 0.0 
2.8645920753479004, 0.2699354887008667, 0.0 
2.868337392807007, 0.22792427241802216, 0.0 
2.8654465675354004, 0.2103344351053238, 0.0 
2.8725998401641846, 0.16852779686450958, 0.0 
2.8643345832824707, 0.14902326464653015, 0.0 
2.8527307510375977, 0.1269715577363968, 0.0 
2.878174304962158, 0.09220147132873535, 0.0 
2.881545066833496, 0.06895765662193298, 0.0 
2.8709754943847656, 0.03166499361395836, 0.0 
2.8707401752471924, 0.012628880329430103, 0.0 
2.8734898567199707, -0.03159981966018677, 0.0 
2.8807268142700195, -0.04836540296673775, 0.0 
2.876373529434204, -0.0708683580160141, 0.0 
2.8677194118499756, -0.11805899441242218, 0.0 
2.873363494873047, -0.14033125340938568, 0.0 
2.871302366256714, -0.16893920302391052, 0.0 
2.8696842193603516, -0.1806175410747528, 0.0 
2.868353843688965, -0.22693264484405518, 0.0 
2.8641281127929688, -0.26855701208114624, 0.0 
2.85795259475708, -0.31065434217453003, 0.0 
2.8506686687469482, -0.3319970667362213, 0.0 
2.83418345451355, -0.3711356222629547, 0.0 
2.843550682067871, -0.4101704955101013, 0.0 
2.844179630279541, -0.4403722882270813, 0.0 
2.8401339054107666, -0.46013498306274414, 0.0 
2.8317816257476807, -0.4879504144191742, 0.0 
2.8281307220458984, -0.49387791752815247, 0.0 
2.818347215652466, -0.5405109524726868, 0.0 
2.813918113708496, -0.5700187683105469, 0.0 
2.8124470710754395, -0.6154087781906128, 0.0 
2.8111554567510413, -0.619938022608607, 0.0 
0.45076194405555725, -0.3498975932598114, 0.0 
0.43532678484916687, -0.3087072968482971, 0.0 
0.41381803154945374, -0.18794283270835876, 0.0 
0.40383587838085083, -0.00798357869127253, 0.0 
0.5737163424491882, 0.5117021203041077, 0.0 
0.876440167427063, 0.7643319964408875, 0.0