-0.2299658322737444, 0.07056146079026702
-0.1751516587756064, 0.0630705047219061
-0.09172527325761963, 0.06988256751879691
0.02606862983382533, 0.03642206279886296
0.045964848491431926, 0.03182237949650322
0.16584626658393545, 0.016217322171183133
0.24997883518213607, 0.019220562071090387
0.32149087407514415, -0.006593529765938715
0.2560062003711647, -0.07688642855604971
0.1776924440251517, -0.05064904817930469
0.10191459260531954, -0.07458931427234522
0.015075971360483088, -0.047484984360012805
-0.10798472234241621, -0.029252718565346524
-0.17845014936868855, 0.001005902512572451
-0.2299658322737444, 0.07056146079026702
-0.09172527325761963, 0.06988256751879691
0.24997883518213607, 0.019220562071090387
0.32149087407514415, -0.006593529765938715
0.2560062003711647, -0.07688642855604971
0.10191459260531954, -0.07458931427234522
-0.10798472234241621, -0.029252718565346524
-0.17845014936868855, 0.001005902512572451
