0.03373592172477851, -0.080380382701845
0.001648184136632393, -0.03061394294590397
-0.038065690825460755, 0.04919495293536568
0.007436211198220494, 0.12717839478415244
-0.0333271147903627, 0.162307978408148
-0.01903746779391547, 0.22015547621510267
0.024558671017879643, 0.2815677866828791
0.04049765834394432, 0.3832339921929146
0.04693393672006425, 0.4669837334797231
0.04208915028711672, 0.5312452363143367
0.05885104044661605, 0.6236704533551236
0.06295298152992775, 0.6493472917872093
-0.0028231804834940605, 0.703397412231411
0.1053723719918108, 0.7529498635204566
0.11661003946531058, 0.6508885129744089
0.10126264250531081, 0.594221100116538
0.07572088919704985, 0.47166392838085325
0.07774020722077755, 0.3494717976265429
0.06028367772338587, 0.2724139895581888
0.053847838551057514, 0.17014445252255803
0.02347572915515678, -0.011353828411646477
-0.038065690825460755, 0.04919495293536568
-0.0333271147903627, 0.162307978408148
-0.0028231804834940605, 0.703397412231411
0.1053723719918108, 0.7529498635204566
0.11661003946531058, 0.6508885129744089
0.03373592172477851, -0.080380382701845
0.001648184136632393, -0.03061394294590397
