-0.1602967381477356, -0.04670993611216545
-0.09369448572397232, 0.042854052037000656
0.03396106883883476, 0.17160311341285706
0.08855893462896347, 0.13449057936668396
0.15576785802841187, 0.053550057113170624
0.11340110003948212, -0.023448623716831207
-0.03915279731154442, -0.17221486568450928
-0.1602967381477356, -0.04670993611216545
-0.09369448572397232, 0.042854052037000656
0.03396106883883476, 0.17160311341285706
0.08855893462896347, 0.13449057936668396
0.15576785802841187, 0.053550057113170624
0.11340110003948212, -0.023448623716831207
-0.03915279731154442, -0.17221486568450928
