2.11715030670166, 1.4988855123519897
2.17659854888916, 1.4583362340927124
2.2564609050750732, 1.4252431392669678
2.294917106628418, 1.4271572828292847
2.3534858226776123, 1.461473822593689
2.38754940032959, 1.5494669675827026
2.4213240146636963, 1.594011664390564
2.5132133960723877, 1.392556071281433
2.5535521507263184, 1.3044723272323608
2.595038414001465, 1.2318867444992065
2.6201438903808594, 1.1590346097946167
2.663360118865967, 1.0695585012435913
2.7016937732696533, 0.9927347302436829
2.7223284244537354, 0.9357994198799133
2.766589641571045, 0.854199230670929
2.842780828475952, 0.6826990246772766
2.8731844425201416, 0.6180666089057922
2.9145445823669434, 0.523698627948761
2.9420864582061768, 0.47032052278518677
3.019754648208618, 0.2986801266670227
2.8898448944091797, 0.4266374707221985
2.8487062454223633, 0.5169599652290344
2.772397756576538, 0.548943817615509
2.7054243087768555, 0.6034339070320129
2.641500234603882, 0.6693561673164368
2.573484420776367, 0.7342594265937805
2.52555775642395, 0.6521642804145813
2.445256233215332, 0.5939672589302063
2.423780679702759, 0.5631063580513
2.4242098331451416, 0.48029404878616333
2.430584192276001, 0.46355658769607544
2.5636188983917236, 0.17472106218338013
2.5130841732025146, 0.22036249935626984
2.425166606903076, 0.32847243547439575
2.334890365600586, 0.3591306805610657
2.311624050140381, 0.2848432660102844
2.149610757827759, 0.11106140166521072
2.158658266067505, 0.016259975731372833
2.1135268211364746, -0.05988091975450516
2.0455191135406494, -0.12595626711845398
1.9688999652862549, -0.20187970995903015
1.8609545230865479, -0.30994337797164917
1.7969672679901123, -0.37784212827682495
1.7427394390106201, -0.4257785677909851
1.7059853076934814, -0.46944350004196167
1.623326063156128, -0.5479409098625183
1.5758140087127686, -0.5956942439079285
1.5379717350006104, -0.6386072039604187
1.4794342517852783, -0.6921040415763855
1.4387362003326416, -0.7370139956474304
1.3702542781829834, -0.8060476183891296
1.2830088138580322, -0.8870193362236023
1.2202732563018799, -0.9545637965202332
1.0657756328582764, -1.1088063716888428
1.0259897708892822, -1.1498234272003174
0.9630829691886902, -1.20607590675354
0.8898980021476746, -1.2855536937713623
0.8390447497367859, -1.3372480869293213
0.7906543612480164, -1.3802087306976318
0.7559835314750671, -1.4177429676055908
0.6439029574394226, -1.522424340248108
0.5889789462089539, -1.5857088565826416
0.5457980036735535, -1.6288859844207764
0.48386356234550476, -1.6829029321670532
0.46289798617362976, -1.705785870552063
0.45470020174980164, -1.7148419618606567
0.4188787639141083, -1.754780888557434
0.3655955195426941, -1.8035471439361572
0.1887800246477127, -1.9847406148910522
0.17644281685352325, -1.99772047996521
0.14438076317310333, -2.0818917751312256
0.16026516258716583, -2.12557053565979
0.17320604622364044, -2.154796600341797
0.19456453621387482, -2.2015254497528076
0.2581293284893036, -2.275540828704834
0.27405092120170593, -2.3340094089508057
0.3185693919658661, -2.3685996532440186
0.4149152934551239, -2.447506904602051
0.45963212847709656, -2.5255892276763916
0.498855322599411, -2.6103410720825195
0.5176059603691101, -2.684901475906372
0.5365974307060242, -2.7597827911376953
0.5829736590385437, -2.847428560256958
0.6194121241569519, -2.8836302757263184
0.6556445956230164, -2.929136037826538
0.7216159701347351, -2.984212636947632
0.8348304629325867, -3.1017348766326904
0.9205390810966492, -3.227857828140259
0.9445115923881531, -3.2863519191741943
0.9744154810905457, -3.3743622303009033
0.9912554621696472, -3.4333672523498535
1.0194337368011475, -3.49361515045166
1.0295860767364502, -3.553696632385254
1.0800201892852783, -3.628756284713745
1.0982906818389893, -3.6500942707061768
1.1894667148590088, -3.665123462677002
1.178623914718628, -3.7314512729644775
1.223982572555542, -3.7650253772735596
1.2663218975067139, -3.818098306655884
1.3977200984954834, -3.952699661254883
1.4485995769500732, -3.988377094268799
1.508789300918579, -3.9651670455932617
1.5745370388031006, -4.108291149139404
1.4863808155059814, -4.110930919647217
1.454528570175171, -4.11347770690918
1.3693063259124756, -4.124879360198975
1.2884042263031006, -4.1223578453063965
1.2186872959136963, -4.082744121551514
1.1606132984161377, -4.115577220916748
1.0826666355133057, -4.125805854797363
0.9838587641716003, -4.127378940582275
0.8881379961967468, -4.123631477355957
0.8031417727470398, -4.12730073928833
0.7009660601615906, -4.126078128814697
0.6151220202445984, -4.110691070556641
0.567999541759491, -4.128399848937988
0.4377691447734833, -4.119267463684082
0.3854376971721649, -4.053060054779053
0.3352362811565399, -3.99419903755188
0.28590795397758484, -3.9316718578338623
0.22281284630298615, -3.85760235786438
0.17659969627857208, -3.798959493637085
0.13185949623584747, -3.7464308738708496
0.06822605431079865, -3.69305157661438
0.017585474997758865, -3.608213424682617
-0.016653819009661674, -3.5642249584198
-0.03688458725810051, -3.5405378341674805
-0.09525756537914276, -3.4860548973083496
-0.1346786469221115, -3.42257022857666
-0.16604404151439667, -3.382554054260254
-0.42139652371406555, -3.072493076324463
-0.4323118031024933, -3.060000419616699
-0.49291637539863586, -2.9999022483825684
-0.537377655506134, -2.9328503608703613
-0.5576165318489075, -2.907620906829834
-0.9287455677986145, -2.455500841140747
-0.954663097858429, -2.4247491359710693
-1.0350134372711182, -2.343094825744629
-1.0879490375518799, -2.2622838020324707
-1.1163723468780518, -2.2275898456573486
-1.1687610149383545, -2.164108991622925
-1.2389657497406006, -2.1038167476654053
-1.28721022605896, -2.0202889442443848
-1.298863172531128, -2.0060346126556396
-1.3143889904022217, -1.9870973825454712
-1.329899549484253, -1.9682341814041138
-1.4031426906585693, -1.8791717290878296
-1.4261829853057861, -1.8512309789657593
-1.4491961002349854, -1.8233596086502075
-1.490014910697937, -1.7927407026290894
-1.5227997303009033, -1.7681480646133423
-1.5511553287506104, -1.7077406644821167
-1.5138328075408936, -1.6664751768112183
-1.4509427547454834, -1.6220966577529907
-1.3957607746124268, -1.5559436082839966
-1.3386270999908447, -1.5218974351882935
-1.2574312686920166, -1.4643012285232544
-1.201430082321167, -1.4140182733535767
-1.139347791671753, -1.364263653755188
-1.1194398403167725, -1.2720109224319458
-1.1672165393829346, -1.1664963960647583
-1.247199296951294, -0.9917556643486023
-1.3916637897491455, -0.6777679324150085
-1.4354288578033447, -0.5831038355827332
-1.4725306034088135, -0.5042816996574402
-1.498478651046753, -0.4448549151420593
-1.5378758907318115, -0.36136358976364136
-1.5653760433197021, -0.2984697222709656
-1.6072700023651123, -0.20975320041179657
-1.6463439464569092, -0.12034433335065842
-1.6810638904571533, -0.048418689519166946
-1.712087869644165, 0.022688215598464012
-1.7488067150115967, 0.09893687069416046
-1.7815525531768799, 0.17419415712356567
-1.8204147815704346, 0.2552092671394348
-1.8550078868865967, 0.3350399136543274
-1.896169900894165, 0.421312153339386
-1.945148229598999, 0.5350454449653625
-1.9891693592071533, 0.628099262714386
-2.0214273929595947, 0.6936090588569641
-2.0749170780181885, 0.81904536485672
-2.1730239391326904, 1.0294288396835327
-2.19724440574646, 1.1156519651412964
-2.2204606533050537, 1.163523554801941
-2.2452476024627686, 1.2196820974349976
-2.3581302165985107, 1.4655841588974
-2.3999650478363037, 1.555240511894226
-2.4293878078460693, 1.6223629713058472
-2.463820219039917, 1.6951512098312378
-2.484490156173706, 1.74248206615448
-2.520695447921753, 1.819339632987976
-2.542401075363159, 1.8692439794540405
-2.5692460536956787, 1.9245814085006714
-2.60331130027771, 2.0032246112823486
-2.697255849838257, 2.2073428630828857
-2.7405784130096436, 2.3010900020599365
-2.739861249923706, 2.3838765621185303
-2.78586745262146, 2.4842240810394287
-2.8455989360809326, 2.5321662425994873
-2.879877805709839, 2.604975461959839
-2.8828837871551514, 2.6972262859344482
-2.944446325302124, 2.7496564388275146
-3.034808874130249, 2.947648763656616
-3.0579278469085693, 2.9938924312591553
-3.0495517253875732, 3.059777021408081
-2.9952008724212646, 3.108046293258667
-2.95527720451355, 3.021257162094116
-2.91642165184021, 2.9370572566986084
-2.8666131496429443, 2.8203837871551514
-2.7460362911224365, 2.5590016841888428
-2.6524274349212646, 2.530857801437378
-2.696017026901245, 2.4553372859954834
-2.666929006576538, 2.3880679607391357
-2.610182523727417, 2.262608289718628
-2.5946223735809326, 2.2327182292938232
-2.4905965328216553, 2.1728432178497314
-2.454671621322632, 2.0937936305999756
-2.4300506114959717, 2.0599753856658936
-2.3543803691864014, 2.089247465133667
-2.341935873031616, 2.1426241397857666
-2.3705670833587646, 2.2030513286590576
-2.394943952560425, 2.259460687637329
-2.500476598739624, 2.486528158187866
-2.533165693283081, 2.5564448833465576
-2.5609166622161865, 2.621389150619507
-2.6452386379241943, 2.8060595989227295
-2.838524580001831, 3.2274463176727295
-2.7820470333099365, 3.2487056255340576
-2.7144486904144287, 3.261051893234253
-2.648790121078491, 3.2406165599823
-2.570045232772827, 3.1833255290985107
-2.4638612270355225, 3.093831777572632
-2.3520257472991943, 2.848928213119507
-2.3282477855682373, 2.7983920574188232
-2.2698819637298584, 2.6188933849334717
-2.210792303085327, 2.5406367778778076
-2.153212308883667, 2.4163968563079834
-2.149927854537964, 2.356762647628784
-2.137471914291382, 2.3281800746917725
-2.0694310665130615, 2.232271909713745
-2.0227572917938232, 2.1294233798980713
-1.9474246501922607, 1.9649475812911987
-1.917799711227417, 1.9010037183761597
-1.822479486465454, 1.8900855779647827
-1.8277404308319092, 1.951762080192566
-1.834960699081421, 1.9832843542099
-1.8709871768951416, 2.061424493789673
-1.896996259689331, 2.116894483566284
-1.919722318649292, 2.1684277057647705
-1.946969747543335, 2.226733446121216
-1.9707467555999756, 2.2808034420013428
-2.3042819499969482, 3.0087316036224365
-2.4451472759246826, 3.3159549236297607
-2.469367742538452, 3.3671987056732178
-2.474881887435913, 3.454763174057007
-2.3755528926849365, 3.5312764644622803
-2.2960927486419678, 3.5260274410247803
-2.2712562084198, 3.4727399349212646
-2.2532927989959717, 3.435511350631714
-2.1779258251190186, 3.4315316677093506
-2.1372220516204834, 3.4796159267425537
-2.0681440830230713, 3.542114019393921
-2.069317102432251, 3.647392988204956
-2.0053350925445557, 3.6841723918914795
-1.9803893566131592, 3.7382915019989014
-1.9271790981292725, 3.7616708278656006
-1.7996680736541748, 3.8256633281707764
-1.7093651294708252, 3.836545705795288
-1.6300928592681885, 3.8878285884857178
-1.5724766254425049, 3.916374921798706
-1.5392167568206787, 3.8707244396209717
-1.456096887588501, 3.8974664211273193
-1.40476393699646, 3.9025638103485107
-1.3812243938446045, 3.849752187728882
-1.3167331218719482, 3.7081096172332764
-1.200411081314087, 3.454909086227417
-1.1527597904205322, 3.334737539291382
-1.0998432636260986, 3.2171971797943115
-1.05185866355896, 3.113340139389038
-1.015071153640747, 3.050095319747925
-0.9843471646308899, 2.982355833053589
-0.93279629945755, 2.8535478115081787
-0.9176080822944641, 2.8185060024261475
-0.8718631863594055, 2.736274480819702
-0.7785390019416809, 2.7155873775482178
-0.7458508610725403, 2.8090856075286865
-0.8579614758491516, 3.055022954940796
-0.9350050091743469, 3.2235324382781982
-0.9629328846931458, 3.2889039516448975
-1.017951250076294, 3.4040582180023193
-1.0534350872039795, 3.481844663619995
-1.0900661945343018, 3.5619781017303467
-1.2722795009613037, 3.960439443588257
-1.2321231365203857, 3.9985997676849365
-1.1397793292999268, 4.033746719360352
-0.9798491597175598, 3.6824653148651123
-0.9027603268623352, 3.6835267543792725
-0.835552990436554, 3.6696555614471436
-0.7999556660652161, 3.5912673473358154
-0.7671883702278137, 3.524350881576538
-0.7992461323738098, 3.457756757736206
-0.8397424817085266, 3.3826940059661865
-0.8223188519477844, 3.3418214321136475
-0.7443998456001282, 3.171283483505249
-0.6578729748725891, 3.1488912105560303
-0.6116436123847961, 3.1139848232269287
-0.5532277226448059, 3.0518739223480225
-0.5164135098457336, 3.015523672103882
-0.48963239789009094, 2.9549663066864014
-0.45124462246894836, 2.8702971935272217
-0.40255239605903625, 2.764075994491577
-0.36804941296577454, 2.6919286251068115
-0.2747662365436554, 2.6685969829559326
-0.24392013251781464, 2.7608020305633545
-0.26725223660469055, 2.814610242843628
-0.41862180829048157, 3.1451709270477295
-0.47445371747016907, 3.266024351119995
-0.45948150753974915, 3.3308494091033936
-0.5185840725898743, 3.362607717514038
-0.5097630620002747, 3.447045087814331
-0.6126139760017395, 3.5671756267547607
-0.6462753415107727, 3.6421058177948
-0.7342985272407532, 3.833836317062378
-0.6848042607307434, 3.92490553855896
-0.6572192311286926, 4.013433456420898
-0.7072651982307434, 4.097562789916992
-0.6588094830513, 4.134176254272461
-0.5868237614631653, 4.152026176452637
-0.5053966641426086, 4.125777244567871
-0.4224269688129425, 4.079602241516113
-0.351974755525589, 3.921370267868042
-0.37839487195014954, 3.832463026046753
-0.3489997684955597, 3.786280393600464
-0.2861974537372589, 3.7804505825042725
-0.2543928921222687, 3.7081544399261475
-0.27608659863471985, 3.6208016872406006
-0.25331810116767883, 3.5762641429901123
-0.2298930138349533, 3.519061803817749
-0.185198113322258, 3.4202115535736084
-0.0816834419965744, 3.333031415939331
-0.12116031348705292, 3.2831571102142334
-0.1027391329407692, 3.2344233989715576
-0.029689593240618706, 3.2189509868621826
-0.05997542664408684, 3.1514079570770264
-0.040344517678022385, 3.1124064922332764
0.031910136342048645, 3.0847957134246826
0.0673033818602562, 3.0112340450286865
0.0900852233171463, 2.957512617111206
0.11255951225757599, 2.9106643199920654
0.0906030684709549, 2.820523977279663
0.10538788884878159, 2.7767064571380615
0.12069816887378693, 2.7416627407073975
0.2176630049943924, 2.679065465927124
0.30629271268844604, 2.6442277431488037
0.35544654726982117, 2.68308424949646
0.401778906583786, 2.762770414352417
0.3718416392803192, 2.831568479537964
0.3086106479167938, 2.970198392868042
0.2865006625652313, 3.0163447856903076
0.25296708941459656, 3.0929830074310303
0.2413899451494217, 3.117095708847046
0.22969456017017365, 3.1414296627044678
0.20593900978565216, 3.1907756328582764
0.1697065383195877, 3.2730329036712646
0.11926575750112534, 3.3847367763519287
0.0663740262389183, 3.5013978481292725
0.043877799063920975, 3.560006856918335
-0.06263426691293716, 3.7816121578216553
-0.11881332099437714, 3.916638135910034
-0.2250717133283615, 4.1364240646362305
-0.15479259192943573, 4.083263397216797
-0.12145690619945526, 4.007028579711914
-0.027009770274162292, 3.7982451915740967
-0.011984629556536674, 3.767646551132202
0.06318540871143341, 3.7516496181488037
0.12115927040576935, 3.632187604904175
0.1477787047624588, 3.5700900554656982
0.11512155830860138, 3.491159200668335
0.15439386665821075, 3.402574300765991
0.2051369696855545, 3.2976386547088623
0.24134941399097443, 3.215268850326538
0.27684423327445984, 3.1414639949798584
0.29938241839408875, 3.0876100063323975
0.35443374514579773, 2.9661481380462646
0.38652488589286804, 2.8991143703460693
0.46509191393852234, 2.8751838207244873
0.5056950449943542, 2.7902324199676514
0.5344502329826355, 2.7239291667938232
0.5537130236625671, 2.683619260787964
0.6552268862724304, 2.6706769466400146
0.741034209728241, 2.633573293685913
0.8135282397270203, 2.6529757976531982
0.9046341776847839, 2.641535520553589
1.0996015071868896, 2.6801507472991943
1.218322992324829, 2.6744754314422607
1.2684285640716553, 2.5595147609710693
1.2859265804290771, 2.5292232036590576
1.365497350692749, 2.4813573360443115
1.4113810062408447, 2.5491673946380615
1.3598473072052002, 2.672783613204956
1.4182298183441162, 2.674649953842163
1.4510152339935303, 2.6083028316497803
1.482802152633667, 2.534470319747925
1.5139906406402588, 2.4710309505462646
1.544128179550171, 2.4005486965179443
1.5884411334991455, 2.3099253177642822
1.6167051792144775, 2.243274450302124
1.6447346210479736, 2.185678720474243
1.6716196537017822, 2.1219351291656494
1.7115848064422607, 2.0394818782806396
1.7369029521942139, 1.9790724515914917
1.7871220111846924, 1.8749984502792358
1.8107578754425049, 1.8182295560836792
1.8687150478363037, 1.690289855003357
1.9346790313720703, 1.5457528829574585
1.987569808959961, 1.4353002309799194
2.0463685989379883, 1.3867939710617065
2.113722085952759, 1.413387656211853
2.294917106628418, 1.4271572828292847
2.38754940032959, 1.5494669675827026
2.4213240146636963, 1.594011664390564
2.595038414001465, 1.2318867444992065
2.9420864582061768, 0.47032052278518677
3.019754648208618, 0.2986801266670227
2.5331945419311523, 0.665245532989502
0.42387112975120544, -4.1016845703125
1.0800201892852783, -3.628756284713745
1.1894667148590088, -3.665123462677002
1.508789300918579, -3.9651670455932617
1.5745370388031006, -4.108291149139404
1.3693063259124756, -4.124879360198975
0.9838587641716003, -4.127378940582275
0.567999541759491, -4.128399848937988
0.4377691447734833, -4.119267463684082
-1.490014910697937, -1.7927407026290894
-1.4138551950454712, -1.722046136856079
0.14438076317310333, -2.0818917751312256
0.4149152934551239, -2.447506904602051
0.9205390810966492, -3.227857828140259
0.9445115923881531, -3.2863519191741943
1.0800201892852783, -3.628756284713745
0.42387112975120544, -4.1016845703125
0.06822605431079865, -3.69305157661438
-1.2389657497406006, -2.1038167476654053
-1.4138551950454712, -1.722046136856079
0.8538040518760681, 0.3828909397125244
2.232937812805176, 0.4684305787086487
2.334890365600586, 0.3591306805610657
2.311624050140381, 0.2848432660102844
2.158658266067505, 0.016259975731372833
2.1135268211364746, -0.05988091975450516
0.14438076317310333, -2.0818917751312256
2.232937812805176, 0.4684305787086487
2.4242098331451416, 0.48029404878616333
2.5636188983917236, 0.17472106218338013
2.334890365600586, 0.3591306805610657
0.8538040518760681, 0.3828909397125244
1.987569808959961, 1.4353002309799194
2.11715030670166, 1.4988855123519897
2.294917106628418, 1.4271572828292847
2.5331945419311523, 0.665245532989502
2.52555775642395, 0.6521642804145813
2.4242098331451416, 0.48029404878616333
-0.881013810634613, 3.1046319007873535
-0.7443998456001282, 3.171283483505249
-0.6578729748725891, 3.1488912105560303
-0.6116436123847961, 3.1139848232269287
-0.5164135098457336, 3.015523672103882
-0.4629230797290802, 2.8960554599761963
-0.7458508610725403, 2.8090856075286865
-1.0995097160339355, 3.58247971534729
-0.9798491597175598, 3.6824653148651123
-0.9027603268623352, 3.6835267543792725
-0.835552990436554, 3.6696555614471436
-0.7671883702278137, 3.524350881576538
-0.7443998456001282, 3.171283483505249
-0.881013810634613, 3.1046319007873535
-1.017951250076294, 3.4040582180023193
-1.2722795009613037, 3.960439443588257
-1.2321231365203857, 3.9985997676849365
-1.1397793292999268, 4.033746719360352
-0.9798491597175598, 3.6824653148651123
-1.0995097160339355, 3.58247971534729
-0.7342985272407532, 3.833836317062378
-0.7072651982307434, 4.097562789916992
-0.6588094830513, 4.134176254272461
-0.5868237614631653, 4.152026176452637
-0.5053966641426086, 4.125777244567871
-0.4224269688129425, 4.079602241516113
0.0673033818602562, 3.0112340450286865
0.11255951225757599, 2.9106643199920654
0.11860237270593643, 2.7464599609375
-0.24392013251781464, 2.7608020305633545
-0.6126139760017395, 3.5671756267547607
-0.2250717133283615, 4.1364240646362305
-0.15479259192943573, 4.083263397216797
0.06318540871143341, 3.7516496181488037
0.12115927040576935, 3.632187604904175
0.5056950449943542, 2.7902324199676514
0.5422208309173584, 2.7076683044433594
0.401778906583786, 2.762770414352417
0.20593900978565216, 3.1907756328582764
1.2124322652816772, 0.7157848477363586
1.3598473072052002, 2.672783613204956
1.4182298183441162, 2.674649953842163
1.4510152339935303, 2.6083028316497803
1.5884411334991455, 2.3099253177642822
1.7871220111846924, 1.8749984502792358
1.987569808959961, 1.4353002309799194
0.30629271268844604, 2.6442277431488037
0.401778906583786, 2.762770414352417
1.218322992324829, 2.6744754314422607
1.365497350692749, 2.4813573360443115
1.2124322652816772, 0.7157848477363586
0.3147117793560028, -0.11751724779605865
-0.4233505129814148, 1.4061636924743652
-0.2747662365436554, 2.6685969829559326
-0.24392013251781464, 2.7608020305633545
0.11860237270593643, 2.7464599609375
0.30629271268844604, 2.6442277431488037
0.3147117793560028, -0.11751724779605865
0.05527917668223381, -0.3583335280418396
-0.7785390019416809, 2.7155873775482178
-0.7458508610725403, 2.8090856075286865
-0.4629230797290802, 2.8960554599761963
-0.2747662365436554, 2.6685969829559326
-0.4233505129814148, 1.4061636924743652
-2.1779258251190186, 3.4315316677093506
-2.069317102432251, 3.647392988204956
-1.9803893566131592, 3.7382915019989014
-1.7996680736541748, 3.8256633281707764
-1.5724766254425049, 3.916374921798706
-1.40476393699646, 3.9025638103485107
-0.7785390019416809, 2.7155873775482178
0.05527917668223381, -0.3583335280418396
-0.1114467903971672, -0.5130956172943115
-2.474881887435913, 3.454763174057007
-2.3755528926849365, 3.5312764644622803
-2.2960927486419678, 3.5260274410247803
-2.1779258251190186, 3.4315316677093506
-0.1114467903971672, -0.5130956172943115
-0.1946694254875183, -0.5903463959693909
-1.822479486465454, 1.8900855779647827
-2.469367742538452, 3.3671987056732178
-2.1172866821289062, 1.7781338691711426
-1.917799711227417, 1.9010037183761597
-1.822479486465454, 1.8900855779647827
-0.1946694254875183, -0.5903463959693909
-0.26357173919677734, -0.6543044447898865
-2.838524580001831, 3.2274463176727295
-2.7820470333099365, 3.2487056255340576
-2.7144486904144287, 3.261051893234253
-2.648790121078491, 3.2406165599823
-2.570045232772827, 3.1833255290985107
-2.4638612270355225, 3.093831777572632
-2.3282477855682373, 2.7983920574188232
-2.153212308883667, 2.4163968563079834
-1.917799711227417, 1.9010037183761597
-2.1172866821289062, 1.7781338691711426
-2.3543803691864014, 2.089247465133667
-2.6853725910186768, 2.1668295860290527
-2.5946223735809326, 2.2327182292938232
-2.4905965328216553, 2.1728432178497314
-2.3543803691864014, 2.089247465133667
-0.26357173919677734, -0.6543044447898865
-0.8286255598068237, -1.1788111925125122
-1.1194398403167725, -1.2720109224319458
-1.4725306034088135, -0.5042816996574402
-2.0214273929595947, 0.6936090588569641
-2.1730239391326904, 1.0294288396835327
-3.0579278469085693, 2.9938924312591553
-3.0495517253875732, 3.059777021408081
-2.9952008724212646, 3.108046293258667
-2.6524274349212646, 2.530857801437378
-2.5946223735809326, 2.2327182292938232
-2.6853725910186768, 2.1668295860290527
-1.5511553287506104, -1.7077406644821167
-1.5138328075408936, -1.6664751768112183
-1.1194398403167725, -1.2720109224319458
-0.8286255598068237, -1.1788111925125122
-1.490014910697937, -1.7927407026290894
-1.5227997303009033, -1.7681480646133423
