0.09548291563987732, -0.0036040963605046272
0.06538164615631104, -0.17530886828899384
-0.023573799058794975, -0.15275201201438904
-0.0899956002831459, -0.08828671276569366
-0.13388408720493317, -0.026328440755605698
-0.18578985333442688, 0.12309986352920532
0.05261099338531494, 0.14638255536556244
-0.18578985333442688, 0.12309986352920532
0.05261099338531494, 0.14638255536556244
0.09548291563987732, -0.0036040963605046272
0.06538164615631104, -0.17530886828899384
-0.023573799058794975, -0.15275201201438904
-0.0899956002831459, -0.08828671276569366
-0.13388408720493317, -0.026328440755605698
