-1.1093096733093262, -1.0053637027740479
-0.9700855612754822, -0.8321422934532166
0.9375396966934204, 1.0681118965148926
1.0082300901412964, 1.1061221361160278
1.0932155847549438, 1.0241358280181885
1.0352648496627808, 0.9360297918319702
0.6686190366744995, 0.544818103313446
-0.8572688102722168, -0.9646920561790466
-0.9902995824813843, -1.087013602256775
-1.1093096733093262, -1.0053637027740479
-0.9700855612754822, -0.8321422934532166
0.9375396966934204, 1.0681118965148926
1.0082300901412964, 1.1061221361160278
1.0932155847549438, 1.0241358280181885
1.0352648496627808, 0.9360297918319702
0.6686190366744995, 0.544818103313446
-0.8572688102722168, -0.9646920561790466
-0.9902995824813843, -1.087013602256775
