-0.7603461146354675, -0.6321500539779663
-0.584887683391571, -0.45521387457847595
-0.04654119908809662, 0.08659098297357559
0.8586726784706116, 0.9817094206809998
1.0017017126083374, 1.1003233194351196
1.0764598846435547, 1.1502556800842285
1.1398018598556519, 1.076206922531128
1.07038152217865, 0.9937986135482788
0.8445433974266052, 0.7355849146842957
0.7831395864486694, 0.6702220439910889
0.23956909775733948, 0.10756055265665054
-0.5784857869148254, -0.714297890663147
-0.7016883492469788, -0.837562084197998
-0.860771119594574, -0.9750012755393982
-0.9389570951461792, -0.915110170841217
-0.9524266719818115, -0.8495245575904846
-0.9524266719818115, -0.8495245575904846
-0.7603461146354675, -0.6321500539779663
-0.584887683391571, -0.45521387457847595
-0.04654119908809662, 0.08659098297357559
0.8586726784706116, 0.9817094206809998
1.0017017126083374, 1.1003233194351196
1.0764598846435547, 1.1502556800842285
1.1398018598556519, 1.076206922531128
1.07038152217865, 0.9937986135482788
0.8445433974266052, 0.7355849146842957
0.7831395864486694, 0.6702220439910889
0.23956909775733948, 0.10756055265665054
-0.5784857869148254, -0.714297890663147
-0.7016883492469788, -0.837562084197998
-0.860771119594574, -0.9750012755393982
-0.9389570951461792, -0.915110170841217
