-0.01639377798355371, 0.021650285079235863
-0.011581458476772458, 0.02766915834135198
-0.004543187319252219, 0.03647207801903066
0.011403188338594144, 0.056416558833204
0.02316487976284472, 0.07112716354906418
0.10397687859666732, 0.17220049800943202
0.17013368511600352, 0.2549442629039108
0.2040751044086898, 0.16654825371271875
0.1542549969657849, 0.10039335816940377
0.09162002006848474, 0.042980041421481756
0.05968544083103587, -0.03383520210019056
-0.015040644343043363, -0.0755394272976204
-0.09763316519756278, -0.11475463039298008
-0.09763316519756278, -0.11475463039298008
-0.01639377798355371, 0.021650285079235863
0.17013368511600352, 0.2549442629039108
0.2040751044086898, 0.16654825371271875
0.05968544083103587, -0.03383520210019056
-0.015040644343043363, -0.0755394272976204
