-0.07132374354692139, -0.10678321098782792
-0.03539888138657266, -0.01696563166651814
-0.037586919627562984, 0.04033765867931292
-0.03413642555558625, 0.11437883795675972
-0.04518454403527292, 0.21041412545153573
0.03597616993536724, 0.21499103293327976
0.06069375809933429, -0.15749474213941408
-0.01887508321759637, -0.14870678321042552
-0.07132374354692139, -0.10678321098782792
-0.04518454403527292, 0.21041412545153573
0.03597616993536724, 0.21499103293327976
0.06069375809933429, -0.15749474213941408
-0.01887508321759637, -0.14870678321042552
