-0.1497084878686081, 0.12007620606277568
-0.07367524075623436, 0.17510746127675714
-0.029636575194805247, 0.11426198849748781
-0.007617242414090692, 0.08383925210785315
0.014402090366623863, 0.05341651571821848
0.0579602498495745, -0.006765071833249077
0.060917266941750606, -0.07935324625295596
0.004712667791114462, -0.0361416648639358
-0.051464663792543136, 0.01853596347158898
-0.09280710697585547, 0.052424368682304066
-0.1497084878686081, 0.12007620606277568
-0.07367524075623436, 0.17510746127675714
0.0579602498495745, -0.006765071833249077
0.060917266941750606, -0.07935324625295596
0.004712667791114462, -0.0361416648639358
-0.09280710697585547, 0.052424368682304066
