-0.13949288899467704, -0.05051835748928119
-0.06724092786103354, 0.02126469889236273
-0.017218882645735706, 0.04263968048363984
-0.023669754278312877, 0.13222450390978102
0.07484245664992502, 0.18337982303683137
0.18675901933812764, 0.1743426364277218
0.25917751533839806, 0.18628182023958378
0.19623902379616193, 0.1294952541489317
0.15202300757905796, 0.09631491988086191
0.12824911587878565, 0.006082378292213662
0.07108918551896608, -0.07390215879317548
0.11471181970833272, -0.16232233476017585
0.007979914990227415, -0.24311917678945896
-0.1015612122282711, -0.193254437343207
-0.155036034620983, -0.16959383888762924
-0.21160083725116557, -0.11508696542564353
-0.21160083725116557, -0.11508696542564353
-0.023669754278312877, 0.13222450390978102
0.07484245664992502, 0.18337982303683137
0.25917751533839806, 0.18628182023958378
0.11471181970833272, -0.16232233476017585
0.007979914990227415, -0.24311917678945896
-0.155036034620983, -0.16959383888762924
