-0.04407469968166858, 0.1423030085168949
0.0121678666351205, 0.16222939018411608
0.0914628202303676, 0.16182643384461398
0.09072583444981089, 0.01680016786805432
0.09024289997575993, -0.07823312223159692
0.07710406565665462, -0.23295329378317248
-0.02324126927838937, -0.2171048811035249
-0.10712441092057626, -0.20036108968193606
-0.11042102178042379, -0.12099185861417916
-0.12143610682815714, 0.14420742257273508
-0.12143610682815714, 0.14420742257273508
0.0121678666351205, 0.16222939018411608
0.0914628202303676, 0.16182643384461398
0.09024289997575993, -0.07823312223159692
0.07710406565665462, -0.23295329378317248
-0.02324126927838937, -0.2171048811035249
-0.10712441092057626, -0.20036108968193606
