-0.12929724029957623, 0.04307482963103047
-0.09336641820585251, 0.10055681098935079
0.008775529933304712, 0.08805797603552865
0.06935140918718692, 0.07277108568497147
0.12841875105477, 0.07964803955592446
0.10293689023985798, -0.05944566403486638
0.03194356128820302, -0.05548106457921809
-0.013116722347757341, -0.09460020586677408
-0.08116702982497814, -0.09330605976945726
-0.12744678360600759, -0.0206186691243947
-0.12929724029957623, 0.04307482963103047
-0.09336641820585251, 0.10055681098935079
0.12841875105477, 0.07964803955592446
0.10293689023985798, -0.05944566403486638
-0.013116722347757341, -0.09460020586677408
-0.08116702982497814, -0.09330605976945726
-0.12744678360600759, -0.0206186691243947
