-0.06034720632229975, 0.014543568114236698
-0.0475967115099098, 0.07784467230948797
0.0090082941708669, 0.0863583613016871
0.06741242842474196, -0.013958331890582446
0.10337967134381752, -0.15649381231221218
0.03887474649315562, -0.15360701150065809
-5.550963143530919E-4, -0.10395133013505953
-0.029686020958421377, -0.05083058468091998
-0.06034720632229975, 0.014543568114236698
-0.0475967115099098, 0.07784467230948797
0.0090082941708669, 0.0863583613016871
0.06741242842474196, -0.013958331890582446
0.10337967134381752, -0.15649381231221218
0.03887474649315562, -0.15360701150065809
-5.550963143530919E-4, -0.10395133013505953
-0.029686020958421377, -0.05083058468091998
