-0.3821214433559934, -0.2340869410452932
-0.31053391087054716, -0.12101939697064673
-0.2650474511232781, -0.049176687580997656
-0.19127617657687496, 0.017694001541153647
-0.12530689835600045, 0.11689434816284866
-0.0928342701023199, 0.16572459256384392
-0.07103157033483401, 0.19851008654760205
-0.059735905708766225, 0.21549577862197394
-0.054346695133807764, 0.22359972596642158
-0.04270591334893088, 0.24110438296965522
-0.035040656913310785, 0.2526309013106893
0.021825224433139362, 0.3381421467366098
0.07640150263487186, 0.4202104345964091
0.15275576103863533, 0.36943404633241067
0.16200153952997914, 0.36498158003760306
0.2496286426882272, 0.32574286650482
0.2980716056205997, 0.30763010746649233
0.38706754422097867, 0.23386247375573976
0.3717932319997921, 0.17466085934440095
0.3230141737955146, 0.10781497248938275
0.3047252644184848, 0.05694237561841742
0.2549229847597341, 0.018984632758554356
0.23610212800188504, 0.0030932454008864383
0.21860361292358713, -0.011727418154116528
0.21314521332897812, -0.016366658110083525
0.16332800319341462, -0.08678324214030284
0.1625835120225247, -0.16879386914783007
0.07307264800805596, -0.2126125802927048
0.055125847296165105, -0.3095452728575811
0.031612800789532984, -0.36051719804690513
-0.03350504954222022, -0.37250613185189796
-0.12906794337505717, -0.4173006543794461
-0.19580204199663612, -0.3763991492632274
-0.2308265125592362, -0.35493255884694785
-0.24253138499865926, -0.34775861164672384
-0.2930051230852542, -0.3168231244036851
-0.3821214433559934, -0.2340869410452932
-0.2650474511232781, -0.049176687580997656
0.07640150263487186, 0.4202104345964091
0.2980716056205997, 0.30763010746649233
0.38706754422097867, 0.23386247375573976
0.3717932319997921, 0.17466085934440095
0.3047252644184848, 0.05694237561841742
0.1625835120225247, -0.16879386914783007
0.031612800789532984, -0.36051719804690513
-0.12906794337505717, -0.4173006543794461
-0.2930051230852542, -0.3168231244036851
