0.4687878384369777, 0.5483522049560252
0.40423911559138315, 0.47358727740322204
0.32952777050447823, 0.3444900244320665
0.27061894597693026, 0.2621800673406712
0.22252637565672231, 0.20947957082874527
0.19563418676829683, 0.13192833415222618
0.202373721362634, 0.08285869635018328
0.23620083945186582, 0.003631518229506246
0.25203281926950155, -0.027041800374149584
0.29258491947133924, -0.07973733445739516
0.37700311846720397, -0.13048016236851465
0.4170459834041412, -0.18133592399386086
0.46475726251984106, -0.18639144824851223
0.5576797728957956, -0.19440581189038367
0.6352592214350169, -0.21979615259407978
0.5257913295793375, -0.2568852259621558
0.4642263340269576, -0.27472700585957577
0.40969632209524326, -0.2885967172891034
0.3289667689523265, -0.30722102373687016
0.275491242515427, -0.3137477833855218
0.19587015631354815, -0.3140383908332862
0.10932846009998719, -0.33936931612364973
0.03576469294383438, -0.3584557806670685
-0.022857129395958152, -0.3588618592476605
-0.10116074449441441, -0.35699131158672137
-0.17679614291107487, -0.37441031268475916
-0.40292299458673414, -0.3928659138872307
-0.5238764600474857, -0.40060388221731025
-0.5841005196813759, -0.3591848089921112
-0.5990718585166291, -0.25759903809802476
-0.5580858981241953, -0.19687460911034232
-0.5192501965151538, -0.15911421836166478
-0.458712553155968, -0.1151558962294229
-0.39403335899751935, -0.02106031699461958
-0.3578974625930564, 0.02099712424049402
-0.3044681297028329, 0.08237477143927698
-0.23945566880013422, 0.1390798655469187
-0.19703955736802134, 0.19775016968874545
-0.13704889097544942, 0.25558366380175235
-0.07355919279104613, 0.32163327968976646
-0.01928057198655105, 0.37956356524998636
0.035610392499751606, 0.44252048829924934
0.07425943953461642, 0.47987973606310236
0.11239393131734003, 0.5176140196523722
0.17657536589706146, 0.578548655742104
0.22225614837187999, 0.6186627003082954
0.28084279289530883, 0.6206304194711916
0.3800116634021903, 0.6248774810430093
0.4579278849189943, 0.6346379160657691
-0.5990718585166291, -0.25759903809802476
-0.5580858981241953, -0.19687460911034232
-0.40995685453761543, -0.044225889104525504
0.202373721362634, 0.08285869635018328
0.6352592214350169, -0.21979615259407978
0.5257913295793375, -0.2568852259621558
0.4642263340269576, -0.27472700585957577
0.40969632209524326, -0.2885967172891034
0.3289667689523265, -0.30722102373687016
0.03576469294383438, -0.3584557806670685
-0.40292299458673414, -0.3928659138872307
-0.5238764600474857, -0.40060388221731025
-0.5841005196813759, -0.3591848089921112
-0.40995685453761543, -0.044225889104525504
-0.39403335899751935, -0.02106031699461958
-0.3578974625930564, 0.02099712424049402
-0.3044681297028329, 0.08237477143927698
-0.19703955736802134, 0.19775016968874545
0.035610392499751606, 0.44252048829924934
0.11239393131734003, 0.5176140196523722
0.17657536589706146, 0.578548655742104
0.22225614837187999, 0.6186627003082954
0.4579278849189943, 0.6346379160657691
0.4687878384369777, 0.5483522049560252
0.202373721362634, 0.08285869635018328
