-0.1052989325105668, -0.17096976557350724
-0.09143946441448747, -0.09134834264012637
-0.09700009639106758, -0.017629836522847487
-0.09138882891816061, 0.05670876045980258
-0.08909707571891241, 0.12819974532896194
0.005480018419025576, 0.16154477303967793
0.10694137055289421, 0.17880495631185214
0.10259787757662896, 0.0968836920177821
0.08191555839656339, 0.030347192571087003
0.0882896021407855, -0.019332994162484032
0.078839158565076, -0.09638549073235565
0.07911409860181973, -0.10319113007904167
0.08181477787848238, -0.1348489423525338
0.11370935526901908, -0.21616082628894603
0.11508940921295788, -0.29669795940336857
0.061691427660547776, -0.2137091757829109
0.043934693847673366, -0.21127857359188207
0.037186079685164714, -0.21056967062242005
-0.023153482009338214, -0.20915538594527036
-0.1052989325105668, -0.17096976557350724
-0.09700009639106758, -0.017629836522847487
-0.08909707571891241, 0.12819974532896194
0.005480018419025576, 0.16154477303967793
0.10694137055289421, 0.17880495631185214
0.11508940921295788, -0.29669795940336857
