-0.1595271265198146, 0.03525675542464361
-0.09534961944689463, 0.045729019346362566
-0.004232716778831127, 0.012567021123211022
0.09379107438330217, -0.012239700418240521
0.1830964245579003, -0.04269000112659723
0.25181929171119655, -0.09759819085589516
0.140425194262357, -0.062363990597361585
0.11282094626210006, -0.0536327056881771
0.055900566704811375, -0.035628663301332096
0.046678471850353925, -0.032711694230736776
0.03603867446954859, -0.029346302704514382
0.02511866588997761, -0.02589227975420305
0.0024606230013377722, -0.01872549049975952
-0.008752885106321148, -0.015178632997301607
-0.025886026539339486, -0.009759382335604756
-0.04301916797235782, -0.0043401316739079075
-0.1595271265198146, 0.03525675542464361
-0.09534961944689463, 0.045729019346362566
0.09379107438330217, -0.012239700418240521
0.1830964245579003, -0.04269000112659723
0.25181929171119655, -0.09759819085589516
-0.04301916797235782, -0.0043401316739079075
