0.06606566794951074, 0.019472006455800335
0.05059186799006464, -0.002562201545008349
0.04325529972720707, -0.028776358488567685
0.03598242111678272, -0.0888133963779909
0.0632060234007124, -0.20087435624406202
-0.008295372710249199, -0.23547035512607342
-0.07946063509280253, -0.25441841435155516
-0.15431066400308663, -0.24481049179340475
-0.2553852790699078, -0.25594775459666885
-0.26372682457201724, -0.1599685573002664
-0.23493900747381502, -0.11277079237254914
-0.20615119037561283, -0.06557302744483189
-0.1376313762699268, 0.04676553813723919
-0.11915892128669583, 0.07705121714382222
-0.10068646630346487, 0.10733689615040526
-0.03573095237583627, 0.21383177440592732
0.02545575844862679, 0.17651153598461994
0.0748333224202909, 0.19021831184324703
0.1614256285018453, 0.19701503963473974
0.19277006174726635, 0.15623064599894845
0.19977120444641122, 0.05932292267248839
0.14740190644310344, -0.030959175502852092
-0.26372682457201724, -0.1599685573002664
-0.11477854463944598, 0.08423286577617622
0.05059186799006464, -0.002562201545008349
0.0632060234007124, -0.20087435624406202
-0.008295372710249199, -0.23547035512607342
-0.07946063509280253, -0.25441841435155516
-0.2553852790699078, -0.25594775459666885
-0.11477854463944598, 0.08423286577617622
-0.03573095237583627, 0.21383177440592732
0.1614256285018453, 0.19701503963473974
0.19277006174726635, 0.15623064599894845
0.19977120444641122, 0.05932292267248839
0.14740190644310344, -0.030959175502852092
0.05059186799006464, -0.002562201545008349
