-0.1272685778575976, 0.12789301958207494
-0.06920598882859463, 0.1657057361931096
0.08330067066713237, 0.2219729330825409
0.1365833492892647, 0.28558056297621476
0.18839694525629386, 0.2819787683268211
0.3214275079116762, 0.2727312193035324
0.31712410002844316, 0.2108245702443735
0.3564055248658853, 0.12642847401087012
0.37684727118777317, 0.05710632682134891
0.42382571510654016, 0.02978865142429167
0.3502252601996948, -0.09228776425078389
0.3028001496639059, -0.17094879310625796
0.24506541526989728, -0.10619041410706286
0.19744989945713348, -0.1232650449768212
0.17934993319762388, -0.1306032392397371
0.11898969156458639, -0.15507484170071179
0.018924407190564704, -0.19564389498967577
-0.040865000315311636, -0.2198840665376337
-0.17133044137504916, -0.2727781292870799
-0.207093168952686, -0.17676363392795313
-0.22761045230700944, -0.12585913392976622
-0.2934772117386798, 0.0673192319734997
-0.2934772117386798, 0.0673192319734997
0.1365833492892647, 0.28558056297621476
0.3214275079116762, 0.2727312193035324
0.42382571510654016, 0.02978865142429167
0.3028001496639059, -0.17094879310625796
-0.17133044137504916, -0.2727781292870799
-0.22761045230700944, -0.12585913392976622
