-0.14680475443013996, 0.004401900820399369
-0.09027807494538859, 0.08621677348437687
-0.07626229010725805, 0.18476317992541946
0.0217823379262478, 0.21347711274731002
0.068791117969889, 0.10492229610082832
0.10998396167097553, 0.02127544084443111
0.09355527236085863, -0.047179372265113394
0.04159406416946265, -0.12285904158766851
0.0577110277749554, -0.18446750824609737
0.05757350052036364, -0.3199366750467984
-0.014664848392586156, -0.2882441054155969
-0.07136863137679866, -0.22112186642643192
-0.09049827950948355, -0.130692441436031
-0.14680475443013996, 0.004401900820399369
-0.07626229010725805, 0.18476317992541946
0.0217823379262478, 0.21347711274731002
0.10998396167097553, 0.02127544084443111
0.05757350052036364, -0.3199366750467984
-0.014664848392586156, -0.2882441054155969
-0.07136863137679866, -0.22112186642643192
