-0.17546089726580416, -0.09807345809588877
-0.12410216389745492, -0.033068490115373717
-0.05535358116093746, 0.021661540442558976
-0.03603691538638941, 0.041201260341756515
0.00879323179938824, 0.10661844219269224
0.06022576941737863, 0.1346410683589769
0.13714309271595948, 0.21471682796104843
0.19140062662696214, 0.15546467087244295
0.21979165377098256, 0.10631174357873134
0.1244555482842412, -0.0342330424483481
0.06497989427559334, -0.09639521263035636
0.040541983982383456, -0.12193698369382854
0.016104073689173572, -0.1474787547573007
0.001470185047603682, -0.16277365636577326
-0.013163703593966208, -0.1780685579742458
-0.029173975106935264, -0.19480201368882497
-0.04518424661990432, -0.21153546940340412
-0.09763459978281736, -0.26635500579631816
-0.22020529801603664, -0.13891861747848067
-0.22020529801603664, -0.13891861747848067
-0.12410216389745492, -0.033068490115373717
0.00879323179938824, 0.10661844219269224
0.13714309271595948, 0.21471682796104843
0.19140062662696214, 0.15546467087244295
0.21979165377098256, 0.10631174357873134
0.1244555482842412, -0.0342330424483481
-0.013163703593966208, -0.1780685579742458
-0.09763459978281736, -0.26635500579631816
