-0.11697236786524842, -0.05345338282441628
-0.0755902139306138, 0.02145388113188372
-0.041841543132440956, 0.08254351401194487
0.02774282059487133, 0.1550818447763537
0.08758276273967372, 0.13439395719662126
0.12086264017111868, 0.0780897441855702
0.12457597716935588, 0.0015140248127119586
0.08217286719263339, -0.028176436114853563
0.07070834507746998, -0.12378108879589693
0.0074246637813058895, -0.17515501613466217
0.031101114092693442, -0.2333332124186135
-0.023994574627309057, -0.22768362481469234
-0.11903132846361501, -0.15529695661051304
-0.11903132846361501, -0.15529695661051304
-0.11697236786524842, -0.05345338282441628
-0.041841543132440956, 0.08254351401194487
0.02774282059487133, 0.1550818447763537
0.08758276273967372, 0.13439395719662126
0.12086264017111868, 0.0780897441855702
0.12457597716935588, 0.0015140248127119586
0.031101114092693442, -0.2333332124186135
-0.023994574627309057, -0.22768362481469234
