0.4462902843952179, -0.022611448541283607
0.5812347531318665, 0.06397409737110138
0.7398867011070251, 0.07026617974042892
1.1067014932632446, 0.07057922333478928
1.8566867113113403, 0.07074606418609619
2.08476185798645, 0.06911783665418625
2.6614506244659424, 0.06372997909784317
2.7554914951324463, 0.05928491801023483
2.776085376739502, -0.0405975878238678
2.5836827754974365, -0.058402594178915024
0.40144670009613037, -0.05937713384628296
0.40144670009613037, -0.05937713384628296
0.4462902843952179, -0.022611448541283607
0.5812347531318665, 0.06397409737110138
0.7398867011070251, 0.07026617974042892
1.1067014932632446, 0.07057922333478928
1.8566867113113403, 0.07074606418609619
2.08476185798645, 0.06911783665418625
2.6614506244659424, 0.06372997909784317
2.7554914951324463, 0.05928491801023483
2.776085376739502, -0.0405975878238678
2.5836827754974365, -0.058402594178915024
