1.953808448654063E-4, 8.382787625773873E-5
0.06499675226082544, 0.006840686485519418
0.07952912181612493, -0.05755947658659653
0.14414513457880937, -0.1134573629366598
0.16029376812029913, -0.19714133531021094
0.19801111819535983, -0.2655446328168625
0.21636397988721473, -0.36105006001614065
0.15445428316262974, -0.29732356695073375
0.11703112339818093, -0.2340654454124998
0.07152291280535218, -0.1926191774522615
0.03609532603475848, -0.14021348639320821
1.953808448654063E-4, 8.382787625773873E-5
0.06499675226082544, 0.006840686485519418
0.14414513457880937, -0.1134573629366598
0.19801111819535983, -0.2655446328168625
0.21636397988721473, -0.36105006001614065
0.15445428316262974, -0.29732356695073375
0.07152291280535218, -0.1926191774522615
0.03609532603475848, -0.14021348639320821
