-0.20676789332172893, 0.3118723685572618
-0.154988872521082, 0.22633124631455317
-0.0758561792313587, 0.18993449734230614
-0.05182759783072625, 0.10550853048566482
0.03651541056506875, 0.003926558433652829
0.09612728915720266, -0.00859997802192577
0.12628208223499962, -0.10999754345100897
0.1680657960210141, -0.15738435031048864
0.23219505418242278, -0.23302338612362095
0.2883309325454425, -0.31299510171561523
0.2617611194905945, -0.38850899106241
0.1927173492644296, -0.3172084018788222
0.15855739271995575, -0.24182140826674928
0.10211106854759457, -0.20830304504283173
0.05049309346537513, -0.14665635706827865
0.008238078855361663, -0.06268019626102247
-0.00827297888613287, -0.044057267062998146
-0.06042752138191445, 0.010795787888151779
-0.11964861037633573, 0.08198963200931536
-0.1499625025694859, 0.15176750486458584
-0.21455513257537362, 0.21734506657284075
-0.2676358854032118, 0.2901052104002711
-0.2676358854032118, 0.2901052104002711
-0.20676789332172893, 0.3118723685572618
-0.0758561792313587, 0.18993449734230614
0.09612728915720266, -0.00859997802192577
0.2883309325454425, -0.31299510171561523
0.2617611194905945, -0.38850899106241
0.1927173492644296, -0.3172084018788222
0.05049309346537513, -0.14665635706827865
-0.11964861037633573, 0.08198963200931536
