-0.09651604283801064, 0.004195742828033442
-0.03702199967990987, 0.0623091073367011
0.04440132563893832, 0.07487240421989619
0.09042499500415808, 0.10349034482693205
0.14355393772045338, 0.15160418382037025
0.17895859472811457, 0.1049938405725446
0.15406591331953384, 0.03964558958548213
0.08586731465200467, -0.00440202202197288
-0.002961001423523334, -0.04657104546480518
-0.05761632155219565, -0.06395934312123168
-0.18945736564894505, -0.12820334034204064
-0.19632066924568498, -0.0419265994447835
-0.19632066924568498, -0.0419265994447835
-0.03702199967990987, 0.0623091073367011
0.14355393772045338, 0.15160418382037025
0.17895859472811457, 0.1049938405725446
0.15406591331953384, 0.03964558958548213
0.08586731465200467, -0.00440202202197288
-0.002961001423523334, -0.04657104546480518
-0.18945736564894505, -0.12820334034204064
