-0.016819413053642276, 0.027988357370350422
0.004383759340301029, 0.08853753325273465
0.035720018423665345, 0.16692200249239234
0.06842188909728235, 0.11513144823890109
0.044675893203750136, 0.06017003548887858
-0.01622936957342968, -0.08570938921541847
-0.001388949298018808, -0.17223621240255796
-0.06861042647412503, -0.06603424834609162
-0.06861042647412503, -0.06603424834609162
0.035720018423665345, 0.16692200249239234
0.06842188909728235, 0.11513144823890109
-0.001388949298018808, -0.17223621240255796
