-0.20671110489455286, 0.2576709462755493
-0.07452554774728128, 0.11255124451815127
-0.02777270204219473, 0.06489767603625163
0.0245386399098469, 0.007428053353038247
0.08060009835080062, -0.07452489024635628
0.14708247870761057, -0.11951601595015522
0.18739353199792325, -0.16352123487697884
0.2422629478985098, -0.21694803975949026
0.2888161487121816, -0.28002717961280904
0.3588733490238976, -0.3459472088054837
0.23904787326013294, -0.31111127039702025
0.18656485048173482, -0.22309935446483564
0.1239885447087464, -0.19643818384087147
0.08990840556138727, -0.12141162855754871
0.014815995451646552, -0.08094020660933045
-0.019561044159496836, -0.004567791974457718
-0.04603860360237595, 0.024026811021660616
-0.17015377454749117, 0.15588117260614462
-0.29996806585485025, 0.30239411908599884
-0.29996806585485025, 0.30239411908599884
-0.20671110489455286, 0.2576709462755493
0.2422629478985098, -0.21694803975949026
0.3588733490238976, -0.3459472088054837
0.23904787326013294, -0.31111127039702025
0.1239885447087464, -0.19643818384087147
0.014815995451646552, -0.08094020660933045
