0.04788260765703439, 0.14709801099142197
0.07149256552338364, 0.2243917291429234
0.11078219435672718, 0.30242088143626167
0.1610626055089092, 0.28278345068019045
0.14411887532125908, 0.20658527589283374
0.12421115886548066, 0.1478297004683469
0.07523341634155634, 0.09845182553915678
0.04788260765703439, 0.14709801099142197
0.07149256552338364, 0.2243917291429234
0.11078219435672718, 0.30242088143626167
0.1610626055089092, 0.28278345068019045
0.14411887532125908, 0.20658527589283374
0.12421115886548066, 0.1478297004683469
0.07523341634155634, 0.09845182553915678
