-0.6180760650216601, -0.14804949755655733
-0.5655641195712948, -0.17569643282154693
-0.5213939411281877, -0.22072441669577678
-0.4600282715934014, -0.23073701898725155
-0.40821134129734576, -0.18162375224335334
-0.4276263181638925, -0.12846594943728679
-0.4412524318530083, -0.11150327995527297
-0.518952507008406, -0.08344662226693064
-0.5538862216676764, 0.019383500094047306
-0.5543593204960914, 0.10012420277537734
-0.5266834756371046, 0.1556214983689802
-0.43352571040329035, 0.15981612077029791
-0.33296360941044234, 0.13775888899258895
-0.27518032508841794, 0.11426945263403633
-0.20020356346337473, 0.04165918065887126
-0.10185249381651112, 0.013775322637901277
-0.03817467909266072, 0.010034454608156346
-0.02561064588430338, 0.08707753755278075
-0.06691948971163855, 0.12475559971394687
-0.15532206067204649, 0.17559365003620225
-0.2069014216735349, 0.20036495170169488
-0.3048602479118391, 0.2720269140723907
-0.34071526069806657, 0.29136206837954454
-0.3938821352761905, 0.31807993020308994
-0.38302114203055776, 0.46548521731234427
-0.32190478379592985, 0.49366988254883654
-0.33360522295578193, 0.5914603621675865
-0.30955808186470074, 0.6379618384822474
-0.23418586490685966, 0.7001346919872342
-0.13765330329185949, 0.6705362396138194
-0.08584238918120783, 0.6416563054526756
-0.06872168153728986, 0.6325236332254878
-0.014225770185167616, 0.6052779744487117
0.04283920454899004, 0.5841641519530527
0.11215559801510351, 0.5469828993526943
0.16730216627935793, 0.5279904778679284
0.23672750445983312, 0.48074606319554175
0.2544184473314416, 0.47117803735603425
0.4486109692814865, 0.3673973950971246
0.5198283966813071, 0.3304000260997476
0.6170166827836856, 0.2932385547857507
0.5717336287554134, 0.2207114096436114
0.5351286342071272, 0.16130951443335836
0.5367078517186324, 0.06447359670963052
0.5191729453979098, -0.05564946606696533
0.4902866969026046, -0.14095571651711938
0.40108328064592125, -0.14407456098952057
0.3238304941358016, -0.20718767041154934
0.3818549354550911, -0.3494253281890519
0.3408759395010997, -0.4158497508492896
0.18824273061015906, -0.4643186927314012
0.11520541324869724, -0.5152123879286553
0.13463469034700182, -0.5627040450554006
0.19854060852767744, -0.6539261118659055
0.11426760008778217, -0.6576068379470029
0.05076834175844229, -0.6194603705200635
-0.01717555104407639, -0.5911405946373738
-0.11530575948698142, -0.5589880472456951
-0.17896746684088846, -0.5072602224974071
-0.28330202706993857, -0.446241618925018
-0.3419544177219588, -0.3948352203497261
-0.39694431118146134, -0.3718322734317589
-0.4678485647329401, -0.3473664360455942
-0.5740865457405068, -0.27696538152531525
-0.694070069387186, -0.2038620192159484
-0.3938821352761905, 0.31807993020308994
-0.38302114203055776, 0.46548521731234427
-0.33360522295578193, 0.5914603621675865
-0.30955808186470074, 0.6379618384822474
-0.23418586490685966, 0.7001346919872342
-0.13765330329185949, 0.6705362396138194
0.16730216627935793, 0.5279904778679284
0.6170166827836856, 0.2932385547857507
0.5191729453979098, -0.05564946606696533
0.4902866969026046, -0.14095571651711938
0.36567439718928296, -0.1730025108676513
-0.03817467909266072, 0.010034454608156346
-0.694070069387186, -0.2038620192159484
-0.6180760650216601, -0.14804949755655733
-0.42013735882873815, -0.19292750329277178
0.11520541324869724, -0.5152123879286553
0.19854060852767744, -0.6539261118659055
0.11426760008778217, -0.6576068379470029
-0.11530575948698142, -0.5589880472456951
-0.4678485647329401, -0.3473664360455942
-0.5543593204960914, 0.10012420277537734
-0.5266834756371046, 0.1556214983689802
-0.43352571040329035, 0.15981612077029791
-0.33296360941044234, 0.13775888899258895
-0.27518032508841794, 0.11426945263403633
-0.03817467909266072, 0.010034454608156346
0.36567439718928296, -0.1730025108676513
0.3818549354550911, -0.3494253281890519
0.3408759395010997, -0.4158497508492896
0.11520541324869724, -0.5152123879286553
-0.42013735882873815, -0.19292750329277178
-0.518952507008406, -0.08344662226693064
-0.5538862216676764, 0.019383500094047306
