-0.12401769464076202, -0.05637111374642119
-0.07850065469417973, 0.004948695574469518
-0.015318032246188969, 0.07192180588305318
0.03402590869145919, 0.1050820934340773
0.13891035204726354, 0.16090545721224692
0.16961104638744148, 0.0591124596233249
0.07051408732337824, -0.0052349134119213945
0.01625840262749468, -0.06964988232694118
-0.06731992109527855, -0.1171833508717297
-0.12123187131218033, -0.21627388591217916
-0.12401769464076202, -0.05637111374642119
-0.07850065469417973, 0.004948695574469518
-0.015318032246188969, 0.07192180588305318
0.03402590869145919, 0.1050820934340773
0.13891035204726354, 0.16090545721224692
0.16961104638744148, 0.0591124596233249
-0.12123187131218033, -0.21627388591217916
