-0.6341866491375876, -0.24902980633632715
-0.579652991351023, -0.22501302277272517
-0.5833991402946498, -0.13170215698622134
-0.5627185674035902, -0.03579999435339861
-0.5251018164101499, 0.04233662357034008
-0.49667965696646893, 0.12128876218770035
-0.4676390093664491, 0.19222275092225355
-0.40646897186113, 0.2291884121314083
-0.36954391989528584, 0.3204908266140846
-0.3489561668197116, 0.41730324908505967
-0.28967094645078506, 0.46768421801679033
-0.2338027401973721, 0.44844468445213803
-0.13109124795195667, 0.4092857743471672
-0.06388952544711111, 0.42544404208222214
-0.08681614002286085, 0.5186570427101092
-0.10495541343333385, 0.5286007513381638
-0.12119193244693642, 0.5366136082816665
-0.251532937273835, 0.591111631002304
-0.2843289253699458, 0.6426209324086083
-0.1598270445041421, 0.6596200811461734
-0.03780375415654367, 0.6251074742539277
0.007069141353895104, 0.5888838045304322
0.1373562957274681, 0.5322547264150526
0.2137857903687693, 0.520442193139312
0.27634669676732565, 0.49317127239138026
0.33652530270209713, 0.46184035719574784
0.39493400581982524, 0.4252422941245906
0.4656775268902521, 0.39416533637721207
0.5233153803085209, 0.36411683541506545
0.5942971778711053, 0.3438346805064395
0.6824022880826922, 0.29805682220545837
0.6077635139814318, 0.2590191249577587
0.5195142852075998, 0.26015855600471494
0.37279030455713047, 0.32264619014639223
0.35328276968738104, 0.3301036498905733
0.2965753931050764, 0.31662108705250686
0.30759317861084384, 0.22210213154029437
0.43628639458499874, 0.16804489777987056
0.520893627745846, 0.11319038560290523
0.575061795242951, 0.04135580797011386
0.5506815315613015, -0.015201601550198576
0.5280319146510266, -0.08809277645226442
0.44802601509120293, -0.11053509646450373
0.3873776812171287, -0.10219511920320769
0.3298966400574247, -0.1835342195405685
0.35961865148580846, -0.21763255111501703
0.40831436731931176, -0.25643622896984336
0.4235720495649144, -0.31325112880889816
0.4166916100989882, -0.366772174159893
0.3713857595682186, -0.436436875200396
0.3013479347869247, -0.45397733756657177
0.22066676658403692, -0.48850298517719554
0.20289876313587493, -0.5782462395344643
0.27303329664962034, -0.625769971805926
0.1919330118237805, -0.6602967771481046
-0.027997047878138375, -0.565081930480302
-0.07713449808902133, -0.5274240225809067
-0.13683523559870334, -0.5169013348011797
-0.18829589690112655, -0.47988260149179224
-0.2846082107569969, -0.4593572805306535
-0.35844334098501546, -0.42759941959709863
-0.45073804658066624, -0.3917626870334131
-0.5275205612861379, -0.3547254212645024
-0.6371860456735003, -0.3085608871653335
-0.2843289253699458, 0.6426209324086083
-0.1598270445041421, 0.6596200811461734
-0.03780375415654367, 0.6251074742539277
0.2137857903687693, 0.520442193139312
0.27634669676732565, 0.49317127239138026
0.5942971778711053, 0.3438346805064395
0.6824022880826922, 0.29805682220545837
0.6077635139814318, 0.2590191249577587
0.5195142852075998, 0.26015855600471494
0.30136134399290193, 0.27556355522696757
-0.06388952544711111, 0.42544404208222214
-0.251532937273835, 0.591111631002304
-0.6371860456735003, -0.3085608871653335
-0.6341866491375876, -0.24902980633632715
-0.5678574634647418, -0.0511322351850133
0.22066676658403692, -0.48850298517719554
0.27303329664962034, -0.625769971805926
0.1919330118237805, -0.6602967771481046
-0.45073804658066624, -0.3917626870334131
-0.5678574634647418, -0.0511322351850133
-0.5627185674035902, -0.03579999435339861
-0.4877364113588901, 0.14313331923462747
0.3298966400574247, -0.1835342195405685
0.40831436731931176, -0.25643622896984336
0.4235720495649144, -0.31325112880889816
0.4166916100989882, -0.366772174159893
0.3713857595682186, -0.436436875200396
0.22066676658403692, -0.48850298517719554
-0.4877364113588901, 0.14313331923462747
-0.4676390093664491, 0.19222275092225355
-0.3489561668197116, 0.41730324908505967
-0.28967094645078506, 0.46768421801679033
-0.06388952544711111, 0.42544404208222214
0.30136134399290193, 0.27556355522696757
0.520893627745846, 0.11319038560290523
0.575061795242951, 0.04135580797011386
0.5280319146510266, -0.08809277645226442
0.3298966400574247, -0.1835342195405685
