-0.31701721884750955, 0.051383735495077965
-0.23430818756211166, 0.10858400105816227
-0.1341878437199735, 0.17003912603426036
-0.05609392507400086, 0.22830748354082442
0.12599037910951572, 0.3459062339586555
0.18644829767340576, 0.3853831938942561
0.26544995672400223, 0.42751633733276345
0.36054373940139944, 0.4694026134209853
0.3213965922442306, 0.367511700856837
0.2813895168802302, 0.26876600295573855
0.2608748289986225, 0.20845442090822092
0.18006285767618438, 0.013779402099595203
0.15797194879383447, -0.05015237815017043
0.12744903990789685, -0.1434565056750268
0.09725799127268382, -0.2097176493751128
0.08057620592138028, -0.24721164780528787
0.06114042404511068, -0.3108082508295649
0.023951170039539824, -0.3898794803175596
-0.012003776100001222, -0.48752784004054156
-0.10957895836411075, -0.4198104683629529
-0.1351667409054399, -0.367881998691889
-0.1768202741023651, -0.31044304889652835
-0.2207535936527979, -0.23978434093647558
-0.2559254942694405, -0.1697396640946777
-0.3011914186896598, -0.09523127823378992
-0.3532665196066233, 0.013191655448795579
-0.3532665196066233, 0.013191655448795579
-0.31701721884750955, 0.051383735495077965
-0.23430818756211166, 0.10858400105816227
-0.05609392507400086, 0.22830748354082442
0.18644829767340576, 0.3853831938942561
0.26544995672400223, 0.42751633733276345
0.36054373940139944, 0.4694026134209853
0.12744903990789685, -0.1434565056750268
0.06114042404511068, -0.3108082508295649
-0.012003776100001222, -0.48752784004054156
-0.10957895836411075, -0.4198104683629529
-0.2207535936527979, -0.23978434093647558
-0.3011914186896598, -0.09523127823378992
