-0.3404348937299211, 0.12112018895261376
-0.2619174548344294, 0.09763699095612241
-0.2437904329893878, 0.09403950463135831
0.052939499391575114, 0.04906332534517688
0.13362388934386857, 0.03811381117155755
0.19118082085052837, 0.028904460908591303
0.34831734818047494, 0.0051498211996971865
0.46742024697166656, -0.010048956199925978
0.47911218943216444, -0.08267657519227373
0.5246873071503088, -0.18727355337000792
0.4281897770812421, -0.16019690117899618
0.3495172393894344, -0.14973826584069952
0.2978463337131862, -0.08757169185267064
0.23608292366162428, -0.0904445446253425
0.1316732821173908, -0.11783450396346651
0.0773241369966216, -0.06766449144742809
-0.0034814752340066105, -0.053135469682708394
-0.06456176132701774, -0.05539915999327088
-0.14026552679509507, -0.0200953866096803
-0.257318511231414, -0.0036065902253061737
-0.2965566217395963, 0.001789642021914546
-0.3546477372980136, 0.008241583593896361
-0.43530770857042683, 0.020709624443775512
-0.460885862274925, 0.0851562982648026
-0.460885862274925, 0.0851562982648026
-0.3404348937299211, 0.12112018895261376
0.46742024697166656, -0.010048956199925978
0.5246873071503088, -0.18727355337000792
0.1316732821173908, -0.11783450396346651
-0.43530770857042683, 0.020709624443775512
