0.05420833683047299, 0.020822551365183274
0.007961943090267211, -0.03321221550017966
-0.03235398602753634, -0.0935957051331029
-0.053828209947342436, -0.1351713198523643
-0.11409229497035014, -0.2538260465744478
-0.1322791203382912, -0.3136426970147578
-0.11464592271558585, -0.3742219202724613
-0.17341009328534784, -0.4130315556919445
-0.16818542839402537, -0.3412791095432151
-0.1313562388873594, -0.25474692303624646
-0.10936552667413231, -0.19570214461870078
-0.08861181470993618, -0.12012367989034202
-0.04963503864090909, -0.05464406076090733
-0.04264141036988833, 0.04157620032992737
-0.17341009328534784, -0.4130315556919445
-0.16818542839402537, -0.3412791095432151
-0.04264141036988833, 0.04157620032992737
0.05420833683047299, 0.020822551365183274
-0.11464592271558585, -0.3742219202724613
