-0.09183997723822312, -0.06519566136144393
-0.036010862139980025, -0.021036274735940937
0.05180464118275356, 0.038074892008032137
0.05479882892957271, 0.08877914043230889
0.10217515430025764, 0.21883928105540912
0.10624309199915453, 0.11756700921429185
0.08183076096532711, 0.03473124480404124
-0.003030124439548018, -0.03040851057087241
-0.034784791787498805, -0.12127801337973651
-0.07776196200415042, -0.17846864125149792
-0.09183997723822312, -0.06519566136144393
0.10217515430025764, 0.21883928105540912
0.10624309199915453, 0.11756700921429185
0.08183076096532711, 0.03473124480404124
-0.034784791787498805, -0.12127801337973651
-0.07776196200415042, -0.17846864125149792
