0.019193743731594375, 0.06225100321460991
0.10275749282168689, 0.11733835249771951
0.18139863093119407, 0.09638382721593948
0.11354471715039081, 0.013375308977392041
0.010204496185407658, -0.03759956205871517
-0.045666701714949284, -0.08785032477864692
-0.13501054219255185, -0.12421492634888874
-0.1780076159503861, -0.05936999833456408
-0.1780076159503861, -0.05936999833456408
0.10275749282168689, 0.11733835249771951
0.18139863093119407, 0.09638382721593948
0.11354471715039081, 0.013375308977392041
-0.045666701714949284, -0.08785032477864692
-0.13501054219255185, -0.12421492634888874
