0.056994412823476844, -0.1246175428778704
0.06042078788232613, -0.1912103294607601
0.04264387814391027, -0.2679745952891223
0.01669780701552378, -0.20905561535502995
0.006946878274267588, -0.15264833916180948
-0.00670474085312263, -0.056335305567271045
-0.00670474085312263, -0.056335305567271045
0.056994412823476844, -0.1246175428778704
0.06042078788232613, -0.1912103294607601
0.04264387814391027, -0.2679745952891223
0.01669780701552378, -0.20905561535502995
0.006946878274267588, -0.15264833916180948
