-0.07534900293346897, 0.1551806671179675
-0.05989522944243234, 0.21322779307468734
1.4475394212274602E-4, 0.17415030385282157
0.05845151198417562, 0.09601527210204953
0.08556678293557285, 0.021013503004844582
0.07333869501097999, -0.04253061086311353
0.07858824890175699, -0.09277071737513988
0.07769972997202422, -0.15252080142933996
0.019277027288615713, -0.15801327590299144
-0.03748083529865061, -0.15487228478541398
-0.04991773293825628, -0.09679581736540578
-0.05803655401977569, -0.029080662981141103
-0.06723569716801833, 0.08243195138706486
-0.07534900293346897, 0.1551806671179675
-0.05989522944243234, 0.21322779307468734
1.4475394212274602E-4, 0.17415030385282157
0.05845151198417562, 0.09601527210204953
0.08556678293557285, 0.021013503004844582
0.07769972997202422, -0.15252080142933996
0.019277027288615713, -0.15801327590299144
-0.03748083529865061, -0.15487228478541398
-0.04991773293825628, -0.09679581736540578
-0.05803655401977569, -0.029080662981141103
