-0.11486644024494294, -0.051472420361106205
-0.11030345315274923, 0.023439076456414555
-0.044635020825815906, 0.07918514726535249
0.011109854497090841, 0.06710394587193783
0.06770740472963362, 0.01329095431783117
0.11828242890727984, -0.05715079578019852
0.06219849547573431, -0.09952108587532642
0.01870788129658511, -0.039812996989301616
-0.06658947445283074, -0.03247802755389854
-0.11486644024494294, -0.051472420361106205
-0.11030345315274923, 0.023439076456414555
-0.044635020825815906, 0.07918514726535249
0.011109854497090841, 0.06710394587193783
0.06770740472963362, 0.01329095431783117
0.11828242890727984, -0.05715079578019852
0.06219849547573431, -0.09952108587532642
