-0.18846214235030265, -0.01639945752685323
-0.057883967874649424, 0.014094896782134308
0.020992179215598542, 0.027282106689706563
0.11974518214300463, 0.03880892995554624
0.17976210943171786, 0.03237913758476475
0.21533314836319079, -0.009782896661085989
0.12110851106639776, -0.027790270760954243
0.037965626581746764, -0.026178380347081465
-0.05879262876640136, -0.029603275695283548
-0.13522690550594, -0.03738208397506836
-0.18846214235030265, -0.01639945752685323
-0.057883967874649424, 0.014094896782134308
0.020992179215598542, 0.027282106689706563
0.11974518214300463, 0.03880892995554624
0.17976210943171786, 0.03237913758476475
0.21533314836319079, -0.009782896661085989
0.12110851106639776, -0.027790270760954243
-0.13522690550594, -0.03738208397506836
