0.03224031054350275, 0.16360582347234312
0.04234146536042693, 0.06648238083004165
0.014883815946147435, 0.00892284027592114
0.05935060491465877, -0.03420318057278735
0.02431235125096409, -0.16113416436048764
-0.029570517493081032, -0.13443275954561462
-0.03551633875160982, -0.04890720368412307
-0.05323460686941327, 0.03124681746594303
-0.05379125902635395, 0.10000769584806393
-0.05379125902635395, 0.10000769584806393
0.03224031054350275, 0.16360582347234312
0.05935060491465877, -0.03420318057278735
0.02431235125096409, -0.16113416436048764
-0.029570517493081032, -0.13443275954561462
-0.05323460686941327, 0.03124681746594303
