0.006241363508407807, -0.07279816655523307
-0.008793098948009722, 0.006585427817989621
-0.022159901187528374, 0.09050624825214573
-0.011889472892420535, 0.15147956392669334
-5.637150318537005E-4, 0.09261971825966446
0.007148481505768949, -0.009273696992362744
-0.022159901187528374, 0.09050624825214573
-0.011889472892420535, 0.15147956392669334
-5.637150318537005E-4, 0.09261971825966446
0.007148481505768949, -0.009273696992362744
0.006241363508407807, -0.07279816655523307
-0.008793098948009722, 0.006585427817989621
