-0.028676038610329576, 0.11658524754827493
-0.058490438147350284, 0.23572926410180006
0.026993294418279724, 0.1304568577601297
0.06901172516390569, 0.05820785423725951
0.04154324587466046, -0.0375151615942195
0.05569725646501055, -0.09226314999332
0.033059251176206006, -0.14462068757278423
0.037534208655434345, -0.23718814861074208
0.06970832494750107, -0.2884448330218907
-0.014925713522076788, -0.2744876098169002
-0.051939542548041326, -0.14317875078986397
-0.026470351217736082, -0.07490011716834366
-0.058490438147350284, 0.23572926410180006
0.026993294418279724, 0.1304568577601297
0.06901172516390569, 0.05820785423725951
0.06970832494750107, -0.2884448330218907
-0.014925713522076788, -0.2744876098169002
-0.051939542548041326, -0.14317875078986397
