0.009255801190249682, 0.05063664012305236
0.03200406562389877, -0.04619796570377501
0.032487299965523936, -0.10504004980124011
0.048617165977444164, -0.20055828381554922
0.05246173264613652, -0.2669575043585964
0.03730481975117558, -0.34655062560336536
0.018253793179975376, -0.28540004702022387
-0.0024614085407739673, -0.2058777869532005
-0.00286118512792117, -0.14598278068136422
-0.0031765022168929575, -0.1060263322086933
-0.0036546718471593305, -0.0864345578434933
-0.01112696409229929, -0.009490300550734167
-0.040827284164910146, 0.15483754014037765
-0.06382273053344763, 0.21412730544111874
-0.03987756846832397, 0.29445879865459496
-0.06382273053344763, 0.21412730544111874
-0.03987756846832397, 0.29445879865459496
0.03200406562389877, -0.04619796570377501
0.048617165977444164, -0.20055828381554922
0.05246173264613652, -0.2669575043585964
0.03730481975117558, -0.34655062560336536
0.018253793179975376, -0.28540004702022387
-0.0024614085407739673, -0.2058777869532005
