-0.2678762871317739, 0.027139414243954687
-0.10729184390590393, 0.005101018739280755
-0.04959030055913664, 0.028877665161716786
0.012054667135218288, 0.008980839286317809
0.11444799386426227, 0.013125984305772593
0.19439357925661174, 0.03919606568971779
0.2749529921499195, 0.03004706432102193
0.35138314088751055, 0.03436620600739365
0.44837576558910225, 0.01178876673560444
0.3734719737757257, -0.003914925025200572
0.13143762861443067, -0.006864551047535024
0.0473395528848628, -0.04182382705339781
-0.06763681298493399, -0.025323269288605895
-0.10544817829576333, -0.026613950632875735
-0.18693008865451963, -0.04088094379557645
-0.32821958898188947, -0.018225461626895145
-0.32821958898188947, -0.018225461626895145
-0.2678762871317739, 0.027139414243954687
0.19439357925661174, 0.03919606568971779
0.35138314088751055, 0.03436620600739365
0.44837576558910225, 0.01178876673560444
0.3734719737757257, -0.003914925025200572
0.0473395528848628, -0.04182382705339781
-0.18693008865451963, -0.04088094379557645
