-0.46522557735443115, 0.14553941786289215
-0.45892155170440674, 0.18647317588329315
-0.39704662561416626, 0.20800527930259705
-0.2698901295661926, 0.20667026937007904
-0.21567198634147644, 0.2073790431022644
-0.15907709300518036, 0.1958806812763214
-0.08311492949724197, 0.17094393074512482
0.054253850132226944, 0.1522739678621292
0.17226529121398926, 0.1494622826576233
0.2736813426017761, 0.0948176458477974
0.2756544351577759, 0.03989557549357414
0.3418993055820465, -0.050393760204315186
0.4372378885746002, -0.14310967922210693
0.44140997529029846, -0.1990814357995987
0.37582892179489136, -0.1974416971206665
0.257138729095459, -0.20070712268352509
0.20214557647705078, -0.20702826976776123
0.10562290996313095, -0.1947309374809265
-0.005201669875532389, -0.20384632050991058
-0.1013425886631012, -0.16880539059638977
-0.1883128583431244, -0.07547327131032944
-0.298348069190979, -0.06314361095428467
-0.3032393157482147, -0.020489994436502457
-0.3227542042732239, 0.037419598549604416
-0.4433043897151947, 0.12303747981786728
-0.46522557735443115, 0.14553941786289215
-0.45892155170440674, 0.18647317588329315
-0.39704662561416626, 0.20800527930259705
-0.21567198634147644, 0.2073790431022644
0.17226529121398926, 0.1494622826576233
0.2736813426017761, 0.0948176458477974
0.4372378885746002, -0.14310967922210693
0.44140997529029846, -0.1990814357995987
0.20214557647705078, -0.20702826976776123
-0.005201669875532389, -0.20384632050991058
-0.1013425886631012, -0.16880539059638977
-0.298348069190979, -0.06314361095428467
