-0.28445157408714294, 0.1131569892168045
-0.18123559653759003, 0.09947730600833893
-0.13848182559013367, 0.2318739891052246
-0.08385980129241943, 0.17668482661247253
0.020980240777134895, 0.1696687638759613
0.11271640658378601, 0.12422893941402435
0.15478837490081787, 0.08689787238836288
0.20878230035305023, 0.03984828665852547
0.2523675858974457, -0.005292953923344612
0.22366920113563538, -0.0778939500451088
0.1890888810157776, -0.1227860152721405
0.15227451920509338, -0.15614654123783112
0.09741594642400742, -0.16408301889896393
5.642206524498761E-4, -0.20988820493221283
-0.0508585087954998, -0.23746228218078613
-0.09447509050369263, -0.1749987155199051
-0.19601236283779144, -0.0702192485332489
-0.24568377435207367, 0.06445885449647903
-0.28445157408714294, 0.1131569892168045
-0.13848182559013367, 0.2318739891052246
0.020980240777134895, 0.1696687638759613
0.11271640658378601, 0.12422893941402435
0.20878230035305023, 0.03984828665852547
0.2523675858974457, -0.005292953923344612
0.22366920113563538, -0.0778939500451088
0.1890888810157776, -0.1227860152721405
0.15227451920509338, -0.15614654123783112
-0.0508585087954998, -0.23746228218078613
-0.19601236283779144, -0.0702192485332489
