-0.04034636542201042, 0.11244551837444305
0.033505965024232864, 0.15081380307674408
0.04026082903146744, 0.12018512189388275
0.042164646089076996, 0.04037462919950485
0.061835452914237976, -0.08337364345788956
0.05744118615984917, -0.12167622894048691
0.011117125861346722, -0.16232700645923615
-0.022793300449848175, -0.13673795759677887
-0.05911986157298088, 8.305327501147985E-4
-0.08816766738891602, 0.07278969138860703
-0.08816766738891602, 0.07278969138860703
-0.04034636542201042, 0.11244551837444305
0.033505965024232864, 0.15081380307674408
0.04026082903146744, 0.12018512189388275
0.061835452914237976, -0.08337364345788956
0.05744118615984917, -0.12167622894048691
0.011117125861346722, -0.16232700645923615
-0.022793300449848175, -0.13673795759677887
