-0.05758059769868851, 0.17187108099460602
-0.053842343389987946, 0.20483660697937012
-0.008904483169317245, 0.20767994225025177
0.004946488421410322, 0.16870950162410736
0.01217911671847105, 0.08065584301948547
0.01591167412698269, 0.03847310692071915
0.07634654641151428, -0.1399642676115036
0.012894691899418831, -0.13840968906879425
-0.04460318014025688, -0.10385952889919281
-0.04209890589118004, -0.05801954120397568
3.6218768218532205E-4, 0.045005425810813904
-0.04606436938047409, 0.10328112542629242
-0.05758059769868851, 0.17187108099460602
-0.053842343389987946, 0.20483660697937012
-0.008904483169317245, 0.20767994225025177
0.004946488421410322, 0.16870950162410736
0.07634654641151428, -0.1399642676115036
0.012894691899418831, -0.13840968906879425
-0.04460318014025688, -0.10385952889919281
