-0.2630061209201813, 0.3855506181716919
-0.16627921164035797, 0.45956119894981384
-0.010733559727668762, 0.4496421813964844
-0.008687331341207027, 0.3789670765399933
0.1104925274848938, 0.2691705822944641
0.20420542359352112, 0.1729281097650528
0.11966574192047119, 0.09136302024126053
0.1327199786901474, 0.03769784793257713
0.14810852706432343, 0.0037651387974619865
0.17462463676929474, -0.03382435441017151
0.24631138145923615, -0.07671854645013809
0.29445430636405945, -0.10210347920656204
0.31621286273002625, -0.1312432736158371
0.334139883518219, -0.1566370129585266
0.3200492262840271, -0.2008221298456192
0.2081354856491089, -0.2581213116645813
0.20147143304347992, -0.29399770498275757
0.20587566494941711, -0.33466649055480957
0.1954466551542282, -0.4057394564151764
0.1879999041557312, -0.47821280360221863
0.10291881859302521, -0.46074995398521423
0.05134911090135574, -0.39915764331817627
-0.06113552302122116, -0.35119423270225525
-0.20498988032341003, -0.33044591546058655
-0.21113677322864532, -0.2987513244152069
-0.18587005138397217, -0.2794419825077057
-0.10461493581533432, -0.20705844461917877
-0.09826680272817612, -0.13783103227615356
-0.08403287082910538, -0.09636928886175156
-0.13181236386299133, 0.020707517862319946
-0.14490897953510284, 0.13985392451286316
-0.1591394990682602, 0.18589290976524353
-0.2278171181678772, 0.2782723009586334
-0.29547247290611267, 0.3316429555416107
-0.31302136182785034, 0.3714812397956848
-0.31302136182785034, 0.3714812397956848
-0.16627921164035797, 0.45956119894981384
-0.010733559727668762, 0.4496421813964844
0.20420542359352112, 0.1729281097650528
0.2880770266056061, -0.03980344906449318
-0.08403287082910538, -0.09636928886175156
-0.29547247290611267, 0.3316429555416107
-0.21113677322864532, -0.2987513244152069
-0.08403287082910538, -0.09636928886175156
0.2880770266056061, -0.03980344906449318
0.334139883518219, -0.1566370129585266
0.3200492262840271, -0.2008221298456192
0.1879999041557312, -0.47821280360221863
0.10291881859302521, -0.46074995398521423
-0.20498988032341003, -0.33044591546058655
