-0.02930569276213646, 0.09636370837688446
0.010796102695167065, 0.08614514023065567
0.0844426080584526, -0.004587452858686447
0.1581895500421524, -0.040824875235557556
0.11102902889251709, -0.07634171843528748
0.002947178203612566, -0.06877575069665909
-0.08676444739103317, -0.0405130535364151
-0.09007515013217926, 0.06514686346054077
-0.09007515013217926, 0.06514686346054077
-0.02930569276213646, 0.09636370837688446
0.010796102695167065, 0.08614514023065567
0.1581895500421524, -0.040824875235557556
0.11102902889251709, -0.07634171843528748
0.002947178203612566, -0.06877575069665909
-0.08676444739103317, -0.0405130535364151
