0.11062503542306738, 0.15163864869192445
0.14156627931781574, 0.10760421250135802
0.13529925214095484, 0.02536860636589397
0.13520674672210922, -0.049363839668387324
0.11872474581109033, -0.1503854187361026
0.021569077283261844, -0.1679510818928982
-0.0902501328721134, -0.11130750965828394
-0.18843293178992565, -0.10010457855632174
-0.17093313405155272, 0.14520206500779193
-0.18843293178992565, -0.10010457855632174
-0.17093313405155272, 0.14520206500779193
0.11062503542306738, 0.15163864869192445
0.14156627931781574, 0.10760421250135802
0.13520674672210922, -0.049363839668387324
0.11872474581109033, -0.1503854187361026
0.021569077283261844, -0.1679510818928982
