-0.05125870264881418, -0.028781706969454077
-0.049825238667810204, 0.024593204032791534
-0.04749108684035674, 0.1115051513904089
0.03708896026983019, 0.1376695798652895
0.05480087495137617, 5.370425812721704E-4
0.032937370830607916, -0.12241272037219378
-0.053827843017274224, -0.12444343292561615
-0.053827843017274224, -0.12444343292561615
-0.04749108684035674, 0.1115051513904089
0.03708896026983019, 0.1376695798652895
0.05480087495137617, 5.370425812721704E-4
0.032937370830607916, -0.12241272037219378
