-0.26944877338612044, 0.1195756694860073
-0.21158987792642092, 0.19759386896870773
-0.16092876753272922, 0.24575400953744034
-0.12095715554478821, 0.2986773803107566
-0.023077567374465993, 0.26594694457819446
0.04310422802751254, 0.2092085732184281
0.08523783213209787, 0.17815473305808638
0.23324138175368908, 0.0795178260835937
0.3191498897314615, 0.0453557654630746
0.4468129794919062, -0.2627652229490146
0.41861246459626805, -0.3331831047770633
0.321587912600294, -0.3282350712178592
0.27104986809893367, -0.3039410582983207
0.1481114479466334, -0.3014920216678016
0.04887919965084794, -0.31298999377842396
-0.011942963761381875, -0.3049728119632739
-0.0018267061462433655, -0.24516317103116209
-0.0487781046516577, -0.1755212385140697
-0.12638520134679296, -0.10297216175751504
-0.20188774638915719, -0.0605843790802311
-0.26553899035867856, 0.008289951588516278
-0.3321094021527665, 0.051962848329788924
-0.3321094021527665, 0.051962848329788924
-0.21158987792642092, 0.19759386896870773
-0.12095715554478821, 0.2986773803107566
-0.023077567374465993, 0.26594694457819446
0.3191498897314615, 0.0453557654630746
0.4468129794919062, -0.2627652229490146
0.41861246459626805, -0.3331831047770633
0.321587912600294, -0.3282350712178592
0.04887919965084794, -0.31298999377842396
-0.011942963761381875, -0.3049728119632739
