0.010010559780131776, 0.2482017221615091
0.06303743916513775, 0.19067426691740366
0.089890614459879, 0.13681335104214878
0.09692205466575014, 0.054126917668679976
0.11277240183370063, -0.009746402375826274
0.1491143358947583, -0.15619619055535106
0.0937933928862363, -0.28050699468331275
0.019851686254324707, -0.24564024594446787
-0.018853291481438914, -0.17411460593725112
-0.043957033139475174, -0.08725206037365461
-0.06062481724971196, -0.010199922209518424
-0.09315662528041052, 0.11849998391974842
-0.12327613897805852, 0.2008643917951712
-0.12327613897805852, 0.2008643917951712
0.010010559780131776, 0.2482017221615091
0.06303743916513775, 0.19067426691740366
0.089890614459879, 0.13681335104214878
0.1491143358947583, -0.15619619055535106
0.0937933928862363, -0.28050699468331275
0.019851686254324707, -0.24564024594446787
-0.018853291481438914, -0.17411460593725112
-0.043957033139475174, -0.08725206037365461
