-0.1609634926690413, -0.047137074957390536
-0.12005315633894181, 0.08094612490662909
0.08599922266142782, 0.16153989271041758
0.12179263603481563, 0.044292153271497915
0.04904037847141848, -0.03680042472652825
-0.101254933456667, -0.06620825089425975
-0.1609634926690413, -0.047137074957390536
-0.12005315633894181, 0.08094612490662909
0.08599922266142782, 0.16153989271041758
0.12179263603481563, 0.044292153271497915
0.04904037847141848, -0.03680042472652825
-0.101254933456667, -0.06620825089425975
