-0.16110533788532924, 0.18551493083451515
-0.08694714736436758, 0.20172127071272658
0.02822175572777328, 0.11559289292915881
0.03197748811340634, 0.11378259165314367
0.1098108287288906, 0.0762661284536544
0.15818911038324876, 0.05294730378304556
0.2405349065168544, 0.0084876290549282
0.26599039850773754, 0.010234473757355493
0.2920179412453438, 0.012020590192403377
0.35654005712079534, 0.02438320762642894
0.31658383751648617, -0.08279998713611508
0.3289017567229718, -0.17362974825956914
0.35908361483825985, -0.21550380708829026
0.29865009372542184, -0.26822885418597764
0.24642251518362143, -0.32631292636034115
0.15929049044122778, -0.24796623861299025
0.13244298246459196, -0.22382570784420858
0.11814364514370017, -0.2109681423350156
0.07621288494998898, -0.18247290179788822
0.013361759473892643, -0.1432647288095518
-0.05990482918155049, -0.09333841538471135
-0.13169826884325075, -0.02935964939942399
-0.18173084272153203, 0.029283208116711455
-0.22619532498532466, 0.09958019382031022
-0.23125755864525246, 0.1047119048872344
-0.23330789993818762, 0.10679038640562347
-0.28164034773420993, 0.15578618033938646
-0.28164034773420993, 0.15578618033938646
-0.16110533788532924, 0.18551493083451515
-0.08694714736436758, 0.20172127071272658
0.35654005712079534, 0.02438320762642894
0.35908361483825985, -0.21550380708829026
0.24642251518362143, -0.32631292636034115
-0.05990482918155049, -0.09333841538471135
-0.13169826884325075, -0.02935964939942399
-0.18173084272153203, 0.029283208116711455
