-0.08477563459612616, 0.10332887867418591
-0.0579615109529209, 0.11218830940703704
0.01193336376448061, 0.1352816914388246
0.02712707165398856, 0.06848320349212629
0.03297302404831559, 0.04278172341963607
0.07497978726095415, -0.0488252830654292
0.06341439164792192, -0.11194249244170675
0.004827377331923788, -0.08519468723028481
-0.024819357685564914, -0.031026517109645664
-0.0996174621598877, 0.00661306785251569
-0.17374685782504798, 0.025053046686475355
-0.22456326779391123, 0.05714281381881633
-0.22456326779391123, 0.05714281381881633
-0.0579615109529209, 0.11218830940703704
