-0.3174891353036293, -0.2939973972916725
-0.28740890862621, -0.22464934214134982
-0.2244389315741339, -0.1255942657578492
-0.1558072524461708, -0.08492342100563427
-0.051662730571735475, -0.00474371247555003
-0.013782486349586369, 0.060238760337529305
0.05227527075729502, 0.12610426176148187
0.10623508797863561, 0.17128597888484898
0.14936117700559295, 0.20391254546288556
0.27355455378751004, 0.2354386240288062
0.22159582005147738, 0.18719136829314037
0.16998721876899173, 0.16386260094743169
0.10930253649412353, 0.08971075301854206
0.04543105415548648, 0.015509836652739306
0.03948422310339782, 0.003286807295847211
-0.005616153280828349, -0.11000353903889638
-0.10292490096376028, -0.15319525322796565
-0.1490291926406154, -0.1831749254732322
-0.1709765262601947, -0.1997457395672191
-0.23243727629048516, -0.26324107411592845
-0.2879009615092024, -0.34217007155661544
-0.3174891353036293, -0.2939973972916725
-0.28740890862621, -0.22464934214134982
-0.2244389315741339, -0.1255942657578492
0.05227527075729502, 0.12610426176148187
0.10623508797863561, 0.17128597888484898
0.14936117700559295, 0.20391254546288556
0.27355455378751004, 0.2354386240288062
-0.005616153280828349, -0.11000353903889638
-0.2879009615092024, -0.34217007155661544
