-0.22566124844574859, 0.014827190837507576
-0.20738228357496602, 0.039066687054574264
-0.1746034540842763, 0.1481753377432735
-0.0957885898239344, 0.2284893037432949
-0.02038306638270905, 0.19913056511278385
0.02729028952803625, 0.16603112783322685
0.06596245168632842, 0.1497354682132525
0.15759337576037716, 0.1503867988331798
0.2670494166594392, 0.0669535033701932
0.22122326848032903, -0.036123399108753965
0.16644492620023807, -0.059694392813061284
0.21024815178509204, -0.14812733649518933
0.212154261189422, -0.21483747525977226
0.10219087072996885, -0.19012555333832779
0.04528499735712213, -0.1806569015159901
-0.0010889682778482065, -0.15720397139442038
-0.0492870902011962, -0.14452764959977504
-0.09583475324090988, -0.13228544703516343
-0.171063554685, -0.1386574294615056
-0.281618906136911, -0.04310359837788524
-0.281618906136911, -0.04310359837788524
-0.1746034540842763, 0.1481753377432735
-0.0957885898239344, 0.2284893037432949
0.15759337576037716, 0.1503867988331798
0.2670494166594392, 0.0669535033701932
0.212154261189422, -0.21483747525977226
-0.171063554685, -0.1386574294615056
