-0.13173160490128835, 0.14434097158978765
-0.0757408181983153, 0.15898911185768214
-0.06834027745854841, 0.16129358569820124
0.04071800520495021, 0.19525353110320248
0.06450062455079747, 0.1083634503520149
0.08196464901553425, 0.09547165940429371
0.10438493933287157, 0.0803809408253826
0.18977526776436887, 0.09829098635754081
0.21158928671111613, -0.005712447856463316
0.29057696438900704, -0.054801135338756406
0.24218419340211458, -0.13881776011002178
0.1604177546410278, -0.09172107470815416
0.10420915562738496, -0.11024857862130892
0.033596626015507225, -0.1661222053498705
-0.016941143582500616, -0.1829158804152165
-0.1428781954194861, -0.1806431892252863
-0.140113747480693, -0.10004439158946048
-0.13570005991199302, 0.028638773749047414
-0.1428781954194861, -0.1806431892252863
-0.13173160490128835, 0.14434097158978765
0.04071800520495021, 0.19525353110320248
0.18977526776436887, 0.09829098635754081
0.29057696438900704, -0.054801135338756406
0.24218419340211458, -0.13881776011002178
-0.016941143582500616, -0.1829158804152165
