-0.10714770883766098, 0.01519134356299265
-0.05415413261631505, 0.03728219077790111
0.008331036436578438, 0.10249893114637909
0.1593849232833233, -0.06353164342385809
0.25360681064141444, -0.2048714493441153
0.15174258816830902, -0.17227876120785865
0.02149319746929613, -0.1412626434617003
-0.047650996759123265, -0.06975010430860772
-0.10714770883766098, 0.01519134356299265
0.008331036436578438, 0.10249893114637909
0.1593849232833233, -0.06353164342385809
0.25360681064141444, -0.2048714493441153
0.02149319746929613, -0.1412626434617003
-0.047650996759123265, -0.06975010430860772
