-0.16346233263657034, 0.08133905206129212
-0.11650475977304506, 0.1485106389982609
-0.07026223031428593, 0.17559932317471633
0.007693384846168031, 0.1840753458001843
0.07493806059624604, 0.14377106743619156
0.08408151568436799, 0.07943624999000341
0.18091313003309195, 0.08517360678608489
0.2422133429641291, 0.09820174839118637
0.20128432963242862, 0.012816721195620571
0.24197856715981866, -0.021128107999154988
0.18917321779701307, -0.038153223599352755
0.0939657397171557, -0.05005258967357956
-0.02785836328936752, -0.10165010948342626
-0.09083033156499488, -0.11360958873147697
-0.15133087352843028, -0.17539644603444135
-0.1846121755171666, -0.13448152742257993
-0.14269788353055818, -0.07132594159549582
-0.1846121755171666, -0.13448152742257993
-0.16346233263657034, 0.08133905206129212
-0.11650475977304506, 0.1485106389982609
-0.07026223031428593, 0.17559932317471633
0.007693384846168031, 0.1840753458001843
0.2422133429641291, 0.09820174839118637
0.24197856715981866, -0.021128107999154988
-0.15133087352843028, -0.17539644603444135
