-0.12775869340062634, 0.05867707582438973
-0.06582814185618865, 0.042566135545859855
-0.0041607587734178615, 0.047684474711795655
0.08036629817628349, 0.08118855134716395
0.0728963856942361, 0.022629475057388968
0.05482622414284319, -0.07223280659788277
-0.02946179021559702, -0.05072936514358741
-0.1391965710672654, -0.04169805341336227
-0.1391965710672654, -0.04169805341336227
-0.12775869340062634, 0.05867707582438973
0.08036629817628349, 0.08118855134716395
0.0728963856942361, 0.022629475057388968
0.05482622414284319, -0.07223280659788277
