-0.09508206108025921, 0.0275787832487217
0.02320286833897515, 0.04794331980233356
0.12126040789574673, 0.0015050084727006108
0.11468479474139935, -0.09814059722458948
0.08544236025486487, -0.15658320414058535
-0.0069320533765606165, -0.16583813770592373
-0.055877632056664704, -0.08560192500680598
-0.11617719800188175, -0.04002818062292832
-0.11617719800188175, -0.04002818062292832
-0.09508206108025921, 0.0275787832487217
0.02320286833897515, 0.04794331980233356
0.12126040789574673, 0.0015050084727006108
0.11468479474139935, -0.09814059722458948
0.08544236025486487, -0.15658320414058535
-0.0069320533765606165, -0.16583813770592373
