-0.06113641655020795, 0.03567553752838866
-0.02917652177714764, 0.11687987393580082
0.09654283404854232, 0.13404387091930453
0.20718594296710569, 0.2035016316006542
0.17849014829072946, 0.14523183354623137
0.11385853870820661, 0.0878821237592522
0.0785060370647652, 0.02610400355140654
0.09612797705641149, -0.03321308356230351
0.035170648371729986, -0.1097292448334469
-0.04619894085808528, -0.10767695322068223
-0.10864646676586033, -0.06410295800504927
-0.12664394964908995, 0.021979746864568106
-0.12664394964908995, 0.021979746864568106
-0.02917652177714764, 0.11687987393580082
0.20718594296710569, 0.2035016316006542
0.09612797705641149, -0.03321308356230351
0.035170648371729986, -0.1097292448334469
-0.04619894085808528, -0.10767695322068223
-0.10864646676586033, -0.06410295800504927
