-0.0888041982018753, 0.0699502537773416
-0.01070097472830827, 0.04904016736934199
0.07957679471659464, 0.007114461212456416
0.1896219726968992, -0.0565610272926703
0.107710348863643, -0.033919903322591635
0.012057480093427332, 0.0018119267572874456
-0.022512974550065207, 0.00578759896903768
-0.0888041982018753, 0.0699502537773416
-0.01070097472830827, 0.04904016736934199
0.07957679471659464, 0.007114461212456416
0.1896219726968992, -0.0565610272926703
0.107710348863643, -0.033919903322591635
-0.022512974550065207, 0.00578759896903768
