-0.22187128377620843, -0.036068032036659044
-0.19616060865413412, 0.029030706242124164
-0.1448958796948505, 0.1670259854430629
-0.1244195354874494, 0.22676875628081924
-0.003841155119603459, 0.206393959645119
0.07359798537030027, 0.1837040514672803
0.12835633219793724, 0.16457293749737664
0.2285963507997438, 0.13207121183353882
0.20832580096761533, 0.025353629852282247
0.1988153834559629, -0.026795026200932378
0.16862091927742853, -0.15770409170601735
0.1185706465375164, -0.23169727167716483
0.03091711334727494, -0.20669819128277364
-0.025626184840576324, -0.19169631834330908
-0.08009506271527385, -0.17857978369677022
-0.16912521554721965, -0.1482491138144717
-0.24477016431093923, -0.1255092026328399
-0.24477016431093923, -0.1255092026328399
-0.22187128377620843, -0.036068032036659044
-0.1244195354874494, 0.22676875628081924
-0.003841155119603459, 0.206393959645119
0.07359798537030027, 0.1837040514672803
0.2285963507997438, 0.13207121183353882
0.1988153834559629, -0.026795026200932378
0.16862091927742853, -0.15770409170601735
0.1185706465375164, -0.23169727167716483
-0.08009506271527385, -0.17857978369677022
