-0.058962572526560224, 0.01802992997060584
-0.046680234170229006, 0.0698365415064346
-0.020123144951620615, 0.11829212282500357
0.019265341666585202, 0.15392088807217857
0.05734255391103285, 0.07360134228371723
0.027023219145800373, -0.02123633558232181
0.04042954216073206, -0.046161552496854164
0.049791359910203906, -0.12596230931540375
-0.048957008799462645, -0.08724021175957905
-0.058962572526560224, 0.01802992997060584
-0.046680234170229006, 0.0698365415064346
-0.020123144951620615, 0.11829212282500357
0.019265341666585202, 0.15392088807217857
0.05734255391103285, 0.07360134228371723
0.049791359910203906, -0.12596230931540375
-0.048957008799462645, -0.08724021175957905
