-0.4702619454377532, 0.019673687485274476
-0.41318650902558285, 0.03447201776121361
-0.37150631228826875, 0.07695042495867403
-0.2926449768861619, 0.13675708326217897
-0.20852930097864647, 0.21443439787038665
-0.1518084889027894, 0.25962932199286665
-0.09606161369320874, 0.2840831285099352
0.03412207899868281, 0.37831534274568157
0.13783677166017816, 0.4431790702236474
0.18845506176440469, 0.39711471274086596
0.22173237712035546, 0.33596443046026375
0.26296809657334813, 0.3027797202237522
0.2885599892733246, 0.2580276269348873
0.35851124421118874, 0.13869158538274848
0.38600624144692347, 0.09266700559326775
0.4424014976818411, 0.028344175722778923
0.46259778820929204, -0.02911560380806639
0.4098361084735046, -0.0610065145944244
0.3176898687339927, -0.12067508803066423
0.07169508529870033, -0.28399153948321143
-0.18274703865148859, -0.44240440052363283
-0.21507121494781348, -0.4006008934798611
-0.26359427425634474, -0.32870200883463047
-0.28909857363669844, -0.27845705653755254
-0.35101062167137137, -0.2214608883530591
-0.40053448187502344, -0.12711488737927107
-0.4702619454377532, 0.019673687485274476
-0.1518084889027894, 0.25962932199286665
0.03412207899868281, 0.37831534274568157
0.13783677166017816, 0.4431790702236474
0.18845506176440469, 0.39711471274086596
0.26296809657334813, 0.3027797202237522
0.4424014976818411, 0.028344175722778923
0.46259778820929204, -0.02911560380806639
0.07169508529870033, -0.28399153948321143
-0.18274703865148859, -0.44240440052363283
-0.21507121494781348, -0.4006008934798611
-0.35101062167137137, -0.2214608883530591
-0.40053448187502344, -0.12711488737927107
