-0.04348914055297763, 0.1697865681239012
-0.01465724660422233, 0.10483570468823634
0.023117367042105888, 0.06088845530015153
0.057166043752495344, 0.0018471910361927374
0.08154214596517068, -0.06453033723807051
0.1649294983569952, -0.21213392745242585
0.12166655173042269, -0.2373754264168459
0.0731986696100045, -0.2216807506481893
0.019956723651614876, -0.14299091715372605
-0.01203108732229685, -0.06804282143638112
-0.06606800518800551, 0.010173864412467681
-0.14749009066217827, 0.11633266868132512
-0.1505506775572883, 0.18566503314218932
-0.13730410187553488, 0.24453366196025125
-0.1505506775572883, 0.18566503314218932
-0.13730410187553488, 0.24453366196025125
-0.04348914055297763, 0.1697865681239012
0.023117367042105888, 0.06088845530015153
0.057166043752495344, 0.0018471910361927374
0.1649294983569952, -0.21213392745242585
0.12166655173042269, -0.2373754264168459
0.0731986696100045, -0.2216807506481893
0.019956723651614876, -0.14299091715372605
-0.14749009066217827, 0.11633266868132512
