-0.3259384626576746, -0.14409204255091543
-0.2587922906546634, -0.142838650072563
-0.23191649240089796, -0.13466470543785966
-0.13697871132652, -0.04452738148936717
-0.08051883664353415, 0.004495443667327654
-0.019977194472030193, 0.06298171339097221
0.1005839875379041, 0.09579182947087489
0.1475377692208886, 0.1723661010889764
0.20461402523922542, 0.20707580813027188
0.26118465618874126, 0.24694583988986074
0.3122022363905219, 0.22755489609837198
0.31965348679563965, 0.13868021150882862
0.14493391222709187, 0.07592299567038344
0.08466940804202813, 0.00641225816503483
0.018826890022841807, -0.00669804975020733
-0.0028971759839201403, -0.02043830537712439
0.00558429429616816, -0.11819896330204609
-0.16611179132807824, -0.20185830882864594
-0.2361524366177481, -0.20626229117069325
-0.28972705418913763, -0.22924654719000387
-0.35352696170351766, -0.2248045603725522
-0.35352696170351766, -0.2248045603725522
-0.3259384626576746, -0.14409204255091543
-0.019977194472030193, 0.06298171339097221
0.26118465618874126, 0.24694583988986074
0.3122022363905219, 0.22755489609837198
0.31965348679563965, 0.13868021150882862
0.00558429429616816, -0.11819896330204609
-0.16611179132807824, -0.20185830882864594
-0.28972705418913763, -0.22924654719000387
