-1.6732347011566162, 0.8770663142204285
-1.5972486734390259, 0.8753511905670166
-1.5185333490371704, 0.8935655951499939
-1.4381314516067505, 0.8958092927932739
-1.3767286539077759, 0.9119043350219727
-1.2779884338378906, 0.9137964844703674
-1.1649736166000366, 0.8757521510124207
-1.1454777717590332, 0.8195769190788269
-1.123502254486084, 0.7685419321060181
-1.1048967838287354, 0.7109545469284058
-1.0856716632843018, 0.6467654705047607
-1.0650582313537598, 0.5724508762359619
-1.0454697608947754, 0.5082747936248779
-1.0183329582214355, 0.39414018392562866
-0.9845337867736816, 0.3124690651893616
-0.9626657962799072, 0.23430995643138885
-0.9455589056015015, 0.19168132543563843
-0.9055557250976562, 0.1061476394534111
-0.8762092590332031, -0.004960676655173302
-0.8574984073638916, -0.0654299333691597
-0.8391950726509094, -0.14600908756256104
-0.8061328530311584, -0.22762972116470337
-0.7754092812538147, -0.2464146465063095
-0.6963965892791748, -0.22880595922470093
-0.6171013116836548, -0.20553886890411377
-0.5897268652915955, -0.19317594170570374
-0.5505595207214355, -0.14051371812820435
-0.5520063638687134, -0.12195082753896713
-0.5713124871253967, -0.06099395826458931
-0.6089479923248291, 0.038405004888772964
-0.6343552470207214, 0.11575336754322052
-0.6491570472717285, 0.16078051924705505
-0.6547777056694031, 0.1776033192873001
-0.6928395628929138, 0.2771148085594177
-0.7080048322677612, 0.32499051094055176
-0.7125739455223083, 0.3384978175163269
-0.7499748468399048, 0.43846818804740906
-0.7755241394042969, 0.536324143409729
-0.7938889861106873, 0.716518223285675
-0.8121428489685059, 0.7775048613548279
-0.8486611843109131, 0.876889705657959
-0.8572682738304138, 0.9745869636535645
-0.7984031438827515, 0.975264310836792
-0.717370867729187, 0.9936595559120178
-0.6377548575401306, 0.9960313439369202
-0.5777549147605896, 1.014392614364624
-0.4566854238510132, 1.0147242546081543
-0.37680333852767944, 1.0344276428222656
-0.31826815009117126, 1.034603476524353
-0.2575472891330719, 1.0531915426254272
-0.17757155001163483, 1.0577514171600342
-0.11577847599983215, 1.0717042684555054
-0.015006042085587978, 1.074729323387146
0.04252350330352783, 1.0921586751937866
0.10533493012189865, 1.0937553644180298
0.12318701297044754, 1.0947071313858032
0.14306201040744781, 1.0960712432861328
0.20422019064426422, 1.1113431453704834
0.3040735721588135, 1.11692476272583
0.3663388788700104, 1.1318840980529785
0.46468105912208557, 1.1349291801452637
0.524844229221344, 1.15139901638031
0.6027294993400574, 1.1555571556091309
0.6419224739074707, 1.1585696935653687
0.8232287764549255, 1.1734178066253662
0.9611709117889404, 1.1957721710205078
1.1054326295852661, 1.2137503623962402
1.161910891532898, 1.2195292711257935
1.2593973875045776, 1.235749363899231
1.3177587985992432, 1.2515157461166382
1.383445143699646, 1.2542223930358887
1.4416835308074951, 1.2595562934875488
1.5056203603744507, 1.2689610719680786
1.5848525762557983, 1.2756235599517822
1.6259421110153198, 1.279858112335205
1.685916543006897, 1.2971147298812866
1.7842330932617188, 1.299879789352417
1.9216903448104858, 1.320216178894043
1.991620421409607, 1.3378692865371704
2.042485475540161, 1.3358021974563599
2.1044552326202393, 1.3351523876190186
2.198455333709717, 1.3561545610427856
2.3226516246795654, 1.337589144706726
2.3628313541412354, 1.3742913007736206
2.5596730709075928, 1.3202788829803467
2.6030783653259277, 1.368491530418396
2.66070556640625, 1.4178073406219482
2.7246761322021484, 1.413074254989624
2.762845516204834, 1.3718924522399902
2.765026569366455, 1.3180660009384155
2.7566635608673096, 1.25368332862854
2.6820755004882812, 1.222278118133545
2.6338820457458496, 1.19021737575531
2.582974910736084, 1.1535415649414062
2.5660955905914307, 1.1328856945037842
2.5425608158111572, 1.0896565914154053
2.5703723430633545, 1.0070233345031738
2.6250715255737305, 0.9761797785758972
2.6821014881134033, 0.969393253326416
2.7804324626922607, 0.9694210290908813
2.8419079780578613, 0.9904412627220154
2.892428398132324, 0.9799491763114929
2.9148221015930176, 0.9273741841316223
2.9326694011688232, 0.8664430379867554
2.9033942222595215, 0.7129887938499451
2.902272939682007, 0.698837161064148
2.9075522422790527, 0.6752579212188721
2.975700855255127, 0.6870146989822388
2.985302209854126, 0.5124332904815674
3.0234241485595703, 0.4123466908931732
3.035700559616089, 0.35550403594970703
3.042239189147949, 0.2533576786518097
3.050656318664551, 0.19767135381698608
3.0704524517059326, 0.11241797357797623
2.975121259689331, 0.07054414600133896
2.9395270347595215, 0.028685392811894417
2.904421091079712, -0.02275756746530533
2.85274338722229, -0.02804223634302616
2.7875123023986816, -0.03721420839428902
2.7606828212738037, -0.06406126916408539
2.7274105548858643, -0.13134406507015228
2.686408519744873, -0.18694758415222168
2.72395920753479, -0.2232377827167511
2.8824687004089355, -0.26984745264053345
2.945709228515625, -0.26988285779953003
2.994398355484009, -0.268548846244812
3.074554443359375, -0.26244792342185974
3.0876145362854004, -0.3911515772342682
3.052520990371704, -0.526326596736908
3.0653436183929443, -0.5858513712882996
3.081169843673706, -0.6521562337875366
3.0472524166107178, -0.738025426864624
3.0474143028259277, -0.7961924076080322
3.0037970542907715, -0.8414276838302612
2.9204275608062744, -0.8849236369132996
2.857245922088623, -0.8997618556022644
2.874870538711548, -0.9596232771873474
2.7734713554382324, -0.9646185636520386
2.7264904975891113, -0.9445526003837585
2.592617988586426, -0.9690260291099548
2.534346580505371, -0.9661439061164856
2.44343900680542, -0.9875045418739319
2.415856122970581, -0.8964848518371582
2.4110348224639893, -0.7794090509414673
2.3583128452301025, -0.7432366609573364
2.3301849365234375, -0.6546671986579895
2.320462703704834, -0.6042013764381409
2.2891697883605957, -0.5092555284500122
2.3029444217681885, -0.3873698115348816
2.332998752593994, -0.33917829394340515
2.3514037132263184, -0.2877149283885956
2.3497793674468994, -0.2640717327594757
2.327162981033325, -0.14588980376720428
2.31015682220459, -0.1076732948422432
2.2872064113616943, -0.061389897018671036
2.282485008239746, 7.147553842514753E-4
2.252328634262085, 0.05791207775473595
2.199284553527832, 0.10313325375318527
2.1082961559295654, 0.12304375320672989
2.108832597732544, 0.2036837786436081
2.0901031494140625, 0.29212602972984314
2.070024013519287, 0.368954062461853
2.051563262939453, 0.40742528438568115
2.02608585357666, 0.4420819580554962
1.9784576892852783, 0.4748411476612091
1.9502149820327759, 0.48098596930503845
1.8961395025253296, 0.4868454933166504
1.779200792312622, 0.4409961998462677
1.7151538133621216, 0.42230355739593506
1.650308609008789, 0.4092033803462982
1.6015843152999878, 0.3981046974658966
1.542076826095581, 0.3836970031261444
1.460783839225769, 0.37536728382110596
1.3580774068832397, 0.3532797694206238
1.286662220954895, 0.33352428674697876
1.2679009437561035, 0.4161006212234497
1.2494864463806152, 0.4801262319087982
1.2325190305709839, 0.522528886795044
1.181186318397522, 0.554524838924408
1.1365034580230713, 0.5451788902282715
1.0473278760910034, 0.5224351286888123
0.9903260469436646, 0.5054267644882202
0.8980606198310852, 0.49575263261795044
0.8083840608596802, 0.463944673538208
0.7559927701950073, 0.4590342342853546
0.4598453938961029, 0.3778702914714813
0.3854719400405884, 0.35734763741493225
0.3219670057296753, 0.3425697684288025
0.2128477245569229, 0.2972741723060608
0.17360258102416992, 0.24830472469329834
0.14313001930713654, 0.1953800618648529
0.16274544596672058, 0.15420696139335632
0.19742846488952637, 0.11541178077459335
0.20042003691196442, 0.01508812140673399
0.22213193774223328, -0.04523942619562149
0.2606072723865509, -0.10398196429014206
0.2779046893119812, -0.16490286588668823
0.30263030529022217, -0.2655016779899597
0.3417499363422394, -0.3945154547691345
0.34390828013420105, -0.46469876170158386
0.34305238723754883, -0.5192674994468689
0.36190348863601685, -0.5848272442817688
0.4572133719921112, -0.8305782079696655
0.4639885425567627, -0.8834829330444336
0.4674113690853119, -0.9527925848960876
0.5007174015045166, -1.0049536228179932
0.5148278474807739, -1.0724411010742188
0.46297958493232727, -1.0860484838485718
0.38676777482032776, -1.0996211767196655
0.3029666543006897, -1.1273316144943237
0.23952652513980865, -1.1444690227508545
0.18233874440193176, -1.1602922677993774
0.12146980315446854, -1.1791958808898926
0.02325236238539219, -1.202939748764038
-0.04049472138285637, -1.2210272550582886
-0.08706846088171005, -1.2367297410964966
-0.1463366597890854, -1.2576525211334229
-0.1990271508693695, -1.2633284330368042
-0.2595333456993103, -1.2805047035217285
-0.3623500168323517, -1.3021738529205322
-0.41615021228790283, -1.3201204538345337
-0.4602747857570648, -1.366562843322754
-0.5065041184425354, -1.392198085784912
-0.5573142170906067, -1.3857324123382568
-0.6305491328239441, -1.3985157012939453
-0.6562549471855164, -1.4030027389526367
-0.7078328728675842, -1.406558871269226
-0.897222101688385, -1.4244636297225952
-1.0391746759414673, -1.4528648853302002
-1.0890555381774902, -1.4593795537948608
-1.1979504823684692, -1.4651894569396973
-1.2209362983703613, -1.4670002460479736
-1.3174760341644287, -1.485900640487671
-1.3836250305175781, -1.490951418876648
-1.5177218914031982, -1.5047152042388916
-1.5774521827697754, -1.5237716436386108
-1.6284548044204712, -1.528289794921875
-1.685496211051941, -1.526072382926941
-1.7382656335830688, -1.541874647140503
-1.8732566833496094, -1.5063918828964233
-1.857236385345459, -1.3641608953475952
-1.861405611038208, -1.241127371788025
-1.870188593864441, -1.1578140258789062
-1.8707284927368164, -1.0954561233520508
-1.8557260036468506, -1.0438196659088135
-1.8538262844085693, -1.022882103919983
-1.8505858182907104, -0.9602667689323425
-1.8411062955856323, -0.9106335043907166
-1.8377060890197754, -0.8514307737350464
-1.8539679050445557, -0.8007413744926453
-1.7777926921844482, -0.7058807611465454
-1.7013378143310547, -0.6475419998168945
-1.6564942598342896, -0.6077382564544678
-1.636487364768982, -0.5654508471488953
-1.6437969207763672, -0.5290066599845886
-1.6596392393112183, -0.48436689376831055
-1.699981451034546, -0.45495134592056274
-1.7881944179534912, -0.41851386427879333
-1.871951699256897, -0.3853321075439453
-1.8907835483551025, -0.31635284423828125
-1.7747095823287964, -0.27244266867637634
-1.7547049522399902, -0.2625250220298767
-1.732992172241211, -0.2503700256347656
-1.7088088989257812, -0.18597500026226044
-1.7110633850097656, -0.1419954001903534
-1.7355525493621826, -0.09912990778684616
-1.7807878255844116, -0.08272763341665268
-1.8306715488433838, -0.07765167206525803
-1.892831563949585, -0.05587451159954071
-1.9516459703445435, -0.01947205886244774
-1.954063057899475, 0.03346386179327965
-1.9727590084075928, 0.09951005131006241
-1.9782131910324097, 0.1517217606306076
-1.9974255561828613, 0.25776100158691406
-2.0318868160247803, 0.3820933997631073
-2.0509653091430664, 0.4568631052970886
-2.0747499465942383, 0.5368433594703674
-2.117434501647949, 0.6632048487663269
-2.1341891288757324, 0.7376843094825745
-2.1561782360076904, 0.8149037957191467
2.2891697883605957, -0.5092555284500122
2.3029444217681885, -0.3873698115348816
2.337296962738037, -0.19884562492370605
2.686408519744873, -0.18694758415222168
3.074554443359375, -0.26244792342185974
3.0876145362854004, -0.3911515772342682
3.081169843673706, -0.6521562337875366
3.0474143028259277, -0.7961924076080322
3.0037970542907715, -0.8414276838302612
2.874870538711548, -0.9596232771873474
2.44343900680542, -0.9875045418739319
2.3583128452301025, -0.7432366609573364
2.3301849365234375, -0.6546671986579895
1.204446792602539, 0.5400264859199524
2.180596113204956, 0.8737626671791077
1.9784576892852783, 0.4748411476612091
1.542076826095581, 0.3836970031261444
1.286662220954895, 0.33352428674697876
1.9784576892852783, 0.4748411476612091
2.180596113204956, 0.8737626671791077
2.5703723430633545, 1.0070233345031738
2.8419079780578613, 0.9904412627220154
2.892428398132324, 0.9799491763114929
2.9148221015930176, 0.9273741841316223
2.9326694011688232, 0.8664430379867554
2.975700855255127, 0.6870146989822388
3.035700559616089, 0.35550403594970703
3.0704524517059326, 0.11241797357797623
2.904421091079712, -0.02275756746530533
2.686408519744873, -0.18694758415222168
2.337296962738037, -0.19884562492370605
2.1082961559295654, 0.12304375320672989
-0.8572682738304138, 0.9745869636535645
-0.5777549147605896, 1.014392614364624
-0.1504933387041092, 1.0681836605072021
0.2128477245569229, 0.2972741723060608
0.249407097697258, -0.08688199520111084
-0.5505595207214355, -0.14051371812820435
-0.7499748468399048, 0.43846818804740906
-0.7755241394042969, 0.536324143409729
-0.8486611843109131, 0.876889705657959
-0.1504933387041092, 1.0681836605072021
1.991620421409607, 1.3378692865371704
2.66070556640625, 1.4178073406219482
2.7246761322021484, 1.413074254989624
2.762845516204834, 1.3718924522399902
2.765026569366455, 1.3180660009384155
2.7566635608673096, 1.25368332862854
2.5703723430633545, 1.0070233345031738
1.204446792602539, 0.5400264859199524
0.2128477245569229, 0.2972741723060608
-0.7754092812538147, -0.2464146465063095
-0.5505595207214355, -0.14051371812820435
0.249407097697258, -0.08688199520111084
0.2606072723865509, -0.10398196429014206
0.2779046893119812, -0.16490286588668823
0.3417499363422394, -0.3945154547691345
0.4572133719921112, -0.8305782079696655
0.5007174015045166, -1.0049536228179932
0.5148278474807739, -1.0724411010742188
-0.5065041184425354, -1.392198085784912
-0.6305491328239441, -1.3985157012939453
-2.1561782360076904, 0.8149037957191467
-1.6732347011566162, 0.8770663142204285
-1.3767286539077759, 0.9119043350219727
-1.2779884338378906, 0.9137964844703674
-1.1649736166000366, 0.8757521510124207
-1.123502254486084, 0.7685419321060181
-0.9055557250976562, 0.1061476394534111
-0.8908394575119019, 0.0504305399954319
-1.7110633850097656, -0.1419954001903534
-1.892831563949585, -0.05587451159954071
-1.9516459703445435, -0.01947205886244774
-1.8907835483551025, -0.31635284423828125
-1.7110633850097656, -0.1419954001903534
-0.8908394575119019, 0.0504305399954319
-0.7754092812538147, -0.2464146465063095
-0.7488971948623657, -0.4572705924510956
-1.636487364768982, -0.5654508471488953
-1.871951699256897, -0.3853321075439453
-1.8732566833496094, -1.5063918828964233
-1.8707284927368164, -1.0954561233520508
-1.8539679050445557, -0.8007413744926453
-1.7777926921844482, -0.7058807611465454
-1.636487364768982, -0.5654508471488953
-0.7488971948623657, -0.4572705924510956
-0.6305491328239441, -1.3985157012939453
-0.6562549471855164, -1.4030027389526367
-1.5774521827697754, -1.5237716436386108
-1.7382656335830688, -1.541874647140503
