-0.07958947122097015, -0.03926922380924225
-0.0559820719063282, 0.017799846827983856
-4.706596373580396E-4, 0.08638966083526611
0.05048267915844917, 0.010638942942023277
0.02912447601556778, -0.04351675510406494
-0.020968426018953323, -0.08539953827857971
-0.07958947122097015, -0.03926922380924225
-0.0559820719063282, 0.017799846827983856
-4.706596373580396E-4, 0.08638966083526611
0.05048267915844917, 0.010638942942023277
0.02912447601556778, -0.04351675510406494
-0.020968426018953323, -0.08539953827857971
