-0.12683700025081635, -0.024068988859653473
-0.05875883251428604, 0.05660027638077736
0.05246778577566147, 0.1228838562965393
0.11992574483156204, -0.004826209973543882
0.026138827204704285, -0.0872853621840477
-0.07523462176322937, -0.08587832748889923
-0.12683700025081635, -0.024068988859653473
-0.05875883251428604, 0.05660027638077736
0.05246778577566147, 0.1228838562965393
0.11992574483156204, -0.004826209973543882
0.026138827204704285, -0.0872853621840477
-0.07523462176322937, -0.08587832748889923
