-0.052254633525991315, 0.010123238599370542
0.014002739334510881, 0.05663992362676021
0.09940285816242739, 0.1110513960460709
0.15611098066730034, 0.10255991513587338
0.13164261646985775, 0.042743082925969234
0.06343977282708087, 1.3737832850380018E-4
0.0268532680021522, -0.025602356408540337
-0.020011992491564785, -0.06407541770214682
-0.06998577469694148, -0.12636198019199865
-0.11294566893984279, -0.10018606212629425
-0.15267422651531037, -0.06380830522950892
-0.15267422651531037, -0.06380830522950892
-0.052254633525991315, 0.010123238599370542
0.014002739334510881, 0.05663992362676021
0.09940285816242739, 0.1110513960460709
0.15611098066730034, 0.10255991513587338
0.13164261646985775, 0.042743082925969234
-0.06998577469694148, -0.12636198019199865
-0.11294566893984279, -0.10018606212629425
