-0.1905134750153411, 0.3575426677313832
-0.13640018434392284, 0.2729518409470275
-0.07648964742898119, 0.19727988546136876
0.059973980933202914, -0.013872865517817693
0.0803692325713213, -0.04526720086101004
0.13617555771335613, -0.11284135094837819
0.1771621548726025, -0.19606019761392254
0.2574473602396762, -0.3315433401230987
0.20532944958372418, -0.36516009777738967
0.16376404402185507, -0.3193519087217941
0.11650385176419692, -0.23788319272275754
0.08562557430263916, -0.18972118642036728
0.03666556651069672, -0.13062426579778846
-0.011390937463684105, -0.06392313055354881
-0.10395217696076553, 0.08897012969716017
-0.1409192419591399, 0.14144593170059766
-0.18412842694130405, 0.2123735579546372
-0.2179510508432473, 0.25445982711439674
-0.2562407569603199, 0.3117791026071673
-0.2562407569603199, 0.3117791026071673
-0.1905134750153411, 0.3575426677313832
-0.07648964742898119, 0.19727988546136876
0.13617555771335613, -0.11284135094837819
0.2574473602396762, -0.3315433401230987
0.20532944958372418, -0.36516009777738967
0.16376404402185507, -0.3193519087217941
-0.011390937463684105, -0.06392313055354881
