-0.06823395461926884, 0.03000384437475188
0.005937194265573808, 0.042497561923624964
0.03136116393070227, 0.08831615546995271
0.13101866975095927, 0.02507369982410876
0.03652173647676891, 0.024265880825011
0.0229357870451504, -0.07254206016192964
0.08361448471678297, -0.15811555120640272
0.025129223323088656, -0.12404509733820171
-0.030378316426682705, -0.04872214061901866
-0.07940482060038434, -0.002299861940718359
-0.12279808728222222, 0.08441939732500073
-0.12279808728222222, 0.08441939732500073
0.03136116393070227, 0.08831615546995271
0.13101866975095927, 0.02507369982410876
0.08361448471678297, -0.15811555120640272
0.025129223323088656, -0.12404509733820171
-0.07940482060038434, -0.002299861940718359
