-0.3329510996881171, 0.2033732076451356
-0.2889528915559959, 0.2843335547584559
-0.23888340871715646, 0.2505587599680866
-0.19037043621793912, 0.20818400511597387
-0.13736594166001995, 0.1635456982808862
-0.0636367246478177, 0.10413882317417734
-0.003548318544360854, 0.0578320495542253
0.1184392265417469, -0.04215855195442864
0.25397691418912793, -0.14773120050635652
0.3123599624347478, -0.2697118097221926
0.22401979560647658, -0.22644208369760654
0.025514751139762714, -0.20748604544402632
0.07347876250099672, -0.15806000061161082
0.05670921025360377, -0.09078887832752734
0.03131055189942737, -0.06621754555902498
-0.07850766006932261, 0.019191167031040166
-0.16025451237706528, 0.08872882059811739
-0.2608488317361116, 0.16793815185474875
-0.3329510996881171, 0.2033732076451356
-0.2889528915559959, 0.2843335547584559
-0.23888340871715646, 0.2505587599680866
0.11768365911756962, -0.03758998472480922
0.05670921025360377, -0.09078887832752734
0.025514751139762714, -0.20748604544402632
0.05670921025360377, -0.09078887832752734
0.11768365911756962, -0.03758998472480922
0.25397691418912793, -0.14773120050635652
0.3123599624347478, -0.2697118097221926
