-0.22911329567432404, -0.017964491620659828
-0.19505871832370758, 0.031428515911102295
-0.15704506635665894, 0.10147567838430405
-0.12890683114528656, 0.16147156059741974
-0.0958264097571373, 0.2180117517709732
-0.06083247438073158, 0.2789495289325714
-0.0054514966905117035, 0.35547003149986267
0.06910362839698792, 0.32443302869796753
0.13087831437587738, 0.2823556661605835
0.19468560814857483, 0.24857626855373383
0.25704842805862427, 0.21235686540603638
0.3117596209049225, 0.16970789432525635
0.28734585642814636, 0.07124506682157516
0.2180178165435791, -0.020249025896191597
0.17422398924827576, -0.0999545082449913
0.11304531246423721, -0.19439710676670074
0.0826953649520874, -0.28912559151649475
0.00423650536686182, -0.30471155047416687
-0.07691142708063126, -0.2622334957122803
-0.12038423120975494, -0.23706936836242676
-0.18261417746543884, -0.19577103853225708
-0.28157901763916016, -0.13692452013492584
-0.28157901763916016, -0.13692452013492584
-0.22911329567432404, -0.017964491620659828
-0.12890683114528656, 0.16147156059741974
-0.06083247438073158, 0.2789495289325714
-0.0054514966905117035, 0.35547003149986267
0.06910362839698792, 0.32443302869796753
0.25704842805862427, 0.21235686540603638
0.3117596209049225, 0.16970789432525635
0.28734585642814636, 0.07124506682157516
0.0826953649520874, -0.28912559151649475
0.00423650536686182, -0.30471155047416687
-0.07691142708063126, -0.2622334957122803
-0.12038423120975494, -0.23706936836242676
