-0.07735031843185425, 0.20147006213665009
-0.029539581388235092, 0.27549996972084045
0.024169841781258583, 0.24494311213493347
0.04263544827699661, 0.17798398435115814
0.04785807058215141, 0.08605405688285828
0.06027885526418686, -3.106584190391004E-4
0.06352630257606506, -0.052491191774606705
0.0655604749917984, -0.15511561930179596
0.06926851719617844, -0.2751293480396271
-0.003936914261430502, -0.25919225811958313
-0.05043240264058113, -0.2824608385562897
-0.03555173799395561, -0.19991721212863922
-0.009966750629246235, -0.13747313618659973
-0.038496579974889755, -0.05985451489686966
-0.05237159505486488, 1.1738264220184647E-5
-0.011244253255426884, 0.061533086001873016
-0.07820618152618408, 0.10365347564220428
-0.07820618152618408, 0.10365347564220428
-0.07735031843185425, 0.20147006213665009
-0.029539581388235092, 0.27549996972084045
0.024169841781258583, 0.24494311213493347
0.04263544827699661, 0.17798398435115814
0.06027885526418686, -3.106584190391004E-4
0.06352630257606506, -0.052491191774606705
0.06926851719617844, -0.2751293480396271
-0.05043240264058113, -0.2824608385562897
