-0.2553645372390747, 0.0837114155292511
-0.23690685629844666, 0.15316548943519592
-0.1567264199256897, 0.17660506069660187
0.2236054539680481, 0.17724941670894623
0.23441341519355774, 0.004702263046056032
0.23675666749477386, -0.07754175364971161
0.21842598915100098, -0.17211873829364777
0.13932453095912933, -0.17431099712848663
-0.23884306848049164, -0.17523978650569916
-0.2553645372390747, 0.0837114155292511
-0.23690685629844666, 0.15316548943519592
-0.1567264199256897, 0.17660506069660187
0.2236054539680481, 0.17724941670894623
0.23441341519355774, 0.004702263046056032
0.23675666749477386, -0.07754175364971161
0.21842598915100098, -0.17211873829364777
0.13932453095912933, -0.17431099712848663
-0.23884306848049164, -0.17523978650569916
