-0.540622353553772, 0.1293540596961975
-0.5182623267173767, 0.20345158874988556
-0.48237553238868713, 0.28194573521614075
-0.4188007712364197, 0.2858414351940155
-0.33689969778060913, 0.2727145552635193
0.3179621696472168, 0.017111675813794136
0.47466185688972473, -0.05903878062963486
0.46249499917030334, -0.13361495733261108
0.4473843574523926, -0.21005544066429138
0.41994044184684753, -0.2701595425605774
0.3154381215572357, -0.2602333724498749
0.23824401199817657, -0.2373005896806717
-0.09602029621601105, -0.11172492057085037
-0.479757159948349, 0.05116347223520279
-0.540622353553772, 0.1293540596961975
-0.5182623267173767, 0.20345158874988556
-0.48237553238868713, 0.28194573521614075
-0.4188007712364197, 0.2858414351940155
-0.33689969778060913, 0.2727145552635193
0.3179621696472168, 0.017111675813794136
0.47466185688972473, -0.05903878062963486
0.46249499917030334, -0.13361495733261108
0.4473843574523926, -0.21005544066429138
0.41994044184684753, -0.2701595425605774
0.3154381215572357, -0.2602333724498749
0.23824401199817657, -0.2373005896806717
-0.09602029621601105, -0.11172492057085037
-0.479757159948349, 0.05116347223520279
