0.10175053775310516, 0.06289324164390564
0.12369710206985474, -0.0047422414645552635
0.08007018268108368, -0.07998616993427277
0.027148418128490448, -0.08550219982862473
-0.09366326034069061, -0.038455791771411896
-0.10572546720504761, 0.05843747407197952
-0.10572546720504761, 0.05843747407197952
0.10175053775310516, 0.06289324164390564
0.12369710206985474, -0.0047422414645552635
0.08007018268108368, -0.07998616993427277
0.027148418128490448, -0.08550219982862473
-0.09366326034069061, -0.038455791771411896
