-0.05375168099999428, 0.061345841735601425
-0.007050809450447559, 0.32262858748435974
0.06405346840620041, 0.3832586705684662
0.07202218472957611, 0.18028207123279572
0.0604902021586895, -0.24311016499996185
0.05370384082198143, -0.3381550908088684
-0.11091659963130951, -0.42550545930862427
-0.09723123162984848, -0.2937694191932678
-0.11091659963130951, -0.42550545930862427
-0.09723123162984848, -0.2937694191932678
-0.05375168099999428, 0.061345841735601425
-0.007050809450447559, 0.32262858748435974
0.06405346840620041, 0.3832586705684662
0.07202218472957611, 0.18028207123279572
0.0604902021586895, -0.24311016499996185
0.05370384082198143, -0.3381550908088684
