-0.17314857244491577, -0.13403908908367157
-0.14289069175720215, 0.028188256546854973
-0.10787490010261536, 0.09195897728204727
-0.07008951902389526, 0.1499614119529724
0.09792067110538483, 0.20036552846431732
0.1664516180753708, 0.1824713796377182
0.130193829536438, -0.02146102301776409
0.11068543046712875, -0.11406183987855911
0.03600606694817543, -0.15485773980617523
-0.060004450380802155, -0.1904750019311905
-0.17314857244491577, -0.13403908908367157
-0.14289069175720215, 0.028188256546854973
-0.10787490010261536, 0.09195897728204727
-0.07008951902389526, 0.1499614119529724
0.09792067110538483, 0.20036552846431732
0.1664516180753708, 0.1824713796377182
0.130193829536438, -0.02146102301776409
0.11068543046712875, -0.11406183987855911
0.03600606694817543, -0.15485773980617523
-0.060004450380802155, -0.1904750019311905
