-0.18227316439151764, 0.07876457273960114
-0.11384506523609161, 0.1045985221862793
0.03613338619470596, 0.12259626388549805
0.10714375972747803, 0.11714620888233185
0.23555932939052582, 0.08216135203838348
0.2103627473115921, -0.07108800858259201
0.19893352687358856, -0.12736669182777405
-0.1812475472688675, -0.12113495916128159
-0.23213042318820953, -0.0873534083366394
-0.23745569586753845, 0.030922288075089455
-0.23745569586753845, 0.030922288075089455
-0.18227316439151764, 0.07876457273960114
-0.11384506523609161, 0.1045985221862793
0.03613338619470596, 0.12259626388549805
0.10714375972747803, 0.11714620888233185
0.23555932939052582, 0.08216135203838348
0.2103627473115921, -0.07108800858259201
0.19893352687358856, -0.12736669182777405
-0.1812475472688675, -0.12113495916128159
-0.23213042318820953, -0.0873534083366394
