-0.13969105525952316, -0.026509220834553274
-0.08276886084512938, 0.026509970085445103
-0.028071451273352845, 0.0251915130787561
0.014079005985433, 0.05279717047094713
0.07745548535529993, 0.09245235378355664
0.15374354079827696, 0.0888987220548623
0.15803283515253105, 0.029673751530971088
0.0804122583601996, -0.004015803547827264
-0.004172099199977907, 0.005689284117332602
-0.04716499175479797, -0.07770397673465865
-0.09764957921670422, -0.06626741798717076
-0.13969105525952316, -0.026509220834553274
-0.08276886084512938, 0.026509970085445103
0.07745548535529993, 0.09245235378355664
0.15374354079827696, 0.0888987220548623
0.15803283515253105, 0.029673751530971088
-0.04716499175479797, -0.07770397673465865
-0.09764957921670422, -0.06626741798717076
