-0.10432575391673393, 0.10833559320501794
-0.03803303711649612, 0.09066466527294924
0.07262644068582741, 0.040305760554180434
0.10418932923711006, -8.946252671886078E-4
0.06489894685600561, -0.04324446343224317
0.019016060733048238, 0.010339635158158597
-0.022583834340258752, 0.0068214982755834975
-0.06346724689508101, -0.0020823563374141344
-0.050699867030322754, -0.09958948927297322
-0.10111411995770135, -0.09013835192934715
-0.08475701575231932, -0.0049024772656036785
-0.10432575391673393, 0.10833559320501794
-0.03803303711649612, 0.09066466527294924
0.07262644068582741, 0.040305760554180434
0.10418932923711006, -8.946252671886078E-4
0.06489894685600561, -0.04324446343224317
-0.050699867030322754, -0.09958948927297322
-0.10111411995770135, -0.09013835192934715
