-0.1679157770271555, 0.02304144887605586
-0.01643360792571562, 0.040276531108374626
0.07565031993081277, 0.05752184244769687
0.13830652423617382, 0.0530614593985857
0.19592341109402386, 0.024890854324653693
0.15930781323895143, -0.018338352725282957
0.06020673813052933, -0.028429008112767953
-0.025199491249345233, -0.03822748579548192
-0.10336472403451641, -0.05781792797484872
-0.16290843970703156, -0.04477635108298744
-0.21379870491495898, -0.03769793910646038
-0.21379870491495898, -0.03769793910646038
-0.1679157770271555, 0.02304144887605586
0.07565031993081277, 0.05752184244769687
0.13830652423617382, 0.0530614593985857
0.19592341109402386, 0.024890854324653693
0.15930781323895143, -0.018338352725282957
-0.10336472403451641, -0.05781792797484872
