-0.051698265719635594, 0.17117351770060493
0.09182945322015999, 0.17122595623836162
0.09855486188542376, 0.10205933028829538
0.05312168605129582, -0.06931441523053429
-0.0038620576486629145, -0.18455220439566938
-0.06488833404636189, -0.10567301436785782
-0.06488833404636189, -0.10567301436785782
-0.051698265719635594, 0.17117351770060493
0.09182945322015999, 0.17122595623836162
0.09855486188542376, 0.10205933028829538
0.05312168605129582, -0.06931441523053429
-0.0038620576486629145, -0.18455220439566938
