-0.2013451370633478, 0.05742281434286017
-0.08246862755829285, 0.18875079858940524
-0.019927416983226375, 0.24057186031433425
0.06994613081946632, 0.19720339679319643
0.23545522568043697, 0.015899209024676047
0.19428931074390246, -0.03275332160721089
0.06457433549371805, -0.17627041914208388
-0.003603672371323422, -0.2231210189486388
-0.1572607350978821, -0.079360933019545
-0.16859017072155072, -0.06879789833381968
-0.24958871437682625, 0.0072016119760077955
-0.24958871437682625, 0.0072016119760077955
-0.08246862755829285, 0.18875079858940524
-0.019927416983226375, 0.24057186031433425
0.06994613081946632, 0.19720339679319643
0.23545522568043697, 0.015899209024676047
0.19428931074390246, -0.03275332160721089
0.06457433549371805, -0.17627041914208388
-0.003603672371323422, -0.2231210189486388
-0.16859017072155072, -0.06879789833381968
