-0.25509801506996155, -0.07908225804567337
-0.21565276384353638, -0.15451893210411072
-0.17435355484485626, -0.15047584474086761
-0.1306317299604416, -0.10743606090545654
-0.1105179488658905, 0.0028092535212635994
0.011916996911168098, 0.07690048217773438
0.07205824553966522, 0.11555659770965576
0.19164669513702393, 0.18285560607910156
0.24857473373413086, 0.22036243975162506
0.31077247858047485, 0.11479323357343674
0.16981114447116852, 0.07307467609643936
0.09596509486436844, -0.015304157510399818
0.031294818967580795, -0.06859266012907028
-0.016401711851358414, -0.09620021283626556
-0.06085406616330147, -0.1279478371143341
-0.12696042656898499, -0.1461450755596161
-0.16354206204414368, -0.16864821314811707
-0.23714397847652435, -0.2139243185520172
-0.2619790732860565, -0.16158948838710785
-0.34913063049316406, -0.13547536730766296
-0.17435355484485626, -0.15047584474086761
-0.1105179488658905, 0.0028092535212635994
0.07205824553966522, 0.11555659770965576
0.24857473373413086, 0.22036243975162506
0.31077247858047485, 0.11479323357343674
0.031294818967580795, -0.06859266012907028
-0.06085406616330147, -0.1279478371143341
-0.16354206204414368, -0.16864821314811707
-0.34913063049316406, -0.13547536730766296
-0.25509801506996155, -0.07908225804567337
-0.17435355484485626, -0.15047584474086761
-0.16354206204414368, -0.16864821314811707
-0.23714397847652435, -0.2139243185520172
