-0.12570257484912872, -0.00536617124453187
-0.08158504962921143, 0.07532083243131638
0.08489713817834854, 0.14429692924022675
0.15669222176074982, 0.11818414181470871
0.2196609526872635, 0.04711224138736725
0.12106899917125702, -0.008780844509601593
0.00222759204916656, -0.07200884819030762
-0.06685582548379898, -0.06977642327547073
-0.12570257484912872, -0.00536617124453187
-0.08158504962921143, 0.07532083243131638
0.08489713817834854, 0.14429692924022675
0.15669222176074982, 0.11818414181470871
0.2196609526872635, 0.04711224138736725
0.12106899917125702, -0.008780844509601593
0.00222759204916656, -0.07200884819030762
-0.06685582548379898, -0.06977642327547073
