0.05557289719581604, 0.015869127586483955
-0.1114778071641922, -0.10422072559595108
-0.2745792269706726, -0.19993194937705994
-0.36082684993743896, -0.24893464148044586
-0.30296197533607483, -0.13895481824874878
-0.2644214928150177, -0.09696014970541
-0.21045619249343872, -0.05089066922664642
-0.03055652603507042, 0.05364843085408211
-0.36082684993743896, -0.24893464148044586
-0.30296197533607483, -0.13895481824874878
-0.2644214928150177, -0.09696014970541
-0.21045619249343872, -0.05089066922664642
-0.03055652603507042, 0.05364843085408211
0.05557289719581604, 0.015869127586483955
-0.1114778071641922, -0.10422072559595108
-0.2745792269706726, -0.19993194937705994
