-0.013477540574967861, 0.1060880795121193
0.029723569750785828, 0.07611734420061111
0.05975942313671112, 0.02555307187139988
0.06730043888092041, -0.03323588892817497
0.03212685510516167, -0.11673681437969208
-0.03375246003270149, -0.05848303064703941
-0.06832874566316605, -0.018194373697042465
-0.07904773950576782, 0.06690313667058945
-0.07904773950576782, 0.06690313667058945
-0.013477540574967861, 0.1060880795121193
0.029723569750785828, 0.07611734420061111
0.05975942313671112, 0.02555307187139988
0.06730043888092041, -0.03323588892817497
0.03212685510516167, -0.11673681437969208
-0.03375246003270149, -0.05848303064703941
-0.06832874566316605, -0.018194373697042465
