0.006534718908369541, 0.006049586925655603
-3.212789015378803E-4, -0.09695170074701309
-0.035274337977170944, -0.18815578520298004
-0.061561744660139084, -0.2391708940267563
-0.09143422544002533, -0.1740802675485611
-0.07596666365861893, -0.12564706802368164
-0.0500631183385849, -0.04406576603651047
-0.09143422544002533, -0.1740802675485611
-0.0500631183385849, -0.04406576603651047
0.006534718908369541, 0.006049586925655603
-3.212789015378803E-4, -0.09695170074701309
-0.035274337977170944, -0.18815578520298004
-0.061561744660139084, -0.2391708940267563
