-0.15419457852840424, -0.004588429816067219
-0.08124811947345734, 0.04073357954621315
0.07005839049816132, 0.15542061626911163
0.11268380284309387, 0.2502126693725586
0.13624529540538788, 0.17814159393310547
0.1543213129043579, 0.11598370969295502
0.1373482495546341, 0.01794550009071827
0.07701144367456436, -0.04055001586675644
0.05598963052034378, -0.09792212396860123
0.01536635123193264, -0.15924301743507385
-0.034018393605947495, -0.16886281967163086
-0.07506661862134933, -0.2189161628484726
-0.11440589278936386, -0.17775015532970428
-0.15262392163276672, -0.09101172536611557
-0.15419457852840424, -0.004588429816067219
0.11268380284309387, 0.2502126693725586
0.13624529540538788, 0.17814159393310547
0.1543213129043579, 0.11598370969295502
0.1373482495546341, 0.01794550009071827
0.01536635123193264, -0.15924301743507385
-0.07506661862134933, -0.2189161628484726
-0.11440589278936386, -0.17775015532970428
-0.15262392163276672, -0.09101172536611557
