-0.08145131170749664, 0.14476121962070465
-0.02100178599357605, 0.10816287249326706
0.019448354840278625, 0.02954762428998947
0.039989084005355835, -0.03845561295747757
0.11192122101783752, -0.09743240475654602
0.12449510395526886, -0.1588577926158905
0.04270782694220543, -0.12476833909749985
-0.014166837558150291, -0.044988133013248444
-0.09814761579036713, 0.03738079220056534
-0.09814761579036713, 0.03738079220056534
-0.08145131170749664, 0.14476121962070465
-0.02100178599357605, 0.10816287249326706
0.11192122101783752, -0.09743240475654602
0.12449510395526886, -0.1588577926158905
0.04270782694220543, -0.12476833909749985
