-0.15700390934944153, -0.13916920125484467
-0.1286311000585556, -0.05147046595811844
-0.028952699154615402, 0.04311937466263771
8.192081586457789E-4, 0.10695113241672516
0.01899287849664688, 0.17948681116104126
0.047845933586359024, 0.23302870988845825
0.1136149987578392, 0.17792198061943054
0.13106752932071686, 0.11065157502889633
0.11726585775613785, 0.023305336013436317
0.09256651997566223, -0.05270838737487793
0.03875149413943291, -0.13422293961048126
-0.012904888950288296, -0.15409235656261444
-0.10564538091421127, -0.18159237504005432
-0.15700390934944153, -0.13916920125484467
-0.1286311000585556, -0.05147046595811844
0.047845933586359024, 0.23302870988845825
0.1136149987578392, 0.17792198061943054
0.13106752932071686, 0.11065157502889633
0.11726585775613785, 0.023305336013436317
0.09256651997566223, -0.05270838737487793
0.03875149413943291, -0.13422293961048126
-0.012904888950288296, -0.15409235656261444
-0.10564538091421127, -0.18159237504005432
