0.10446369647979736, 0.03831121698021889
0.03111654333770275, 0.004175904206931591
-0.011626406572759151, -0.0405716635286808
-0.06613907963037491, -0.10346204042434692
-0.1101238951086998, -0.14239056408405304
-0.15294550359249115, -0.03164801746606827
-0.06391186267137527, -0.019681211560964584
-0.02637377940118313, 0.02895045280456543
0.06598035246133804, 0.04567299410700798
0.12837722897529602, 0.09498335421085358
-0.15294550359249115, -0.03164801746606827
-0.02637377940118313, 0.02895045280456543
0.12837722897529602, 0.09498335421085358
0.10446369647979736, 0.03831121698021889
-0.1101238951086998, -0.14239056408405304
