-0.09307346940895421, -0.0858938060886998
-0.059245617948233915, -0.00908627863358776
-0.06393432631025708, 0.05713778713442018
0.02903882817473155, 0.09251576004405537
0.08250563235898543, 0.1557373951960252
0.07751295418784328, 0.06323135906833237
0.04728744313015759, 0.013800290039940984
0.005218708372520496, -0.06724619009269332
-0.051578605853171956, -0.10850320957812437
-0.1657826488746625, -0.174981004702977
-0.1657826488746625, -0.174981004702977
-0.06393432631025708, 0.05713778713442018
0.08250563235898543, 0.1557373951960252
0.07751295418784328, 0.06323135906833237
0.005218708372520496, -0.06724619009269332
-0.051578605853171956, -0.10850320957812437
