-0.09179494408787572, -0.1349387818354463
-0.05780199892262836, -0.04257348047842036
-0.020186685432592208, 0.04794959235878307
-0.02000099685156278, 0.14480377403227224
0.03507455387351607, 0.218340706721152
0.06692509294363568, 0.26527138850729753
0.1595767556831486, 0.22850776211085086
0.13478483666059327, 0.14433136823068637
0.09391516852266307, 0.06844699228530574
0.05110245954126726, -0.011951446934827949
0.014474594492396372, -0.09195094442758224
0.004314824266226791, -0.14435364832378386
-0.09179494408787572, -0.1349387818354463
-0.02000099685156278, 0.14480377403227224
0.06692509294363568, 0.26527138850729753
0.1595767556831486, 0.22850776211085086
0.13478483666059327, 0.14433136823068637
0.004314824266226791, -0.14435364832378386
