-0.10789899017886564, 0.16220836605872482
-0.0610814445077916, 0.08344091774336453
0.05838681509001793, -0.015949687379203673
0.0998064443560231, -0.05867641896428503
0.15699038326224019, -0.05042250697736336
0.2274336653040214, 0.024389611296204462
0.22064903065484343, -0.060513598197909316
0.22091203151473932, -0.1551926507316846
0.13975233355534958, -0.11939321477282291
0.014400288230999276, -0.026238204601589696
0.0025947916514526166, -0.022975289129566964
-0.07075338060364607, -0.0035409531608280517
-0.12528282610903693, 0.015086513221957087
-0.1724901380552666, 0.09505475450514546
0.09003682995819866, -0.0824472819699145
0.0998064443560231, -0.05867641896428503
0.2274336653040214, 0.024389611296204462
0.22091203151473932, -0.1551926507316846
0.13975233355534958, -0.11939321477282291
-0.1724901380552666, 0.09505475450514546
-0.10789899017886564, 0.16220836605872482
0.0998064443560231, -0.05867641896428503
0.09003682995819866, -0.0824472819699145
-0.12528282610903693, 0.015086513221957087
