-0.08704087138175964, 0.16920417547225952
-0.00574671383947134, 0.22121988236904144
0.07293364405632019, 0.22244128584861755
0.20721688866615295, 0.01940029487013817
0.18686963617801666, -0.05377429351210594
0.036741092801094055, -0.2162712961435318
-0.016470421105623245, -0.22628356516361237
-0.15887455642223358, -0.09736493229866028
-0.1878698468208313, -0.04493684321641922
-0.22800451517105103, 0.03193282708525658
-0.22800451517105103, 0.03193282708525658
-0.08704087138175964, 0.16920417547225952
-0.00574671383947134, 0.22121988236904144
0.07293364405632019, 0.22244128584861755
0.20721688866615295, 0.01940029487013817
0.18686963617801666, -0.05377429351210594
0.036741092801094055, -0.2162712961435318
-0.016470421105623245, -0.22628356516361237
-0.15887455642223358, -0.09736493229866028
-0.1878698468208313, -0.04493684321641922
