0.12161348015069962, 0.058283936232328415
0.1572578400373459, 0.04368630051612854
0.2285018414258957, -0.020110944285988808
0.2665629982948303, -0.05898505821824074
0.31663575768470764, -0.14778418838977814
0.2260763943195343, -0.14037150144577026
0.19210965931415558, -0.07969287782907486
0.1757841408252716, -0.05263068526983261
0.12222720682621002, -0.01269129104912281
0.040626004338264465, -0.037158723920583725
-0.046242326498031616, -0.1509220153093338
-0.0844392329454422, -0.05523000657558441
-0.12707528471946716, 0.009389449842274189
-0.1756879985332489, 0.04190899804234505
-0.10458968579769135, 0.08735328912734985
-0.11936284601688385, 0.15697231888771057
-0.1756879985332489, 0.04190899804234505
-0.11936284601688385, 0.15697231888771057
0.12161348015069962, 0.058283936232328415
0.12222720682621002, -0.01269129104912281
-0.046242326498031616, -0.1509220153093338
0.12161348015069962, 0.058283936232328415
0.1572578400373459, 0.04368630051612854
0.2285018414258957, -0.020110944285988808
0.2665629982948303, -0.05898505821824074
0.31663575768470764, -0.14778418838977814
0.2260763943195343, -0.14037150144577026
0.12222720682621002, -0.01269129104912281
