-1.337162971496582, 0.04390968754887581
-1.364944338798523, 0.19709675014019012
-1.314241647720337, 0.262041300535202
-1.1411296129226685, 0.32072436809539795
-0.3275125324726105, 0.5858227014541626
-0.03205299749970436, 0.6820913553237915
0.4346247911453247, 0.8022129535675049
1.0547932386398315, 0.9601737260818481
1.1055958271026611, 0.8056484460830688
0.9794413447380066, 0.7264940142631531
0.919796884059906, 0.7267708778381348
0.8200036287307739, 0.6705034971237183
0.7797494530677795, 0.6278426051139832
0.7999482750892639, 0.5678949952125549
0.8007409572601318, 0.5082356929779053
0.8027105331420898, 0.4657474756240845
0.8597900867462158, 0.4069165587425232
0.8793761730194092, 0.327411413192749
0.9136373996734619, 0.2417241781949997
0.9205082654953003, 0.1673787385225296
0.957925021648407, 0.04852068051695824
0.9802209734916687, -0.01242361031472683
1.0087268352508545, -0.0632711872458458
1.019532322883606, -0.12945830821990967
1.019704818725586, -0.21265293657779694
1.0466927289962769, -0.28247907757759094
1.0784188508987427, -0.3382047116756439
1.080023169517517, -0.39277833700180054
1.100115418434143, -0.4519557058811188
1.1397823095321655, -0.5320141911506653
1.1594631671905518, -0.6138037443161011
1.1611162424087524, -0.6723562479019165
1.0397992134094238, -0.711272120475769
1.0031006336212158, -0.671427845954895
0.9696834087371826, -0.5882577896118164
0.9641408920288086, -0.5307869911193848
0.9030207395553589, -0.3508090376853943
0.8846668004989624, -0.29027920961380005
0.8460489511489868, -0.2097148597240448
0.8232017755508423, -0.11261790990829468
0.8019517064094543, -0.032249338924884796
0.7701812982559204, 0.021665092557668686
0.7616755366325378, 0.07290327548980713
0.7444624304771423, 0.12969109416007996
0.7235147953033447, 0.18900886178016663
0.7072763442993164, 0.2684858441352844
0.7018922567367554, 0.2877398431301117
0.6828594207763672, 0.34821271896362305
0.5808912515640259, 0.5889266133308411
0.5195044279098511, 0.588586688041687
0.5012067556381226, 0.5877570509910583
0.4151430130004883, 0.5631998181343079
0.35933247208595276, 0.5416513681411743
0.29888877272605896, 0.5283027291297913
0.2199731320142746, 0.5077695846557617
0.15979497134685516, 0.4878405034542084
0.04043472558259964, 0.4480477273464203
-0.022520527243614197, 0.42827555537223816
-0.08110930770635605, 0.4091758131980896
-0.13910634815692902, 0.38958603143692017
-0.2020537108182907, 0.37548017501831055
-0.26044806838035583, 0.36806148290634155
-0.34178948402404785, 0.33029407262802124
-0.4182599186897278, 0.32709911465644836
-0.5184739828109741, 0.29034993052482605
-0.6164261698722839, 0.2826445698738098
-0.7002298831939697, 0.24653832614421844
-0.7790135145187378, 0.2255031168460846
-0.8336180448532104, 0.20272453129291534
-0.9194046258926392, 0.18774506449699402
-1.0219652652740479, 0.16801168024539948
-1.1402615308761597, 0.10669359564781189
-1.2024081945419312, 0.09039510786533356
-1.2624123096466064, 0.06519195437431335
-1.364944338798523, 0.19709675014019012
-1.314241647720337, 0.262041300535202
-1.1411296129226685, 0.32072436809539795
-0.3275125324726105, 0.5858227014541626
0.5909792184829712, 0.6206789016723633
0.5808912515640259, 0.5889266133308411
-1.337162971496582, 0.04390968754887581
0.5808912515640259, 0.5889266133308411
0.5909792184829712, 0.6206789016723633
0.7797494530677795, 0.6278426051139832
0.8597900867462158, 0.4069165587425232
0.9136373996734619, 0.2417241781949997
1.0087268352508545, -0.0632711872458458
1.1397823095321655, -0.5320141911506653
1.1594631671905518, -0.6138037443161011
1.1611162424087524, -0.6723562479019165
1.0397992134094238, -0.711272120475769
1.0031006336212158, -0.671427845954895
0.9696834087371826, -0.5882577896118164
-0.3275125324726105, 0.5858227014541626
-0.03205299749970436, 0.6820913553237915
0.4346247911453247, 0.8022129535675049
1.0547932386398315, 0.9601737260818481
1.1055958271026611, 0.8056484460830688
0.9794413447380066, 0.7264940142631531
0.7797494530677795, 0.6278426051139832
