-0.09507766366004944, 0.005288605112582445
-0.1350146383047104, 0.0821404755115509
-0.1894969642162323, 0.3808180093765259
-0.11269229650497437, 0.46285614371299744
-0.04205026850104332, 0.4467201828956604
0.04488611966371536, 0.28803589940071106
0.1015082448720932, 0.04443402215838432
0.09771072119474411, -0.057732608169317245
0.057826485484838486, -0.13183671236038208
0.007921605370938778, -0.11340402066707611
-0.1894969642162323, 0.3808180093765259
-0.11269229650497437, 0.46285614371299744
-0.04205026850104332, 0.4467201828956604
0.04488611966371536, 0.28803589940071106
0.1015082448720932, 0.04443402215838432
0.09771072119474411, -0.057732608169317245
0.057826485484838486, -0.13183671236038208
0.007921605370938778, -0.11340402066707611
-0.09507766366004944, 0.005288605112582445
-0.1350146383047104, 0.0821404755115509
