-0.21714459841115813, -0.06913429473525248
-0.1962869401260671, -0.008395495443622187
-0.1160668775769945, 0.01082294233185619
-0.045447096992982695, 0.02568889685390813
0.04219001251303914, 0.038673458324057136
0.10049684339847384, 0.056075563663953984
0.20246407558247112, 0.07660834661793911
0.2833449726954424, 0.06090891590768468
0.1930985713525598, 0.030046682902660733
0.07763056185447814, 0.009525023140660829
0.004484828185772061, -0.013279385977184976
-0.0605045719607342, -0.040336102251821465
-0.12322273152116373, -0.0729542511622873
-0.21714459841115813, -0.06913429473525248
-0.1962869401260671, -0.008395495443622187
-0.1160668775769945, 0.01082294233185619
-0.045447096992982695, 0.02568889685390813
0.10049684339847384, 0.056075563663953984
0.20246407558247112, 0.07660834661793911
0.2833449726954424, 0.06090891590768468
0.1930985713525598, 0.030046682902660733
-0.12322273152116373, -0.0729542511622873
