0.042058274392788135, 0.1165633669613654
0.006079903866118708, 0.07301154970084807
0.06634661753856094, -0.00578796760078318
0.07754209417843395, -0.06243851140202931
0.016238969604035022, -0.10055474212149361
-0.03632495094727339, -0.09758221172517786
-0.06957884203992881, -0.058375234931741335
-0.04602053642139373, 0.013524363949411986
-0.06681891538192325, 0.08463791151391155
-0.019568662364236968, 0.13863589700943305
-0.06957884203992881, -0.058375234931741335
-0.06681891538192325, 0.08463791151391155
-0.019568662364236968, 0.13863589700943305
0.042058274392788135, 0.1165633669613654
0.06634661753856094, -0.00578796760078318
0.07754209417843395, -0.06243851140202931
0.016238969604035022, -0.10055474212149361
-0.03632495094727339, -0.09758221172517786
