-0.12692132557622074, -0.07290272872196302
-0.006849486536820413, 0.204805796909021
0.06390608297963712, 0.36916288553681686
0.08707771196304054, 0.29404532063937017
0.08897943600013138, 0.23461414262804278
0.09548559039189045, 0.17354626476883606
0.08771713395393592, 0.11897149782260918
0.11287292223524552, 0.061140502758355225
0.0694780723732702, -0.04994038478419097
0.09731232659017344, -0.18936216838639836
0.10572035551392232, -0.2588062289038389
-0.00706965242178374, -0.27534564391275024
-0.06630728039436143, -0.27643711336246757
-0.14752408622091018, -0.2230529055883539
-0.1575827006566936, -0.14359930685117728
-0.1575827006566936, -0.14359930685117728
0.06390608297963712, 0.36916288553681686
0.08707771196304054, 0.29404532063937017
0.11287292223524552, 0.061140502758355225
0.10572035551392232, -0.2588062289038389
-0.00706965242178374, -0.27534564391275024
-0.06630728039436143, -0.27643711336246757
-0.14752408622091018, -0.2230529055883539
