-0.16543816839807, 0.021203219386659738
-0.14577412633922082, 0.07674170183509527
-0.12984369191883233, 0.1367555566150912
-0.10563756681528892, 0.21395476915052028
0.06978032599749559, 0.19854682234718465
0.12843574915730382, 0.1606185003409669
0.20878078304807055, 0.15970271722948348
0.21012358696472053, 0.02151737936788248
0.20382231499777154, -0.057523594752981834
0.18548999732332894, -0.11941469796047781
0.17105011539672813, -0.20148585693578502
0.11075862074380285, -0.21640831919877423
0.04871048816760042, -0.19993589562487496
-0.032257256230457866, -0.18304909241919626
-0.11200884546328294, -0.1626497024814819
-0.16929527566809835, -0.15873528728283318
-0.207027602333298, -0.12064736563832583
-0.207027602333298, -0.12064736563832583
-0.16543816839807, 0.021203219386659738
-0.12984369191883233, 0.1367555566150912
-0.10563756681528892, 0.21395476915052028
0.06978032599749559, 0.19854682234718465
0.20878078304807055, 0.15970271722948348
0.21012358696472053, 0.02151737936788248
0.20382231499777154, -0.057523594752981834
0.17105011539672813, -0.20148585693578502
0.11075862074380285, -0.21640831919877423
-0.16929527566809835, -0.15873528728283318
