-0.339344163115121, -0.10286958965358253
-0.2881975766495183, -0.03027345575382371
-0.22219191616056108, 0.030878487368470695
-0.17166770594695005, 0.07024396563127257
-0.1514257885927791, 0.09145925421987453
-0.14964369429294958, 0.1774667376781658
-0.06906377441278448, 0.16969452120200185
-0.04431302919380883, 0.20748442259499117
-0.008760049098400101, 0.28692394546791655
0.0493530856772764, 0.2913673287645424
0.11298101291274636, 0.3691466364419148
0.2274364826263892, 0.30824917032795707
0.3074883268158481, 0.250491615774835
0.40757893518413946, 0.15093735272756162
0.32899195719411517, 0.09138299741728814
0.30074576212310533, 0.027234841908465795
0.20273450837743479, -0.08503419508645232
0.1121489064690314, -0.14913284003268212
0.08960288189156543, -0.16941504982898556
0.05053367187400811, -0.20932985216397268
-0.012017775960383852, -0.26788409021221077
-0.050516546477112415, -0.3294866759480082
-0.11075349644161382, -0.3899855068153559
-0.14770857798640138, -0.42718550548351497
-0.21372721060710997, -0.3735427165975233
-0.269636899450778, -0.3083617562749875
-0.3300673849051422, -0.2667761986067457
-0.4100174061854936, -0.188836882281256
-0.4100174061854936, -0.188836882281256
-0.14964369429294958, 0.1774667376781658
-0.008760049098400101, 0.28692394546791655
0.11298101291274636, 0.3691466364419148
0.2274364826263892, 0.30824917032795707
0.3074883268158481, 0.250491615774835
0.40757893518413946, 0.15093735272756162
0.30074576212310533, 0.027234841908465795
0.20273450837743479, -0.08503419508645232
-0.14770857798640138, -0.42718550548351497
-0.21372721060710997, -0.3735427165975233
-0.3300673849051422, -0.2667761986067457
