-0.09911112941462205, -0.06098486794080172
0.01884308990780549, 0.07914616883490612
0.08035643718124871, 0.15323056458034914
0.1343072346706724, 0.12433354689765032
0.024869892717799828, -0.0059231457783936285
-0.016638490152464942, -0.06448520424240264
-0.05573139877511774, -0.10462052016910174
-0.13056312153932537, -0.16964790697050722
-0.1334222777487589, -0.09959745649133156
-0.1334222777487589, -0.09959745649133156
0.08035643718124871, 0.15323056458034914
0.1343072346706724, 0.12433354689765032
-0.016638490152464942, -0.06448520424240264
-0.05573139877511774, -0.10462052016910174
-0.13056312153932537, -0.16964790697050722
