-0.21849949884752742, 0.009595718536541668
-0.011383929577174306, 0.03312850584624952
0.07360428233591955, 0.05120180918333983
0.12052305818884565, 0.06853845323219754
0.19379589837705435, 0.03181318053100823
0.15264083250317323, -0.0349224440289973
0.02139629248229604, -0.035015832134486835
-0.07199793251773008, -0.08347923765139142
-0.1800461670732237, -0.053485632201731775
-0.21849949884752742, 0.009595718536541668
0.12052305818884565, 0.06853845323219754
0.19379589837705435, 0.03181318053100823
0.15264083250317323, -0.0349224440289973
-0.07199793251773008, -0.08347923765139142
-0.1800461670732237, -0.053485632201731775
