-0.15997088740658158, -0.13162806358445633
-0.09914344922591044, -0.07171849836088685
-0.042191467342257385, -0.012139247645315192
-0.002202250270555491, 0.04922629548854705
0.07933784522601084, 0.128315504992879
0.13603964868881596, 0.20293847334276938
0.14669482315888224, 0.12405607817195369
0.003753557259379708, -0.032424092000506
-0.08010005480639731, -0.11005842281805492
-0.1340735729091752, -0.17359763496888966
-0.2195171092848543, -0.21000132435920166
-0.2195171092848543, -0.21000132435920166
-0.15997088740658158, -0.13162806358445633
-0.002202250270555491, 0.04922629548854705
0.13603964868881596, 0.20293847334276938
0.14669482315888224, 0.12405607817195369
0.003753557259379708, -0.032424092000506
-0.1340735729091752, -0.17359763496888966
