-0.1711454935379025, 0.09097029761627302
-0.1093282475736727, 0.1102546439763764
0.009722881650503216, 0.15264949799425884
0.1081159662710689, 0.13586790207515217
0.14246712640164544, 0.05279156764801086
0.16485860749978426, -0.03421946997036812
0.15511762401790838, -0.1232955121290725
0.05074962333771143, -0.1588426155312935
-0.038690291473645486, -0.1414214841149107
-0.11043710519252614, -0.12787617551129285
-0.1461144684290376, -0.046543035433911306
-0.16861834560896813, 0.008637172206599437
-0.1711454935379025, 0.09097029761627302
0.009722881650503216, 0.15264949799425884
0.1081159662710689, 0.13586790207515217
0.14246712640164544, 0.05279156764801086
0.16485860749978426, -0.03421946997036812
0.15511762401790838, -0.1232955121290725
0.05074962333771143, -0.1588426155312935
-0.11043710519252614, -0.12787617551129285
-0.1461144684290376, -0.046543035433911306
-0.16861834560896813, 0.008637172206599437
