-0.1035424629694346, 0.39891601404484234
-0.06090230574332349, 0.3318323220927492
-0.023286918952378905, 0.1924541392772003
-5.790487513827928E-4, 0.13368235534346365
0.013343651334299976, 0.07482119040688197
0.04081600779076573, 0.014275771895730247
0.05458827227922981, -0.039717588013565466
0.0981522934630071, -0.16924836402343055
0.12155542707417032, -0.22470599936846936
0.13886414797672658, -0.31040539944024176
0.05608984313507617, -0.34544450253485437
0.019980647847434908, -0.28678346729807314
-0.0022559671498107014, -0.20509936653130428
-0.03682988179417608, -0.12657601609546076
-0.05943024299703604, -0.04610875021745109
-0.06528799832554424, 0.03126870576951684
-0.1000359593476446, 0.11561519692002277
-0.06533832249251807, 0.17119774566495022
-0.06092483559579227, 0.21326522699365486
-0.100744994043686, 0.2726268195912305
-0.10235187087149233, 0.33077556470259567
-0.15875347645422036, 0.3941342624943338
-0.15875347645422036, 0.3941342624943338
-0.1035424629694346, 0.39891601404484234
-0.06090230574332349, 0.3318323220927492
0.12155542707417032, -0.22470599936846936
0.13886414797672658, -0.31040539944024176
0.05608984313507617, -0.34544450253485437
0.019980647847434908, -0.28678346729807314
-0.03682988179417608, -0.12657601609546076
-0.05943024299703604, -0.04610875021745109
-0.1000359593476446, 0.11561519692002277
