-0.1813947023035606, -0.2774020660327654
-0.13283095673547846, -0.21143778852545575
-0.09770604304099223, -0.15456559270793238
-0.048090745344601435, -0.04668632185945073
0.00551139678394073, 0.032079187188437046
0.03368983024177617, 0.11175658200810987
0.07628395560720122, 0.1865423501637916
0.09393059910711392, 0.26138377684810404
0.11443715009562226, 0.32203093299617924
0.17091861281432555, 0.30199408585339216
0.14843162225622508, 0.23019224993563672
0.00437953262398413, -0.05185764328141563
-0.017934069053785116, -0.11182283965422107
-0.03895063263431857, -0.16980713186988117
-0.08426130934548635, -0.23216647392539602
-0.1604955130855505, -0.33081725878377005
-0.24409220646945673, -0.37133260905750604
-0.24409220646945673, -0.37133260905750604
0.11443715009562226, 0.32203093299617924
0.17091861281432555, 0.30199408585339216
0.14843162225622508, 0.23019224993563672
-0.03895063263431857, -0.16980713186988117
-0.08426130934548635, -0.23216647392539602
-0.1604955130855505, -0.33081725878377005
