-0.22728396501173057, 0.07911070387413048
-0.20707209645335645, 0.14454738291619432
-0.16709148666351267, 0.18101997557264404
-0.06663919476661247, 0.20056205683292758
0.012729104314185965, 0.21768852039776906
0.09552362016144175, 0.23809382376415905
0.10804276116456542, 0.14600838672798738
0.1337813442502162, 0.052163716223273815
0.1634285244578495, -0.026107094643748992
0.163947479041077, -0.07904771382232945
0.18168370233186923, -0.18828259288125213
0.09067760575872602, -0.2281292237293827
-0.02758195021522862, -0.2560495169362729
-0.08232525800623491, -0.15406972809147348
-0.1093345534828335, -0.09890310488113177
-0.188330270017795, -0.1183818436010302
-0.22728396501173057, 0.07911070387413048
-0.20707209645335645, 0.14454738291619432
-0.16709148666351267, 0.18101997557264404
0.09552362016144175, 0.23809382376415905
0.1634285244578495, -0.026107094643748992
0.18168370233186923, -0.18828259288125213
0.09067760575872602, -0.2281292237293827
-0.02758195021522862, -0.2560495169362729
-0.188330270017795, -0.1183818436010302
