-0.012710419676664126, -0.1818448404709486
-0.013070218663930499, -0.11970532222935384
-0.028009189320016524, -0.023237840410560127
-0.012016546553734289, 0.05386736185772061
0.033577780441937585, 0.1961574090707675
0.055714971886867894, 0.13583255083118032
0.046790844567958206, 0.05151042425200765
0.051163261706336755, -0.012098488318031876
0.021647782588399216, -0.08912100853022978
-0.028009189320016524, -0.023237840410560127
-0.012016546553734289, 0.05386736185772061
0.033577780441937585, 0.1961574090707675
0.055714971886867894, 0.13583255083118032
0.051163261706336755, -0.012098488318031876
-0.012710419676664126, -0.1818448404709486
