-0.1925393179091026, 0.6492480335985723
-0.12298015083373127, 0.6004962362079068
-0.05899932188678829, 0.5325208554615006
-0.029186321273316138, 0.5198263764783163
0.054940420061212816, 0.5544768016154393
0.06940836602150303, 0.49426070560904317
0.007806288033924537, 0.4343567569197213
0.04421226294353601, 0.34548304537442653
0.12390285212413175, 0.347121290729139
0.13672062941342092, 0.18843334148508484
0.0556218027504617, 0.12690574388850248
-7.080106331771186E-4, 0.05897531936386169
0.0073469989254076815, 0.005144390169255414
0.01804780364681425, -0.0873812111741484
0.040242968400251655, -0.25033770240345665
0.045084980539935995, -0.34545605267228263
0.05161287076765055, -0.4427862215735734
0.0752809428665847, -0.5137357451891019
0.10429313122265871, -0.5690350946964181
0.1224186621828597, -0.667084217865393
0.11514998741995176, -0.7384523425984931
0.11171471490487786, -0.7801787543469366
0.13529731678262363, -0.8391260255095965
0.16195309319636844, -0.9717463832621589
0.17557904953331124, -1.0716562084314332
0.09349294651027663, -1.0301077046552656
0.09470271211668078, -0.9226285490434674
0.09003287992977174, -0.8812393514222416
0.0771547949266113, -0.807403108744263
0.06546034197135697, -0.749117700899826
0.036353020627586385, -0.6732443381678804
0.017177194259943795, -0.5416627587315549
-0.005103037603571158, -0.3927453637254086
-0.031053063195008217, -0.3212901675115904
-0.058714345955903566, -0.15567535954752312
-0.061897708788011575, -0.13748683357325633
-0.09182834833903947, -0.04795775388173576
-0.10047767489190876, 0.02217280660570842
-0.12023673526075342, 0.11780040648884094
-0.11032587769591987, 0.17557268843978713
-0.10750620104170223, 0.20025541398975122
-0.1480981248783766, 0.2992943713494102
-0.19194493155803383, 0.38611423518802673
-0.2489629995845346, 0.44978922673415545
-0.20931974063890707, 0.5120734134754555
-0.21774625972135234, 0.565373217484644
-0.10740215599624181, 0.055685104057239004
-7.080106331771186E-4, 0.05897531936386169
0.1224186621828597, -0.667084217865393
0.17557904953331124, -1.0716562084314332
0.09349294651027663, -1.0301077046552656
-0.09182834833903947, -0.04795775388173576
-0.2489629995845346, 0.44978922673415545
-0.21774625972135234, 0.565373217484644
-0.1925393179091026, 0.6492480335985723
0.054940420061212816, 0.5544768016154393
0.12390285212413175, 0.347121290729139
0.13672062941342092, 0.18843334148508484
-7.080106331771186E-4, 0.05897531936386169
-0.10740215599624181, 0.055685104057239004
