-0.10517150278047199, 0.2204531225506646
-0.025545454989611117, 0.20016910228948165
0.09696739542591207, 0.18137953492676298
0.15420914199954291, 0.16446510700775233
0.21860326521749476, 0.16052756275010066
0.22809981846085983, 0.09628960054317201
0.19482168404286926, 0.02375087118403811
0.1750080290706416, -0.07825270225894121
0.1559658983907231, -0.13955316326427938
0.1326316770027406, -0.22628937755361955
0.07177833709168771, -0.21933060976578345
-0.0018157213295591531, -0.19527603644298688
-0.06653539464810829, -0.18289748753738427
-0.14746983560254812, -0.17777745734008266
-0.22759672725045124, -0.12329494282647137
-0.2037257773829, -0.06446410830908382
-0.16163097106870256, 0.14419023352432495
-0.22759672725045124, -0.12329494282647137
-0.16163097106870256, 0.14419023352432495
-0.10517150278047199, 0.2204531225506646
0.21860326521749476, 0.16052756275010066
0.22809981846085983, 0.09628960054317201
0.1326316770027406, -0.22628937755361955
0.07177833709168771, -0.21933060976578345
-0.14746983560254812, -0.17777745734008266
