-0.010097313110678118, 0.06773982406945944
0.06008235551089909, 0.1921372135185923
0.058773876977996714, 0.08633759044993664
0.0021662258327985002, -0.039589008573694726
-0.003794013840701352, -0.14547925016949848
-0.05794035331766375, -0.24794113293849904
-0.08809448383298613, -0.18079030900415125
-0.05117645534194258, -0.12061048126473607
-0.03952800776746791, -0.03364128102263312
-0.08809448383298613, -0.18079030900415125
-0.010097313110678118, 0.06773982406945944
0.06008235551089909, 0.1921372135185923
0.058773876977996714, 0.08633759044993664
-0.003794013840701352, -0.14547925016949848
-0.05794035331766375, -0.24794113293849904
