-0.013289481106576607, -0.014190910670521986
-0.034612093717096656, 0.06810830553219392
-0.051216896808625255, 0.12307848039875906
-0.01943603061197585, 0.18364706855640037
-0.0013599528753460723, 0.10222054356740705
0.027104360425326057, 0.0493089004413737
0.0029011328442054476, -0.01477283478787639
0.020206243987615967, -0.09740033780366934
-0.051216896808625255, 0.12307848039875906
-0.01943603061197585, 0.18364706855640037
0.027104360425326057, 0.0493089004413737
0.020206243987615967, -0.09740033780366934
-0.013289481106576607, -0.014190910670521986
