0.14680674113316036, 0.07474030647748116
0.053350726451741104, -0.055704116113193106
-0.007629769159895496, -0.09913503104246695
-0.04973053607463696, -0.17277586962579225
-0.12858299758402641, -0.19821626078877036
-0.1889325606752433, -0.12485334155208062
-0.10420405278079131, -0.03149568510909603
-0.04955462176830532, 0.03562184023487507
0.008463475318221163, 0.07502043262198459
0.04373509331796706, 0.1396797093725245
0.10219723399641054, 0.18511978187859507
0.14602313307246645, 0.14392259757051673
-0.1889325606752433, -0.12485334155208062
-0.04955462176830532, 0.03562184023487507
0.04373509331796706, 0.1396797093725245
0.10219723399641054, 0.18511978187859507
0.14602313307246645, 0.14392259757051673
0.14680674113316036, 0.07474030647748116
0.053350726451741104, -0.055704116113193106
-0.04973053607463696, -0.17277586962579225
-0.12858299758402641, -0.19821626078877036
