-0.12203578468940417, 0.011075588074856705
0.02918378691503663, 0.07064858928106789
0.096064516017838, 0.06731168169864106
0.1371347155800134, 0.016487323891962478
0.016057795025968248, -0.04801379223226262
-0.05467621187956272, -0.06957601883778834
-0.12126807642074344, -0.09131243043567125
-0.12203578468940417, 0.011075588074856705
0.02918378691503663, 0.07064858928106789
0.096064516017838, 0.06731168169864106
0.1371347155800134, 0.016487323891962478
0.016057795025968248, -0.04801379223226262
-0.12126807642074344, -0.09131243043567125
