-0.19052664327698712, -0.02159754817681538
-0.16356949192028647, 0.021270652739123354
-0.12644334673143318, 0.0823936711907761
-0.08514201713889703, 0.16810023235616503
-0.05545746321108071, 0.21559575639646025
-0.017016289893315318, 0.2644787693336656
0.07538469273588885, 0.2706133245406148
0.1281168449374039, 0.20625424440585155
0.20481094274013273, 0.1559865768799058
0.28140185339878976, 0.09223956246627299
0.28797643377829946, 0.027570828279825824
0.24036006484008324, -0.026618689277556458
0.2025265944112729, -0.08978988690927589
0.161454565522772, -0.1835014882287644
0.09330753258165732, -0.21535807742238924
0.007214044012372434, -0.18488944823891687
-0.04202764312954781, -0.1552611837662409
-0.08913624303334967, -0.1280734014006226
-0.20635434256437513, -0.11177026556093678
-0.20635434256437513, -0.11177026556093678
-0.19052664327698712, -0.02159754817681538
-0.08514201713889703, 0.16810023235616503
-0.05545746321108071, 0.21559575639646025
-0.017016289893315318, 0.2644787693336656
0.07538469273588885, 0.2706133245406148
0.28140185339878976, 0.09223956246627299
0.28797643377829946, 0.027570828279825824
0.161454565522772, -0.1835014882287644
0.09330753258165732, -0.21535807742238924
