-0.14552726059113202, 0.1198250359444229
-0.08999299097787761, 0.17793804987331852
-0.06727149760560379, 0.22263224294080608
0.0052664760675141115, 0.17417780759850723
0.0392898230584703, 0.1326643830272642
0.08712012786111756, 0.07430446472845437
0.10054424635716007, 0.05792509056608812
0.14355441819072048, 0.005446434521951142
0.15350877403078309, -0.00669932528326718
0.182271667756003, -0.04179423288979951
0.2006381114302019, -0.06420396154799148
0.25779743314740455, -0.13394663534434803
0.1677458063721146, -0.18082261494664964
0.10817388438406114, -0.21608487932201353
0.06072468559986702, -0.2385713301646996
0.008871707760817374, -0.18439176496123158
-0.019647829973562306, -0.12300060241052344
-0.14552726059113202, 0.1198250359444229
-0.06727149760560379, 0.22263224294080608
0.0052664760675141115, 0.17417780759850723
0.14355441819072048, 0.005446434521951142
0.15350877403078309, -0.00669932528326718
0.182271667756003, -0.04179423288979951
0.25779743314740455, -0.13394663534434803
0.10817388438406114, -0.21608487932201353
0.06072468559986702, -0.2385713301646996
0.008871707760817374, -0.18439176496123158
