-0.07071519402141016, 0.13189679175076474
0.005127773730785016, 0.16846311236996664
0.04023473656258327, 0.07813065873009746
0.045547459844405225, 0.06446068300887234
0.053944296012682635, 0.04285508820061182
0.062341132180960046, 0.0212494933923513
0.0884221989774757, -0.0458587542952173
0.11871400419565398, -0.12380150040085854
0.09398105618769884, -0.18163577021516297
-0.009316976884042117, -0.19893050688988229
-0.028010505128694827, -0.14992882046512818
-0.043176905986483986, -0.1101728573692855
-0.06454377800730461, -0.05416348616127921
-0.0817219214931228, -0.009134105434701813
-0.11831143142649776, 0.08677864408616717
-0.11831143142649776, 0.08677864408616717
-0.07071519402141016, 0.13189679175076474
0.005127773730785016, 0.16846311236996664
0.11871400419565398, -0.12380150040085854
0.09398105618769884, -0.18163577021516297
-0.009316976884042117, -0.19893050688988229
