-0.3629743299507151, -0.20859323024756307
-0.3342785688481228, -0.1489365276554989
-0.33806844887264975, -0.054345807101242954
-0.33014011423033707, 0.03742283602131838
-0.2616079028564956, 0.056704139985651825
-0.19721999609139346, 0.06685576240327401
-0.17238212075634024, 0.11693387759900206
-0.09047259068954533, 0.1848134977797766
0.0038473283938445196, 0.18954596289583336
0.08669335692653747, 0.24013813392182462
0.1826300408253408, 0.27757065318095514
0.2490584010277238, 0.34505283642372664
0.22368328718170827, 0.4432420896019076
0.2723923020513132, 0.48298738615034925
0.4271962037533155, 0.4590018095873922
0.49903601370350686, 0.4257088418815559
0.43812316392189304, 0.35741922580921776
0.4653215538532168, 0.26603413925412434
0.5098316636804034, 0.2676563137502407
0.5934702865172423, 0.27437585024440747
0.5401131942503212, 0.24152010042110209
0.49975367404637977, 0.16574300517798918
0.44395935384445084, 0.12419275316618977
0.36484091575970007, 0.08234646410934192
0.32471265188935494, 0.04975209097538616
0.26204281564545767, 0.044413844770122925
0.13314388215260517, -0.026198153483976985
0.07728003498279482, -0.03450842355354022
0.08874948029437892, -0.12434321228363424
0.04475897575334917, -0.2036542640064583
0.027259371926285067, -0.2850126866320468
-0.07707440605753896, -0.3601043502435712
-0.15545630947645003, -0.36665115057876685
-0.3604656370898577, -0.39577688527913174
-0.3978300358693862, -0.307036512358589
0.277726972222005, 0.14897203859456304
0.4653215538532168, 0.26603413925412434
0.5934702865172423, 0.27437585024440747
0.49975367404637977, 0.16574300517798918
0.44395935384445084, 0.12419275316618977
0.3411972695626709, 0.06314180006299341
0.1826300408253408, 0.27757065318095514
0.22368328718170827, 0.4432420896019076
0.2723923020513132, 0.48298738615034925
0.4271962037533155, 0.4590018095873922
0.49903601370350686, 0.4257088418815559
0.4653215538532168, 0.26603413925412434
0.277726972222005, 0.14897203859456304
-0.3978300358693862, -0.307036512358589
-0.33014011423033707, 0.03742283602131838
-0.12980144201954874, 0.15222110604892702
0.07728003498279482, -0.03450842355354022
0.08874948029437892, -0.12434321228363424
0.027259371926285067, -0.2850126866320468
-0.07707440605753896, -0.3601043502435712
-0.3604656370898577, -0.39577688527913174
-0.12980144201954874, 0.15222110604892702
-0.09047259068954533, 0.1848134977797766
0.1826300408253408, 0.27757065318095514
0.3411972695626709, 0.06314180006299341
0.32471265188935494, 0.04975209097538616
0.13314388215260517, -0.026198153483976985
0.07728003498279482, -0.03450842355354022
