-0.04840525808618916, 0.012292484089213799
-0.0030292026750851483, 0.08568121075114275
0.07088591597017675, 0.15586863908103737
0.16499167493098071, 0.2259999451399358
0.11600405138749406, 0.1225391105213573
0.07525589461264771, 0.05076474751196283
0.028914990359048726, -0.012430797229824455
-0.03143012894082999, -0.09494368971856035
-0.10139813508647041, -0.046061825936002755
-0.10139813508647041, -0.046061825936002755
-0.0030292026750851483, 0.08568121075114275
0.07088591597017675, 0.15586863908103737
0.16499167493098071, 0.2259999451399358
0.11600405138749406, 0.1225391105213573
0.07525589461264771, 0.05076474751196283
-0.03143012894082999, -0.09494368971856035
