-0.10611479782713766, 0.14148663486474283
-0.0321697462556075, 0.15642198381039707
0.02249325391193235, 0.18661584040152981
0.06692529114480429, 0.15715994246440534
0.1323138748708605, 0.14986556656990316
0.2611015153466672, 0.09987164281570773
0.20649591833812048, 0.007192211013370682
0.19450041459924147, -0.07527643662714564
0.1298307450546634, -0.14676630798985887
0.08733781318786796, -0.18071432451129266
0.0019223787852191002, -0.21917222388286556
-0.07580088335723384, -0.24050174239282143
-0.09859251198469844, -0.1764177384330119
-0.14449069631012326, -0.04736423926734941
-0.18202160513196292, 0.0581627043691298
-0.18202160513196292, 0.0581627043691298
-0.10611479782713766, 0.14148663486474283
0.02249325391193235, 0.18661584040152981
0.1323138748708605, 0.14986556656990316
0.2611015153466672, 0.09987164281570773
0.19450041459924147, -0.07527643662714564
0.1298307450546634, -0.14676630798985887
0.08733781318786796, -0.18071432451129266
0.0019223787852191002, -0.21917222388286556
-0.07580088335723384, -0.24050174239282143
-0.14449069631012326, -0.04736423926734941
