-0.1857758396803537, -0.09584456149444505
-0.10720347709594223, -0.037796849495384546
-0.0054170095516920536, 0.009160055282308371
0.07197907681749019, 0.059835130261009846
0.14000291331003814, 0.07709541657272326
0.09366433879046299, 0.042423280117459015
0.0186779055491249, -0.006147072412435181
-0.07584398498813519, -0.057705590909862506
-0.1128363914995004, -0.08299074479300482
-0.1511317158610359, -0.109166472754601
-0.24502549237857618, -0.17334501131996788
-0.24502549237857618, -0.17334501131996788
-0.1857758396803537, -0.09584456149444505
-0.10720347709594223, -0.037796849495384546
0.07197907681749019, 0.059835130261009846
0.14000291331003814, 0.07709541657272326
0.09366433879046299, 0.042423280117459015
0.0186779055491249, -0.006147072412435181
