-0.017938490957021713, 0.0544126033782959
0.12206010520458221, 0.030904175713658333
0.1181698814034462, -0.05006076395511627
-0.0029919792432338, -0.048214904963970184
-0.08358772099018097, -0.04691066965460777
-0.10114476829767227, 0.03348861262202263
-0.10114476829767227, 0.03348861262202263
-0.017938490957021713, 0.0544126033782959
0.12206010520458221, 0.030904175713658333
0.1181698814034462, -0.05006076395511627
-0.0029919792432338, -0.048214904963970184
-0.08358772099018097, -0.04691066965460777
