-0.19064824283123016, 0.07919429242610931
-0.15662144124507904, 0.21298621594905853
-0.05796346813440323, 0.20893488824367523
0.030712954699993134, 0.19772391021251678
0.18528959155082703, 0.15950921177864075
0.2372003048658371, 0.026012351736426353
0.22866064310073853, -0.039514973759651184
0.18551470339298248, -0.13137046992778778
0.11211498826742172, -0.2030470371246338
0.03201145678758621, -0.23092763125896454
-0.06890640407800674, -0.20286819338798523
-0.15107321739196777, -0.16154247522354126
-0.21114565432071686, -0.10588318854570389
-0.2070774883031845, -0.04515399411320686
-0.2020765095949173, 0.00919334962964058
-0.21114565432071686, -0.10588318854570389
-0.2070774883031845, -0.04515399411320686
-0.2020765095949173, 0.00919334962964058
-0.19064824283123016, 0.07919429242610931
-0.15662144124507904, 0.21298621594905853
-0.05796346813440323, 0.20893488824367523
0.030712954699993134, 0.19772391021251678
0.18528959155082703, 0.15950921177864075
0.2372003048658371, 0.026012351736426353
0.22866064310073853, -0.039514973759651184
0.18551470339298248, -0.13137046992778778
0.11211498826742172, -0.2030470371246338
0.03201145678758621, -0.23092763125896454
-0.06890640407800674, -0.20286819338798523
-0.15107321739196777, -0.16154247522354126
