-0.2425619512796402, 0.05071394145488739
-0.22998826205730438, 0.10393180698156357
-0.1740088313817978, 0.11492779850959778
-0.09089948236942291, 0.12729589641094208
-0.001266359817236662, 0.13727135956287384
0.06314133107662201, 0.13999417424201965
0.1643720269203186, 0.13782836496829987
0.19217100739479065, -0.0906711295247078
0.18315832316875458, -0.15543119609355927
0.055846571922302246, -0.16810749471187592
-0.0387239009141922, -0.15689806640148163
-0.22008933126926422, -0.026166515424847603
-0.2425619512796402, 0.05071394145488739
-0.22998826205730438, 0.10393180698156357
-0.1740088313817978, 0.11492779850959778
-0.09089948236942291, 0.12729589641094208
-0.001266359817236662, 0.13727135956287384
0.06314133107662201, 0.13999417424201965
0.1643720269203186, 0.13782836496829987
0.19217100739479065, -0.0906711295247078
0.18315832316875458, -0.15543119609355927
0.055846571922302246, -0.16810749471187592
-0.0387239009141922, -0.15689806640148163
-0.22008933126926422, -0.026166515424847603
