-0.18085065324143393, -0.011720204843721816
-0.09943722709613766, 0.019918481904308262
-0.014673328864806965, 0.05846424702817475
0.06758446217816984, 0.06757539179723096
0.13420849636432525, 0.11289104348730448
0.19143246457456276, 0.06536405989396599
0.13716680277449597, -0.0030896589255735227
0.0896024759156039, -0.04021414937086942
0.03356247606928215, -0.0682370062201011
-0.05425773865892203, -0.08383672531314536
-0.11901510292861199, -0.059711783697486906
-0.18085065324143393, -0.011720204843721816
-0.014673328864806965, 0.05846424702817475
0.13420849636432525, 0.11289104348730448
0.19143246457456276, 0.06536405989396599
0.13716680277449597, -0.0030896589255735227
0.0896024759156039, -0.04021414937086942
0.03356247606928215, -0.0682370062201011
-0.05425773865892203, -0.08383672531314536
-0.11901510292861199, -0.059711783697486906
