-0.687353478508866, -0.616008587691035
-0.7402872388877839, -0.5749884875286725
-0.6850026755620352, -0.5332571689442535
-0.5876806746920535, -0.4624024527845058
-0.535124035857275, -0.4301534228623037
-0.5201224889511733, -0.4161531931710073
-0.46303704265997014, -0.3615544293028832
-0.4108547980881144, -0.41669660914255985
-0.45282381992928816, -0.48643613720934986
-0.48293703273486976, -0.5139319103916886
-0.5556338154487916, -0.5794346962606961
-0.6033549903563246, -0.6470284292246006
-0.7402872388877839, -0.5749884875286725
-0.46303704265997014, -0.3615544293028832
-0.4108547980881144, -0.41669660914255985
-0.45282381992928816, -0.48643613720934986
-0.6033549903563246, -0.6470284292246006
-0.687353478508866, -0.616008587691035
