0.20564810417387608, 0.07870627571584642
0.26371240347337366, 0.11718839398912079
0.32691184276867974, 0.12166181483516017
0.4084223833611501, 0.1247977957248234
0.48640334183508316, 0.15590682737446473
0.5692179744857957, 0.18420803920929812
0.6325513654532399, 0.1689659021829018
0.7105899980587925, 0.23358046091269646
0.7732189136874907, 0.2330250831414926
0.85507568290705, 0.26765041873480583
0.9154320939143776, 0.236099561248988
0.9947965318455245, 0.18909507046803714
0.9549225051580902, 0.13863998977707176
0.9167611234891097, 0.07021932204032895
0.834488783002223, 0.10454258562373854
0.7508151154779934, 0.023400858076207072
0.6918806467822982, 0.009594551705511167
0.6279671357558847, 0.029627867268230784
0.5709112952840086, 0.015931426247630182
0.4693449045820461, 0.018256425546642672
0.404135423204653, 0.008392609091237808
0.36052014594231796, -0.02469164920338855
0.2811905230207406, -0.042314807576077196
0.20365940304297436, -0.020174982799194885
0.20365940304297436, -0.020174982799194885
0.20564810417387608, 0.07870627571584642
0.26371240347337366, 0.11718839398912079
0.7105899980587925, 0.23358046091269646
0.85507568290705, 0.26765041873480583
0.9154320939143776, 0.236099561248988
0.9947965318455245, 0.18909507046803714
0.9167611234891097, 0.07021932204032895
0.7508151154779934, 0.023400858076207072
0.6918806467822982, 0.009594551705511167
0.2811905230207406, -0.042314807576077196
