-0.13053238916149126, 0.15383948454649227
-0.0506680303852078, 0.18887816639005417
0.019906449294341114, 0.17609389996187141
0.0790122677395187, 0.028396952259497177
0.13205197071140923, -0.07982959076683034
0.14428675767683538, -0.13246362498211853
0.06553988553231517, -0.17070107106560808
-0.008131701509372338, -0.20239806010827494
-0.04567976398622854, -0.11276485806185142
-0.062696039316839, -0.07323548028872964
-0.0970583784898913, 0.006388890875801565
-0.11053564750897796, 0.03346492911932293
-0.14526048684052734, 0.09617665446403724
-0.2134610153092205, 0.10366101322904102
-0.2134610153092205, 0.10366101322904102
-0.13053238916149126, 0.15383948454649227
-0.0506680303852078, 0.18887816639005417
0.019906449294341114, 0.17609389996187141
0.13205197071140923, -0.07982959076683034
0.14428675767683538, -0.13246362498211853
0.06553988553231517, -0.17070107106560808
-0.008131701509372338, -0.20239806010827494
