-1.0528965028897805, -0.029438476539659673
-0.9864151297110938, -0.007573345057630734
-0.9667623715268228, 0.0022575303987593344
-0.9110098417608852, 0.03532331689662061
-0.8206516272091761, 0.059916568982613674
-0.7798010185547821, 0.10974274794884158
-0.7923037431606376, 0.1650866015952662
-0.7963069653663397, 0.17129342083731464
-0.8203216758414869, 0.24268282049729667
-0.7527396580730347, 0.33175567719137133
-0.6870191761263909, 0.3169395397033041
-0.55103756297528, 0.34570550743480066
-0.4924910127375165, 0.3741354406080984
-0.428364198414037, 0.42806153474718783
-0.31906939144141583, 0.4535081096387136
-0.23970380520408105, 0.4485326195858544
-0.16888798053037832, 0.4922183969396662
-0.07253417197554343, 0.4946109109526897
0.0038867866063061482, 0.4865151066134262
0.03845946825869881, 0.5529120661558645
0.08553901182713498, 0.5909387933765567
0.14819052300377916, 0.5677204065508767
0.1947000999098905, 0.5718990387627939
0.2560001916383398, 0.5899888714100818
0.36132556611170225, 0.6510908452236899
0.4356645362785276, 0.6884932741281536
0.49352187874085707, 0.7134680564318172
0.5496657877974099, 0.6936392788482472
0.6470123256547337, 0.6838060862017992
0.7703039499395237, 0.7159702196809893
0.8339168928750125, 0.6709155752661715
0.8721777038745747, 0.5903798206457619
0.8842470446302884, 0.511068266185745
0.9030749634435864, 0.46744371345860347
0.929900430615156, 0.3977149323303155
0.9425047509494546, 0.31059174202183665
0.9690016652978845, 0.2454429827848482
0.9949296922580371, 0.16311163216834645
1.0087377075645505, 0.07651043452975402
1.022613890584733, 0.03283707193151365
1.0661563763761501, -0.10265247066503991
1.0446585364693863, -0.17542513153027844
0.9145747672461539, -0.21784518771454475
0.8569407710852666, -0.2299012654962035
0.7832079808933632, -0.2551053075685278
0.6510203116583526, -0.2903982620531399
0.5572089748340161, -0.3176490291222063
0.42545860709219163, -0.35779610965220443
0.350863366602895, -0.3808711884433795
0.29226784784705206, -0.39589283545727744
0.21586039814152785, -0.41386710064428944
0.19708702298492092, -0.41967502778382354
0.12094402772779081, -0.44234158776769567
0.10237387526740571, -0.448344689183383
-0.001473984416136713, -0.4805195685126659
-0.08860205953073674, -0.5061836844511788
-0.10778533252220587, -0.5120342721633092
-0.2629554699794217, -0.5589373834004357
-0.35256373164756133, -0.5607667277225047
-0.41200112364495933, -0.6007892900301771
-0.49339178524525706, -0.6002798918387189
-0.586588559982604, -0.6538780144401668
-0.6779695574006339, -0.6546084503785649
-0.6989096933771991, -0.6607684118647573
-0.7607674054237442, -0.6837451260739895
-0.8460829030400536, -0.7030619508147177
-0.9198902743384073, -0.6383339103664284
-0.9362159997365099, -0.5555710638341308
-0.9643803472361233, -0.45569114177826014
-0.9953270843452301, -0.39887164772062333
-1.0184955903291222, -0.31823367881861747
-1.0577473548996805, -0.17882072047049463
-1.073520489551033, -0.0759117046712014
-0.8206516272091761, 0.059916568982613674
-0.8203216758414869, 0.24268282049729667
-0.7527396580730347, 0.33175567719137133
0.08553901182713498, 0.5909387933765567
0.49352187874085707, 0.7134680564318172
0.7703039499395237, 0.7159702196809893
0.8339168928750125, 0.6709155752661715
0.8721777038745747, 0.5903798206457619
0.929900430615156, 0.3977149323303155
0.9949296922580371, 0.16311163216834645
1.0661563763761501, -0.10265247066503991
1.0446585364693863, -0.17542513153027844
0.9145747672461539, -0.21784518771454475
0.350863366602895, -0.3808711884433795
-0.12583022166546717, -0.5174886814756768
-1.073520489551033, -0.0759117046712014
-1.0528965028897805, -0.029438476539659673
-0.9110098417608852, 0.03532331689662061
-0.8206516272091761, 0.059916568982613674
-0.12583022166546717, -0.5174886814756768
-0.2629554699794217, -0.5589373834004357
-0.586588559982604, -0.6538780144401668
-0.8460829030400536, -0.7030619508147177
-0.9198902743384073, -0.6383339103664284
-0.9953270843452301, -0.39887164772062333
-1.0184955903291222, -0.31823367881861747
-1.0577473548996805, -0.17882072047049463
