0.003895251271329974, 0.028606997206059213
-0.007465334457611885, 0.12278377765464364
-0.022455350222503903, 0.14788630537810651
0.03655237387504712, 0.21529321639587423
0.09953482526704793, 0.2548056753537279
0.1612497865522812, 0.19384690400501797
0.11801127920613269, 0.10850888387379673
0.12298986910677578, 0.05429835403467876
0.05197521239871571, -0.016447896280531026
-0.022455350222503903, 0.14788630537810651
0.03655237387504712, 0.21529321639587423
0.09953482526704793, 0.2548056753537279
0.1612497865522812, 0.19384690400501797
0.12298986910677578, 0.05429835403467876
0.05197521239871571, -0.016447896280531026
0.003895251271329974, 0.028606997206059213
