-0.08211330932806932, -0.023063331649186145
-0.054100770564603266, 0.0348944667122978
0.02490697913948375, 0.07927230587330528
0.12345168078054979, 0.0710986329069476
0.0805824606625101, 7.386551580690673E-4
0.012295472071253043, -0.07623466147383919
-0.07198413590157106, -0.10053596753386147
-0.08211330932806932, -0.023063331649186145
-0.054100770564603266, 0.0348944667122978
0.02490697913948375, 0.07927230587330528
0.12345168078054979, 0.0710986329069476
0.0805824606625101, 7.386551580690673E-4
0.012295472071253043, -0.07623466147383919
-0.07198413590157106, -0.10053596753386147
