0.6868669768530629, 0.27677853613476017
0.7648914473737028, 0.31174126979859573
0.8478244309752244, 0.33579396783570237
0.8750689398014229, 0.2834100747403956
0.8527330804928838, 0.23540141967433992
0.7591217616996155, 0.18992654657831484
0.6707716498547466, 0.17958991011833053
0.6707716498547466, 0.17958991011833053
0.6868669768530629, 0.27677853613476017
0.7648914473737028, 0.31174126979859573
0.8478244309752244, 0.33579396783570237
0.8750689398014229, 0.2834100747403956
0.8527330804928838, 0.23540141967433992
0.7591217616996155, 0.18992654657831484
