0.6707716498547466, 0.17958991011833053
0.6169893451722471, 0.1463956878092462
0.5963036797525672, 0.1334793997671929
0.5421217130973514, 0.09511956928866867
0.46381163361957023, 0.09164970043822758
0.4152922856141695, 0.08920329526791049
0.3590260693668805, 0.14239129153675648
0.4660486745725834, 0.20215431232537634
0.5194028627219446, 0.23674136850436123
0.5949516764732758, 0.2664088734857359
0.6868669768530629, 0.27677853613476017
0.3590260693668805, 0.14239129153675648
0.5194028627219446, 0.23674136850436123
0.5949516764732758, 0.2664088734857359
0.6868669768530629, 0.27677853613476017
0.6707716498547466, 0.17958991011833053
0.5421217130973514, 0.09511956928866867
0.4152922856141695, 0.08920329526791049
