-0.11661122739315033, -0.04059359058737755
-0.08995282649993896, 0.01896017976105213
-0.03363865986466408, 0.07268628478050232
0.017686204984784126, 0.12315289676189423
0.12320246547460556, 0.002033189171925187
0.07616515457630157, -0.034266166388988495
0.025402817875146866, -0.09630708396434784
-0.023861704394221306, -0.08759615570306778
-0.11661122739315033, -0.04059359058737755
-0.08995282649993896, 0.01896017976105213
0.017686204984784126, 0.12315289676189423
0.12320246547460556, 0.002033189171925187
0.025402817875146866, -0.09630708396434784
-0.023861704394221306, -0.08759615570306778
