-0.03350658714771271, -0.10615291446447372
-0.07836196571588516, -0.1523243933916092
-0.12046884000301361, -0.19589531421661377
-0.23053841292858124, -0.1970505565404892
-0.19532619416713715, -0.15388409793376923
-0.07967075705528259, -0.056972917169332504
-0.04382927715778351, 9.215358295477927E-4
0.007568076718598604, -0.04557815194129944
-0.23053841292858124, -0.1970505565404892
-0.19532619416713715, -0.15388409793376923
-0.04382927715778351, 9.215358295477927E-4
0.007568076718598604, -0.04557815194129944
-0.03350658714771271, -0.10615291446447372
-0.12046884000301361, -0.19589531421661377
