-0.14022263884544373, 0.004338312894105911
-0.06943326443433762, 0.06607934832572937
-0.0073149120435118675, 0.16071219742298126
0.07029791176319122, 0.1342494636774063
0.15238791704177856, 0.13992179930210114
0.21124227344989777, 0.10984478890895844
0.1433953195810318, 0.03915988653898239
0.10512419790029526, -0.04457446560263634
0.026412317529320717, -0.12384651601314545
-0.012999936938285828, -0.18370504677295685
-0.060375042259693146, -0.1650262176990509
-0.10314030200242996, -0.12198826670646667
-0.1709468811750412, -0.036954157054424286
-0.1709468811750412, -0.036954157054424286
-0.14022263884544373, 0.004338312894105911
-0.0073149120435118675, 0.16071219742298126
0.15238791704177856, 0.13992179930210114
0.21124227344989777, 0.10984478890895844
0.10512419790029526, -0.04457446560263634
-0.012999936938285828, -0.18370504677295685
-0.060375042259693146, -0.1650262176990509
-0.10314030200242996, -0.12198826670646667
