-0.11903113126754761, -0.03403091803193092
-0.08572901040315628, 0.07053378224372864
-0.04018384590744972, 0.09941668063402176
-0.0039359210059046745, 0.14287646114826202
0.06721682101488113, 0.14799371361732483
0.1470700055360794, 0.12034076452255249
0.13313588500022888, 0.0274032112210989
0.016556788235902786, -0.044393692165613174
-0.016780413687229156, -0.08778859674930573
0.005421462468802929, -0.14591048657894135
-0.07338036596775055, -0.19833847880363464
-0.1133762076497078, -0.1418568342924118
-0.16909916698932648, -0.08563779294490814
-0.16909916698932648, -0.08563779294490814
-0.08572901040315628, 0.07053378224372864
-0.0039359210059046745, 0.14287646114826202
0.06721682101488113, 0.14799371361732483
0.1470700055360794, 0.12034076452255249
0.13313588500022888, 0.0274032112210989
0.005421462468802929, -0.14591048657894135
-0.07338036596775055, -0.19833847880363464
