-0.22849474847316742, -0.1091807559132576
-0.10613542050123215, 0.04443178325891495
-0.05895157903432846, 0.13219289481639862
-0.013370223343372345, 0.2656239867210388
0.03544112667441368, 0.20279689133167267
0.13880647718906403, 0.13768388330936432
0.2038019299507141, 0.12390600144863129
0.22142378985881805, 0.014319279231131077
0.10056078433990479, -0.012654374353587627
0.06934911012649536, -0.0364563949406147
0.05336921662092209, -0.05656934157013893
-7.936449255794287E-4, -0.12906253337860107
-0.05038397014141083, -0.2003358006477356
-0.10791622847318649, -0.23523178696632385
-0.14438623189926147, -0.1528109461069107
-0.22849474847316742, -0.1091807559132576
-0.013370223343372345, 0.2656239867210388
0.2038019299507141, 0.12390600144863129
0.22142378985881805, 0.014319279231131077
-0.05038397014141083, -0.2003358006477356
-0.10791622847318649, -0.23523178696632385
