-0.20400488376617432, -0.18149831891059875
-0.14555412530899048, -0.12823569774627686
-0.1592560112476349, -0.06670397520065308
-0.11836767941713333, -0.011272693052887917
-0.10466992855072021, 0.007924845442175865
-0.06888269633054733, 0.0790521427989006
-0.046892501413822174, 0.13027924299240112
0.04244382306933403, 0.19549497961997986
0.10468364506959915, 0.2523674964904785
0.10626022517681122, 0.20151224732398987
0.13720457255840302, 0.15152356028556824
0.1508788764476776, 0.04189575836062431
0.07116080820560455, -0.06262240558862686
0.04122740402817726, -0.10715033113956451
-0.01643294468522072, -0.1870945692062378
-0.05395065248012543, -0.22928623855113983
-0.1402776837348938, -0.2549881339073181
-0.22261051833629608, -0.24950870871543884
-0.22261051833629608, -0.24950870871543884
-0.20400488376617432, -0.18149831891059875
-0.1592560112476349, -0.06670397520065308
-0.046892501413822174, 0.13027924299240112
0.10468364506959915, 0.2523674964904785
0.13720457255840302, 0.15152356028556824
0.1508788764476776, 0.04189575836062431
-0.01643294468522072, -0.1870945692062378
-0.05395065248012543, -0.22928623855113983
-0.1402776837348938, -0.2549881339073181
