-0.14013874530792236, 0.11722458153963089
-0.04942098259925842, 0.13138169050216675
0.07113341987133026, 0.07907576858997345
0.14006996154785156, 0.08255210518836975
0.1508825421333313, 0.005163063760846853
0.13613161444664001, -0.06763577461242676
0.08605081588029861, -0.1322874277830124
0.02810458466410637, -0.16980691254138947
-0.03634965047240257, -0.15656964480876923
-0.05990997701883316, -0.06775100529193878
-0.12102511525154114, -0.03949379920959473
-0.17972733080387115, 0.03236237168312073
-0.17972733080387115, 0.03236237168312073
-0.14013874530792236, 0.11722458153963089
-0.04942098259925842, 0.13138169050216675
0.14006996154785156, 0.08255210518836975
0.1508825421333313, 0.005163063760846853
0.13613161444664001, -0.06763577461242676
0.08605081588029861, -0.1322874277830124
0.02810458466410637, -0.16980691254138947
-0.03634965047240257, -0.15656964480876923
