-0.32759055495262146, -0.36314696073532104
-0.268383264541626, -0.25796985626220703
-0.23183320462703705, -0.21912145614624023
-0.18140092492103577, -0.14195851981639862
-0.12549345195293427, -0.0827072262763977
-0.09613091498613358, -0.03659982234239578
-0.016647014766931534, 0.0586937740445137
0.051661912351846695, 0.1231856569647789
0.18143770098686218, 0.2691464126110077
0.21616846323013306, 0.3369543254375458
0.2998387813568115, 0.4331463873386383
0.32524895668029785, 0.34924766421318054
0.29870665073394775, 0.2780463695526123
0.2200821042060852, 0.1923132836818695
0.17210189998149872, 0.13508421182632446
0.11639295518398285, 0.06249425560235977
-0.005129115656018257, -0.05030270293354988
-0.036465123295784, -0.11745526641607285
-0.07425931096076965, -0.16708442568778992
-0.11867507547140121, -0.2208079993724823
-0.18405689299106598, -0.293560653924942
-0.24184145033359528, -0.3580065369606018
-0.32759055495262146, -0.36314696073532104
-0.268383264541626, -0.25796985626220703
-0.18140092492103577, -0.14195851981639862
-0.09613091498613358, -0.03659982234239578
-0.016647014766931534, 0.0586937740445137
0.21616846323013306, 0.3369543254375458
0.2998387813568115, 0.4331463873386383
0.32524895668029785, 0.34924766421318054
0.29870665073394775, 0.2780463695526123
-0.11867507547140121, -0.2208079993724823
-0.24184145033359528, -0.3580065369606018
