0.09794446652552682, 0.05383683098177879
0.030129440570113644, 0.11114458238040366
0.07933482399424241, 0.18056222087811422
0.143398392814559, 0.21245139712358663
0.2059615866128642, 0.19878819035834874
0.2553151943390725, 0.17395363687571216
0.33739415039037973, 0.15465129151286905
0.24763411913386232, 0.11365966638334957
0.18884298262724733, 0.11628768740733555
0.030129440570113644, 0.11114458238040366
0.07933482399424241, 0.18056222087811422
0.143398392814559, 0.21245139712358663
0.2059615866128642, 0.19878819035834874
0.33739415039037973, 0.15465129151286905
0.24763411913386232, 0.11365966638334957
0.09794446652552682, 0.05383683098177879
