-0.168952462608136, 0.10633608209552434
-0.07300351495113411, 0.07944571687511032
0.007693118573608139, 0.04161972823327893
0.06894614526832339, 0.001637924043604343
0.1013301905981692, -0.0500362590333399
0.15206064830633434, -0.07509986329900681
0.24847838174388373, -0.13722771085333366
0.3255785740207294, -0.1945807048188497
0.26144592087009455, -0.2265506720611576
0.20256993139884988, -0.18474631476789427
0.16035039118652197, -0.14911330183818094
0.10040862135912358, -0.10958183217521243
0.016631476453030227, -0.03626006007493301
-0.08647472584687399, 0.04730845380736575
-0.168952462608136, 0.10633608209552434
-0.07300351495113411, 0.07944571687511032
0.007693118573608139, 0.04161972823327893
0.06894614526832339, 0.001637924043604343
0.3255785740207294, -0.1945807048188497
0.26144592087009455, -0.2265506720611576
0.20256993139884988, -0.18474631476789427
0.10040862135912358, -0.10958183217521243
