-0.08362060936307306, 0.5164469739205423
-0.049319629511603645, 0.3337806402744642
0.0036681712028090504, 0.05995030060848294
0.019165323043861177, -0.019635049528321128
0.037956239091340896, -0.09939371760673042
0.04867082401442905, -0.17630132326827885
0.09713086354973452, -0.43562746576987255
0.0412031188848951, -0.4233966090146228
0.024975966997776752, -0.34355504130578274
0.025793917055819484, -0.26592566316157695
0.015199134252354644, -0.2029793390121998
-0.02374694620328563, -0.0866569154267443
-0.0241505250977811, -0.009197582382823533
-0.03413569465758431, 0.05492087227109343
-0.05373228210539633, 0.1252628186345249
-0.07698192954667125, 0.18812564445008934
-0.07210945276572822, 0.32849388104168387
-0.12567537869495826, 0.43997977465985527
-0.1422222591439306, 0.5211629120471911
-0.1422222591439306, 0.5211629120471911
-0.08362060936307306, 0.5164469739205423
0.037956239091340896, -0.09939371760673042
0.09713086354973452, -0.43562746576987255
0.0412031188848951, -0.4233966090146228
0.024975966997776752, -0.34355504130578274
