-0.1502136422883391, -0.03627497634478912
-0.20375247503691618, -0.025833117019352595
-0.25798654453270364, 0.016349075219388106
-0.3173309687790181, 0.001359703538205699
-0.41718322437876637, -0.001063721605456376
-0.49587849262250844, 0.009499121438302864
-0.5553976261247981, 0.030544235132906196
-0.4912972925733039, 0.0402858088639346
-0.40013685284096323, 0.0391137226736645
-0.3311182098593168, 0.03668082116357352
-0.23675039621381416, 0.030321810220596435
-0.18050018215357025, 0.02839279903374227
-0.07580395064068865, 0.022373740964110586
-0.5553976261247981, 0.030544235132906196
-0.4912972925733039, 0.0402858088639346
-0.40013685284096323, 0.0391137226736645
-0.3311182098593168, 0.03668082116357352
-0.18050018215357025, 0.02839279903374227
-0.07580395064068865, 0.022373740964110586
-0.1502136422883391, -0.03627497634478912
-0.41718322437876637, -0.001063721605456376
-0.49587849262250844, 0.009499121438302864
