0.03765083543016998, -0.08963530099399028
-0.04212241375447274, -0.012397718427651446
-0.10295233894199071, 0.10524326762502624
-0.13953923505822868, 0.22774812132788835
-0.08053918454397449, 0.18225305148052812
-0.02254235834178798, 0.12229392066476398
-0.00319951410689798, 0.07033515218987879
0.04335835440709111, 0.046199920577366285
0.03960261761882551, -0.010351154136024748
0.07090727884027329, -0.06439483470340578
0.0784479541868077, -0.11408483664131999
0.1089660664113908, -0.1612605762740106
-0.13953923505822868, 0.22774812132788835
-0.08053918454397449, 0.18225305148052812
-0.02254235834178798, 0.12229392066476398
0.04335835440709111, 0.046199920577366285
0.1089660664113908, -0.1612605762740106
-0.04212241375447274, -0.012397718427651446
-0.10295233894199071, 0.10524326762502624
