-0.19399194036477288, -0.031654011442472124
-0.15864691944419868, 0.05713259868451091
-0.0422849981930392, 0.09540392946877076
-0.00419379538795259, 0.17097303607811892
0.04583539980663929, 0.16033304713276547
0.09926600895038315, 0.12042528625124395
0.1815013963643797, 0.09857813393086677
0.18804437724064593, 0.0044677188040188
0.17078978319433333, -0.07064501046053506
0.12280815163539079, -0.1233561124223605
0.033817325693293404, -0.1435794612183397
-0.04479946062141211, -0.13642601190590048
-0.12049031117671896, -0.14935588587048396
-0.18229102496943406, -0.10193035212954467
-0.19399194036477288, -0.031654011442472124
-0.15864691944419868, 0.05713259868451091
-0.00419379538795259, 0.17097303607811892
0.04583539980663929, 0.16033304713276547
0.1815013963643797, 0.09857813393086677
0.18804437724064593, 0.0044677188040188
0.17078978319433333, -0.07064501046053506
0.12280815163539079, -0.1233561124223605
0.033817325693293404, -0.1435794612183397
-0.12049031117671896, -0.14935588587048396
-0.18229102496943406, -0.10193035212954467
