0.07640842329782228, -0.005478412203563993
0.15663144980747706, -0.0671281153427161
0.19278602357357308, -0.12155275951464506
0.11622930664598388, -0.12587905655801138
0.053197259837528064, -0.08315112129785461
-0.00616151304147908, -0.043932527864163774
-0.004238291155582283, 0.013453085486980335
-0.00616151304147908, -0.043932527864163774
-0.004238291155582283, 0.013453085486980335
0.07640842329782228, -0.005478412203563993
0.15663144980747706, -0.0671281153427161
0.19278602357357308, -0.12155275951464506
0.11622930664598388, -0.12587905655801138
