-0.11139102937031913, 0.11746637661897488
-0.041794725367599685, 0.09954427364464903
0.024080815578482004, 0.03990377039242178
0.09211716811886103, -0.00784478828564004
0.1851997238626245, -0.12927727030612687
0.11343226752427607, -0.09118614457178892
0.022661080531959504, -0.0554286443704374
-0.03588224984677976, -0.038151760122303126
-0.1036354852834795, -0.038039155925642026
-0.1525038337128038, 0.043596991570221566
-0.1525038337128038, 0.043596991570221566
-0.11139102937031913, 0.11746637661897488
-0.041794725367599685, 0.09954427364464903
0.09211716811886103, -0.00784478828564004
0.1851997238626245, -0.12927727030612687
-0.1036354852834795, -0.038039155925642026
