-0.19565763566653666, -0.4244634991146487
-0.1448363104347092, -0.32548156666118927
-0.11741989681080989, -0.23651964865530983
-0.07178933617826569, -0.1711819436598926
-0.06745697728861794, -0.08706953019322103
-0.027370204414803177, 0.024383983318345147
0.005122186120544133, 0.11805725334191444
0.03623686369197742, 0.1944820300070557
0.052370452115776164, 0.24565266568352745
0.08559183816999552, 0.3045638933087791
0.1206008906236854, 0.35187412225485015
0.1706708297360848, 0.42142130674251554
0.153919460378107, 0.365170528149457
0.080244396623666, 0.17569852209819034
-0.05947588049019848, -0.19683713175604076
-0.0665543494451322, -0.2162572272615643
-0.08706500705346173, -0.27419686177299313
-0.10370793982997674, -0.34337717926687483
-0.19565763566653666, -0.4244634991146487
0.005122186120544133, 0.11805725334191444
0.052370452115776164, 0.24565266568352745
0.08559183816999552, 0.3045638933087791
0.1706708297360848, 0.42142130674251554
0.153919460378107, 0.365170528149457
-0.10370793982997674, -0.34337717926687483
