0.16964124553829207, -0.14951582058382853
0.08683606719988757, -0.13105071646998132
0.026857650279425674, -0.14030399812152486
-0.0489877406096297, -0.08552692995136789
0.016998380187299586, -0.081264080198081
0.022404514485805604, 0.008800272905331665
0.09794446652552682, 0.05383683098177879
0.10097223399532346, -0.026732225643946218
-0.0489877406096297, -0.08552692995136789
0.022404514485805604, 0.008800272905331665
0.09794446652552682, 0.05383683098177879
0.16964124553829207, -0.14951582058382853
0.026857650279425674, -0.14030399812152486
