-0.028442781294650044, 0.10366090352657553
0.06009677335375492, 0.046824442963712805
0.10515248885065458, -0.006427118982797957
0.10600901366171585, -0.07095058069447861
0.03419553185472307, -0.12061289439715678
-0.020488439132386196, -0.06878249127298815
-0.06415159093839923, -0.023345639445673992
-0.11128234486034384, 0.07787188764026373
-0.11128234486034384, 0.07787188764026373
-0.028442781294650044, 0.10366090352657553
0.06009677335375492, 0.046824442963712805
0.10515248885065458, -0.006427118982797957
0.10600901366171585, -0.07095058069447861
0.03419553185472307, -0.12061289439715678
-0.020488439132386196, -0.06878249127298815
-0.06415159093839923, -0.023345639445673992
