-0.2650307707176922, -0.13656435717908377
-0.2314170703525994, -0.12392892095664453
-0.1870025493392082, -0.10588812668211041
-0.10520962811395444, -0.06904493423464492
-0.07155920853727253, 0.031034972306688148
-0.04320016828354163, 0.08544268153707353
0.010509951532891556, 0.11986310488527024
0.06103799485168684, 0.11102302244672373
0.12809546717120163, 0.13176585520234765
0.17147656759880817, 0.20052663688250272
0.24242482319189984, 0.16891124774906782
0.18592443857361182, 0.07530147842743139
0.14680208401673817, 0.013254585097690855
0.09583675624047844, 0.022993313792422813
0.06740890886887901, -0.06915291389283448
0.011788017899048837, -0.06587925236424311
-0.07442997152167201, -0.09071649708009154
-0.16470835797865782, -0.17371977949061115
-0.2089966736739655, -0.22367472079456324
-0.2908880467829607, -0.2101839322153853
-0.31869996917325755, -0.1531106671664263
-0.31869996917325755, -0.1531106671664263
-0.04320016828354163, 0.08544268153707353
0.010509951532891556, 0.11986310488527024
0.17147656759880817, 0.20052663688250272
0.24242482319189984, 0.16891124774906782
0.18592443857361182, 0.07530147842743139
0.14680208401673817, 0.013254585097690855
0.06740890886887901, -0.06915291389283448
-0.2089966736739655, -0.22367472079456324
-0.2908880467829607, -0.2101839322153853
