-0.22441843343120937, 0.1250706006380279
-0.08759658851985101, 0.08285097412574365
-0.026325452619567168, 0.06687061020535573
0.03531794719673353, 0.02640377309701572
0.07349789354759029, -0.013436894902451544
0.13586814705045924, -0.05112678758389358
0.24773640851978862, -0.1350329598236746
0.2895733509181401, -0.17554282685529257
0.2265456126888638, -0.2063130320908318
0.14594918027223613, -0.179367200377229
0.09591865141215455, -0.0939572313114306
0.03720026296658851, -0.07065649472096233
-0.06254968506495374, 0.007765542068609024
-0.12471868342444119, 0.04929843367264472
-0.22441843343120937, 0.1250706006380279
-0.026325452619567168, 0.06687061020535573
0.03531794719673353, 0.02640377309701572
0.24773640851978862, -0.1350329598236746
0.2895733509181401, -0.17554282685529257
0.2265456126888638, -0.2063130320908318
0.14594918027223613, -0.179367200377229
