-0.05603143802896837, 0.06583314249059016
-0.004789384728250149, 0.12145488994552608
0.10086484413105752, 0.17769777093321099
0.08413856004522532, 0.10304737228955164
0.0709446804714662, 0.03665925883090608
0.06250695721460127, -0.038548533590076706
0.05817346229167099, -0.13235892912740108
-0.09937268367615419, -0.10358077159752337
-0.11581133833454317, -0.013631034850696541
-0.11581133833454317, -0.013631034850696541
-0.05603143802896837, 0.06583314249059016
-0.004789384728250149, 0.12145488994552608
0.10086484413105752, 0.17769777093321099
0.05817346229167099, -0.13235892912740108
-0.09937268367615419, -0.10358077159752337
