0.0053765520320581016, -0.029332471019907692
-0.04918813829720413, 0.0013859446757847169
-0.11318100010016607, -0.007495291734781821
-0.18503996161659356, 0.02607416796691449
-0.25569397093135987, 0.022533727820458035
-0.3458013526208467, 0.07077702717022778
-0.23826764406014697, 0.05385298908872228
-0.009020480529790438, 0.0107947401792621
0.0462260461619755, 7.606728279869607E-4
0.10779558664270916, -0.010080813448854222
-0.3458013526208467, 0.07077702717022778
-0.23826764406014697, 0.05385298908872228
0.10779558664270916, -0.010080813448854222
0.0053765520320581016, -0.029332471019907692
-0.11318100010016607, -0.007495291734781821
-0.25569397093135987, 0.022533727820458035
