-0.07640673368973024, 0.0593123960890422
-0.033071002752451874, 0.18023302144263953
-8.698252747228582E-4, 0.08284334630278305
-0.0010387362261356997, 0.008387322916701929
0.049057606987820634, -0.05934012815700087
0.06956340132069108, -0.12930632739898557
0.019246923985789005, -0.12620516980241517
-0.023066811892154024, -0.04827085071722936
-0.04771393635627397, 0.005660501706275637
-0.07640673368973024, 0.0593123960890422
-0.033071002752451874, 0.18023302144263953
0.049057606987820634, -0.05934012815700087
0.06956340132069108, -0.12930632739898557
0.019246923985789005, -0.12620516980241517
-0.023066811892154024, -0.04827085071722936
