-0.3499135521224292, -0.021394924111565537
-0.264064862393907, -0.010563738702523612
-0.06928457479597493, 0.007766833910300055
0.40438822545289305, 0.05370740542849817
0.35200650327053584, 0.014587852420675706
0.25703291858554195, 8.143271979316843E-4
0.16828940024100617, 0.013973625147577008
0.09253193768554534, -0.023727152051717017
0.013265137326782734, -0.022275870191734652
-0.06411749615734148, -0.01088867207113873
-0.14626574655775176, -0.03404743852581427
-0.24001923388861257, -0.06744438524733357
-0.3069436306571027, -0.05114035596076096
-0.40199430305260114, -0.0641110827154085
-0.45868568531606946, -0.050445505295809615
-0.45868568531606946, -0.050445505295809615
-0.3499135521224292, -0.021394924111565537
-0.264064862393907, -0.010563738702523612
0.40438822545289305, 0.05370740542849817
0.35200650327053584, 0.014587852420675706
0.09253193768554534, -0.023727152051717017
-0.24001923388861257, -0.06744438524733357
-0.40199430305260114, -0.0641110827154085
