-0.2524447272258797, -0.3058031743556242
-0.2050846641146265, -0.23596933861706412
-0.15271230577791303, -0.15316549825699124
-0.11897055646214852, -0.10743046450039354
-0.06427886278382423, -0.020883727450578184
-0.019208142524408032, 0.04617450361002889
0.03028766693339726, 0.10939464042508068
0.06823666394775552, 0.17897239817508187
0.16816841823696957, 0.3302458539152101
0.20907369686472027, 0.41053609336318525
0.33028735019271815, 0.3433688235783027
0.24944426349608245, 0.29841785152682715
0.24019058225302947, 0.2051599577305164
0.16138008135021834, 0.1638350055053919
0.1252767048370094, 0.11784022366915717
0.09968728549573244, 0.07384616403435562
0.058274289732574126, -0.00418830866738888
0.049299042328248596, -0.08617699174865331
-0.027682167370599507, -0.11623130131775508
-0.0422837621312655, -0.13866661451629433
-0.06530617131276782, -0.18875924282431863
-0.056939703964144724, -0.24359591914033496
-0.12869262496812903, -0.2869873513444653
-0.14181237070885683, -0.30660666121861085
-0.1528325044913895, -0.3231768322711929
-0.18182508628673533, -0.3705811536323624
-0.27063027987612437, -0.40941440830774706
-0.27063027987612437, -0.40941440830774706
-0.2524447272258797, -0.3058031743556242
0.20907369686472027, 0.41053609336318525
0.33028735019271815, 0.3433688235783027
0.24019058225302947, 0.2051599577305164
0.049299042328248596, -0.08617699174865331
-0.056939703964144724, -0.24359591914033496
-0.18182508628673533, -0.3705811536323624
