-0.046537190301481936, -0.119452116453579
-0.1323308598018303, -0.21487078364621573
-0.2248065671148167, -0.17755590647747937
-0.3320725394547822, -0.09679343226808708
-0.31179268790886006, -0.008859462278839431
-0.2789433329003029, 0.07696712111174232
-0.18499494573298592, 0.06532279225335733
-0.12085078922417095, 0.07556994954888355
-0.09263022618874239, 0.009725625858371889
-0.21876182568265926, -0.02800508407824505
-0.24131278808762321, -0.11051744217276692
-0.2014126690329767, -0.12902902977309816
-0.15481374836593592, -0.12079902199759308
-0.09652159362867233, -0.10993715093146406
-0.29052323333676067, -0.12807664996120272
-0.24131278808762321, -0.11051744217276692
-0.09652159362867233, -0.10993715093146406
-0.046537190301481936, -0.119452116453579
-0.1323308598018303, -0.21487078364621573
-0.2248065671148167, -0.17755590647747937
-0.3320725394547822, -0.09679343226808708
-0.31179268790886006, -0.008859462278839431
-0.2789433329003029, 0.07696712111174232
-0.12085078922417095, 0.07556994954888355
-0.09263022618874239, 0.009725625858371889
-0.24131278808762321, -0.11051744217276692
-0.29052323333676067, -0.12807664996120272
