-0.01443870031485314, 0.1693400036626475
0.032222533579018595, 0.12449256825953417
0.04769027433400329, 0.04076880609198325
0.07513251636515968, -0.015422762606297895
0.09959781024280803, -0.08445972530104663
0.046223537623129377, -0.1620483153961352
-0.03243789179429829, -0.13909750686156827
-0.043672162033155576, -0.08239295147891205
-0.04402210747833872, 0.005482696260232258
-0.0864286729282838, 0.10800477422849908
-0.0864286729282838, 0.10800477422849908
-0.01443870031485314, 0.1693400036626475
0.032222533579018595, 0.12449256825953417
0.09959781024280803, -0.08445972530104663
0.046223537623129377, -0.1620483153961352
-0.03243789179429829, -0.13909750686156827
