0.0030300417807453406, 0.06869466181775137
0.07792521254693408, 0.042911732492560216
0.1537566648347027, 0.01257575850294834
0.14154368022667013, -0.03868574007492919
0.06778149717513687, -0.09786790440661199
-0.005840476612262391, -0.0608819963459385
-0.07081866149244606, -0.06553380105019077
-0.11205402607180809, 0.04357561230416035
-0.11205402607180809, 0.04357561230416035
0.0030300417807453406, 0.06869466181775137
0.07792521254693408, 0.042911732492560216
0.1537566648347027, 0.01257575850294834
0.14154368022667013, -0.03868574007492919
0.06778149717513687, -0.09786790440661199
-0.07081866149244606, -0.06553380105019077
