-0.05865394538970136, 0.1547288804053137
0.034170742217544924, 0.15138440873052394
0.07697781921187945, 0.06617031764065537
0.07736482233061363, -0.02551118748430333
0.11995886040742622, -0.08560985815254976
0.05164805379756209, -0.1559774991079021
-0.03547146581243854, -0.09478456981291007
-0.06347062480220116, -0.033348965796266436
-0.07706399032201514, 0.05329729943763718
-0.09754614031509094, 0.11137877736381545
-0.09754614031509094, 0.11137877736381545
-0.05865394538970136, 0.1547288804053137
0.034170742217544924, 0.15138440873052394
0.07697781921187945, 0.06617031764065537
0.11995886040742622, -0.08560985815254976
0.05164805379756209, -0.1559774991079021
-0.03547146581243854, -0.09478456981291007
-0.06347062480220116, -0.033348965796266436
