-0.15622753441126047, 0.021420255098053422
-0.09480600271451214, 0.16578096617644317
-0.07550580460078794, 0.21403120188223987
0.004721016686618788, 0.181940300724315
0.02038070258066562, 0.1783042808244921
0.1039468609417099, 0.19756219041246156
0.2068367838014482, 0.2216324492030386
0.1929892298269755, 0.16273002859148342
0.19183331150093635, 0.08098621104047135
0.15378715359094308, -0.018264839255808643
0.10641991207157622, -0.14183180971197354
0.032259258718119806, -0.21230472069338138
-0.07871666557110779, -0.15913923346702116
-0.09802951949033968, -0.15107673786795206
-0.18652631971120798, -0.11413216896599739
-0.18652631971120798, -0.11413216896599739
-0.15622753441126047, 0.021420255098053422
-0.07550580460078794, 0.21403120188223987
0.2068367838014482, 0.2216324492030386
0.19183331150093635, 0.08098621104047135
0.10641991207157622, -0.14183180971197354
0.032259258718119806, -0.21230472069338138
