-0.38891916895665973, 0.45679604204537805
-0.37813132331408705, 0.549426105051723
-0.3800474569681101, 0.6362050166807712
-0.3882216488428071, 0.7130510005320417
-0.3347746961994401, 0.7491776329931537
-0.2754874784016742, 0.8226360543450365
-0.21049523079321567, 0.8869696236667011
-0.11266318312035095, 0.9708504044937868
-0.07459384105658216, 1.0087979160833271
-0.0025807188739499875, 1.0450874761175295
0.0643357331432089, 1.0734868700149163
0.1805038873548956, 1.1610889756352236
0.2455908731205241, 1.2000343865184928
0.32467798376386825, 1.237360406051511
0.4267230289317903, 1.2397500228371452
0.495951601877122, 1.21276490179089
0.5306156028411166, 1.2343259320153601
0.5558528603793487, 1.2963001536784278
0.560898577927183, 1.3551957193284094
0.6378789843110358, 1.429926253014137
0.7018879922576046, 1.4331440080251103
0.799735539371009, 1.4680480321072045
0.8771299714579117, 1.5272511753689917
0.8536346808826105, 1.4763193312513427
0.7706366176913902, 1.397341254930073
0.7376522795193964, 1.355596484213935
0.7317347779246346, 1.2733219306683041
0.7863690334897795, 1.2652005410706013
0.8153429252355371, 1.128859346944158
0.7662558297035688, 0.995231106940624
0.7719124020609036, 0.9030547554986994
0.7702336161629286, 0.826233366722946
0.7757067541363019, 0.802009284949087
0.7912778886446624, 0.7495647608580087
0.7795678536765034, 0.7007262626543094
0.8208636226147352, 0.643538862381901
0.8101287599305544, 0.5691211936667361
0.8215978445500794, 0.4940393916663158
0.7921654508244083, 0.37872300195938574
0.7960853180969143, 0.2874260356817701
0.7448819527831868, 0.2568088008451527
0.6616803955809323, 0.2506693196371162
0.5634575219137826, 0.23624868056100998
0.47430402680059613, 0.21354709094847385
0.3919348191386338, 0.20322877461939948
0.3517677704562771, 0.19729288681410923
0.23627702780774312, 0.16375393464475976
0.17835009924916956, 0.1620895589135546
0.15864862950015957, 0.15877660996134377
0.09396295764686394, 0.13186581868666417
-0.028063487257063126, 0.0939820934821507
-0.07548676337765782, 0.06587356135296786
-0.1389517129163994, 0.024073216204465602
-0.16255573285122182, -0.04351856702114311
-0.16266042974050032, -0.061306939926799586
-0.1607240428329389, -0.08104936199765979
-0.14617141340803788, -0.1651660355450441
-0.07713809820633707, -0.22651808878536683
0.015426401848697634, -0.21585213598728173
0.08501264940855978, -0.19377508190312
0.20159840808939813, -0.18505572750634103
0.26909732012763493, -0.1649512938853916
0.3472882745784944, -0.16309587125031913
0.4232634740173544, -0.19507083970497097
0.4878248697656371, -0.2709403682089717
0.41610368026488476, -0.21668947059060656
0.39575800654600923, -0.21839173084888844
0.3376750235022743, -0.28820772510632364
0.335397116287661, -0.3126679063248145
0.3314757577418791, -0.3685889755013063
0.29263009835751796, -0.4240493403282573
0.25562198525941204, -0.5049377459672417
0.2992195165949813, -0.5896526056273966
0.39292070586749084, -0.65779210250253
0.4383208553110343, -0.7071200205988055
0.46521356541947345, -0.7660086847267251
0.39178434681269797, -0.7318796495655869
0.29093015419090223, -0.6750196413774455
0.17705904855704863, -0.6424621377003888
0.07288639769859885, -0.604690299048989
0.03075832341249777, -0.6106249929407672
-0.02074885252696071, -0.6583595279742749
-0.08605833888401118, -0.7580159511303778
-0.0989675885965147, -0.812288441646488
-0.14480112784926624, -0.8962743851252957
-0.15063499728505747, -0.9234644485127541
-0.15268275171608003, -0.9334585744852727
-0.14416834306670084, -1.0020900793250016
-0.07625833366204, -1.0623984453857551
-0.0297667692418009, -1.0911000869189815
0.14885832658800666, -1.1814976328471107
0.19691911583539273, -1.21606619301867
0.1621354283783614, -1.285497159024561
0.16007400687254592, -1.3377939263243734
0.1279278502176047, -1.4619872003669807
0.0777437551348044, -1.4071350358561088
-0.009910200521743124, -1.360576835301332
-0.09564181715826318, -1.3900280526159536
-0.18408711186810917, -1.4759865595670214
-0.23594455746196114, -1.5447974007552066
-0.33504576767155947, -1.5523995318593495
-0.3718683250356206, -1.5004462652002821
-0.3740092566366763, -1.3213587805431632
-0.37277997128186335, -1.2670751358702288
-0.37158192035449017, -1.197120373057556
-0.36768836849077496, -1.096608411650915
-0.36269042587297207, -1.0137386981266125
-0.36141451011459363, -0.960708882829191
-0.3608874663810647, -0.9063954676655973
-0.35335277929217834, -0.8319630467667426
-0.3518553712696051, -0.7305399908509919
-0.35883782329475233, -0.6386348068343568
-0.34939048613865265, -0.4316037006505664
-0.3521950998729296, -0.33293821725831557
-0.3509073316629392, -0.27314413294788076
-0.360226134952711, -0.19198251562525498
-0.3594584297616663, -0.059400958485716915
-0.3578601471558027, -0.005158628812956165
-0.3642754220540657, 0.06245081367160542
-0.3706077547328069, 0.11920833084438791
-0.37245478722941955, 0.17548205014596902
-0.382054867336019, 0.35202454655153437
0.495951601877122, 1.21276490179089
0.560898577927183, 1.3551957193284094
0.5793169530086568, 1.373075788609924
0.7376522795193964, 1.355596484213935
0.7863690334897795, 1.2652005410706013
0.8153429252355371, 1.128859346944158
0.7912778886446624, 0.7495647608580087
0.7843449203721382, 0.7206497525386777
0.5793169530086568, 1.373075788609924
0.6378789843110358, 1.429926253014137
0.8771299714579117, 1.5272511753689917
0.8536346808826105, 1.4763193312513427
0.7376522795193964, 1.355596484213935
-0.37330777338731175, -1.3800373812961488
-0.3011724094300972, -1.0990851401658284
-0.14416834306670084, -1.0020900793250016
-0.08296709884778555, -1.0395609535999033
-0.009910200521743124, -1.360576835301332
-0.23594455746196114, -1.5447974007552066
-0.33504576767155947, -1.5523995318593495
-0.3718683250356206, -1.5004462652002821
-0.08296709884778555, -1.0395609535999033
0.14885832658800666, -1.1814976328471107
0.19691911583539273, -1.21606619301867
0.1279278502176047, -1.4619872003669807
-0.009910200521743124, -1.360576835301332
-0.3011724094300972, -1.0990851401658284
-0.19948801320149345, -0.703045563442344
-0.08605833888401118, -0.7580159511303778
-0.0989675885965147, -0.812288441646488
-0.14416834306670084, -1.0020900793250016
-0.19948801320149345, -0.703045563442344
-0.1439376926111298, -0.4866886171513767
0.07445265197124175, -0.496663181030458
0.07288639769859885, -0.604690299048989
-0.08605833888401118, -0.7580159511303778
0.07288639769859885, -0.604690299048989
0.07445265197124175, -0.496663181030458
0.25562198525941204, -0.5049377459672417
0.4383208553110343, -0.7071200205988055
0.46521356541947345, -0.7660086847267251
-0.1439376926111298, -0.4866886171513767
-0.07713809820633707, -0.22651808878536683
0.08501264940855978, -0.19377508190312
0.26909732012763493, -0.1649512938853916
0.3402042130208402, -0.16326397161761388
0.39575800654600923, -0.21839173084888844
0.3314757577418791, -0.3685889755013063
0.25562198525941204, -0.5049377459672417
0.3402042130208402, -0.16326397161761388
0.3472882745784944, -0.16309587125031913
0.4232634740173544, -0.19507083970497097
0.4878248697656371, -0.2709403682089717
0.39575800654600923, -0.21839173084888844
-0.3740092566366763, -1.3213587805431632
-0.3601079256007641, 0.018530308902526854
-0.16255573285122182, -0.04351856702114311
-0.07713809820633707, -0.22651808878536683
-0.37330777338731175, -1.3800373812961488
-0.38891916895665973, 0.45679604204537805
-0.3882216488428071, 0.7130510005320417
-0.21049523079321567, 0.8869696236667011
-0.07459384105658216, 1.0087979160833271
0.2455908731205241, 1.2000343865184928
0.32467798376386825, 1.237360406051511
0.4267230289317903, 1.2397500228371452
0.495951601877122, 1.21276490179089
0.7843449203721382, 0.7206497525386777
0.8208636226147352, 0.643538862381901
0.8215978445500794, 0.4940393916663158
0.7960853180969143, 0.2874260356817701
0.7448819527831868, 0.2568088008451527
-0.16255573285122182, -0.04351856702114311
-0.3601079256007641, 0.018530308902526854
-0.3706077547328069, 0.11920833084438791
