-0.13759838629851434, -0.11590517639988586
-0.13437101616679747, -0.04170192328276707
-0.11411795701077598, 0.04084573215886584
-0.07287575950048947, 0.11661395262422884
-0.007610427523711256, 0.16942937054866203
0.10821297640503232, 0.1919974571509857
0.09204652816306849, 0.13091435119547742
0.07261800914598374, 0.08047406102201216
0.10396438121176402, 0.005854226478459821
0.08424008048433212, -0.04779278593672954
0.06263912538065491, -0.16017085544953272
0.020284421062358508, -0.18773886325123432
-0.13759838629851434, -0.11590517639988586
-0.13437101616679747, -0.04170192328276707
-0.11411795701077598, 0.04084573215886584
-0.07287575950048947, 0.11661395262422884
-0.007610427523711256, 0.16942937054866203
0.10821297640503232, 0.1919974571509857
0.10396438121176402, 0.005854226478459821
0.06263912538065491, -0.16017085544953272
0.020284421062358508, -0.18773886325123432
