-0.191694205821216, 0.08186229558740989
-0.08958607764545873, 0.1452563147549736
-0.02278848693862816, 0.2086831348768858
0.02251325715232798, 0.24298851181436604
0.10856749855449571, 0.21626900925776613
0.14473385080747436, 0.1297040097517518
0.19817679001597338, 0.05511468872088617
0.24476577609832728, -0.01940424831989169
0.3152831867365305, -0.10635510714095095
0.21474854076746877, -0.11092703522921055
0.15577302215102634, -0.11584114127711265
0.07697930393440659, -0.1453263753176927
0.05417228002932689, -0.2081392974544886
0.0027345351660737396, -0.21885055461583297
-0.0850459555003694, -0.2104023378843116
-0.13729938255639737, -0.13194004209356044
-0.1596683415415208, -0.06863208154906494
-0.21511185876119646, 0.009127485870259001
-0.25959559755286216, 0.04348615561077898
-0.25959559755286216, 0.04348615561077898
0.02251325715232798, 0.24298851181436604
0.10856749855449571, 0.21626900925776613
0.3152831867365305, -0.10635510714095095
0.05417228002932689, -0.2081392974544886
0.0027345351660737396, -0.21885055461583297
-0.0850459555003694, -0.2104023378843116
