-0.12790948196560892, 0.006281487662400234
-0.09310992691523713, 0.049919717753442096
-0.03740488822327309, 0.07891104274898192
0.05575398866592428, 0.10150266288558445
0.12434130634938391, 0.14170541034116169
0.18939983603082128, 0.09792215506466956
0.13214326097781437, -6.804587440158438E-4
0.0868428367737584, -0.056665944680403195
-0.0011280187304537111, -0.09969879008781461
-0.07520279344644944, -0.03617962416772293
-0.1527116180783348, -0.05716518499528869
-0.1527116180783348, -0.05716518499528869
-0.12790948196560892, 0.006281487662400234
-0.09310992691523713, 0.049919717753442096
-0.03740488822327309, 0.07891104274898192
0.12434130634938391, 0.14170541034116169
0.18939983603082128, 0.09792215506466956
0.13214326097781437, -6.804587440158438E-4
0.0868428367737584, -0.056665944680403195
-0.0011280187304537111, -0.09969879008781461
