-0.03144729230139372, 0.12711987027674257
0.12393589821231336, -0.03657674719504606
0.0951064555056284, -0.15270411876540635
0.01996517192470363, -0.09690021784213626
-0.07105080627776417, 0.02581209901668952
-0.08908118502963765, 0.11850258884192766
-0.08908118502963765, 0.11850258884192766
-0.03144729230139372, 0.12711987027674257
0.12393589821231336, -0.03657674719504606
0.0951064555056284, -0.15270411876540635
0.01996517192470363, -0.09690021784213626
-0.07105080627776417, 0.02581209901668952
