-0.10300913762570316, -0.15408447663375904
-0.07586755567005724, -0.08096917227007522
-0.06680002235739893, -0.022462912022088725
-0.05974953018974683, 0.023028834786406133
-0.05807173259105486, 0.03385445401137059
-0.054254449305681504, 0.05848463309464633
-0.038126799838579264, 0.16254473680480983
0.012550597949356299, 0.20378517638479277
0.036501551699463515, 0.13675806818485484
0.11277463287323469, 0.12454998460394966
0.10902994624916403, 0.05570154610093451
0.0921370293796239, -0.002787891712130633
0.08696276504935946, -0.0347140711019954
0.07823137586679921, -0.08858837662107522
0.07202636350774663, -0.12687446427468305
0.06303977001632265, -0.18232342814629324
0.005867372817964615, -0.2253226056472465
-0.04139374889534516, -0.19439955464005187
-0.10300913762570316, -0.15408447663375904
-0.038126799838579264, 0.16254473680480983
0.012550597949356299, 0.20378517638479277
0.11277463287323469, 0.12454998460394966
0.10902994624916403, 0.05570154610093451
0.06303977001632265, -0.18232342814629324
0.005867372817964615, -0.2253226056472465
