-0.14152832588243808, -0.03246769965202591
-0.08358341904546185, -0.013398797302996418
-0.011124532546374471, 0.07009088144252712
0.1435791913574162, 0.08349223637913364
0.24367899465595558, 0.0047358966430681385
0.17492530354290914, 0.0033977201976741938
0.09464433713811851, -0.04342648684781652
0.017342273374657796, -0.1170470087613699
-0.14711292785569724, -0.09836380971567443
-0.14711292785569724, -0.09836380971567443
-0.14152832588243808, -0.03246769965202591
-0.011124532546374471, 0.07009088144252712
0.1435791913574162, 0.08349223637913364
0.24367899465595558, 0.0047358966430681385
0.017342273374657796, -0.1170470087613699
