-0.2144117020288219, -0.06571240669254504
-0.19961719756668936, 0.030581618327916775
-0.16171519686051317, 0.10551744047365638
-0.14107974997281134, 0.16287690967723595
0.04917184771876232, 0.16262372875441075
0.15182770647155513, 0.1560355711407663
0.2262184953722835, 0.12242156194341605
0.22333742710152807, 0.07103297062094911
0.22043544227391362, -0.014516054595576347
0.2030476379737412, -0.12144927956595782
0.17738072898523624, -0.20461556550066518
0.10829828116125499, -0.20182917964377636
-0.016543783041205115, -0.21364635044989344
-0.06794263997177538, -0.18843818401148343
-0.10568977491467778, -0.13798210384656182
-0.17186026262981674, -0.11710153530196322
-0.2144117020288219, -0.06571240669254504
-0.19961719756668936, 0.030581618327916775
-0.14107974997281134, 0.16287690967723595
0.04917184771876232, 0.16262372875441075
0.15182770647155513, 0.1560355711407663
0.2262184953722835, 0.12242156194341605
0.22043544227391362, -0.014516054595576347
0.2030476379737412, -0.12144927956595782
0.17738072898523624, -0.20461556550066518
-0.016543783041205115, -0.21364635044989344
-0.06794263997177538, -0.18843818401148343
-0.17186026262981674, -0.11710153530196322
