0.22505783884725397, -0.12161597737840132
0.2558400597834347, -0.16915531970500652
0.19549450154803444, -0.18227456077914314
0.10815123140035904, -0.1954013599370569
0.03603221494992592, -0.16915975294027613
-0.05433403204531215, -0.16464569564889311
-0.10034782469277372, -0.1300956551112455
-0.11686093914507066, -0.047182609726154325
-0.11973381601419608, 0.010632107983436627
-0.13217243849338442, 0.15103684710992651
-0.05431238720045877, 0.16071902208708522
0.03003812993145881, 0.16100686597487654
0.08266110322580661, 0.16928474430365129
0.04507394123780428, 0.09589971758291836
0.10100664469018501, 0.06051957417058659
0.18853853906760276, 0.0221322927503995
0.267857591823665, 0.07633823846363262
0.26182444664047366, -0.014719113945623127
-0.13217243849338442, 0.15103684710992651
-0.05431238720045877, 0.16071902208708522
0.08266110322580661, 0.16928474430365129
0.267857591823665, 0.07633823846363262
0.2558400597834347, -0.16915531970500652
0.19549450154803444, -0.18227456077914314
0.10815123140035904, -0.1954013599370569
-0.05433403204531215, -0.16464569564889311
-0.10034782469277372, -0.1300956551112455
-0.11686093914507066, -0.047182609726154325
