-0.11817059884905327, 0.13215761047996574
-0.01875315074468618, 0.14143364158177538
0.18360686536433324, 0.12747583224978748
0.09329872662893754, 0.0633463495977574
0.08958691893831684, 0.046827124636948464
0.12093288690740608, -0.0534943115716203
0.11312847712328664, -0.14378218638179338
0.17214892512544713, -0.18364115402466552
0.07514298919065683, -0.2618134487043124
-0.006843547241153417, -0.22743918031368665
-0.08230786979455389, -0.22157450044250218
-0.13096189109547832, -0.16773691237481198
-0.12116795021476875, -0.077350118057098
-0.14847295079350836, -0.003134300066136464
-0.14847295079350836, -0.003134300066136464
-0.11817059884905327, 0.13215761047996574
-0.01875315074468618, 0.14143364158177538
0.18360686536433324, 0.12747583224978748
0.17214892512544713, -0.18364115402466552
0.07514298919065683, -0.2618134487043124
-0.08230786979455389, -0.22157450044250218
-0.13096189109547832, -0.16773691237481198
