-0.0710854026276171, 0.2766769516384455
0.07829525012726832, 0.33316231712654854
0.11395448784647078, 0.22255449853019985
0.14264265527076672, 0.13436404252654793
0.10798260760402843, 0.05412415339961939
0.13109034968125421, -0.17473403312692515
0.1122474473831504, -0.3026052945064291
0.05088907259808075, -0.3095165584409712
-0.04966884649049422, -0.3010577656516027
-0.06783804674706291, -0.21046420524328716
-0.0783913547658726, -0.1374184825383567
-0.10167678515151676, -0.02333700109148775
-0.10464203929981292, 0.048633472758742004
-0.1061622829666286, 0.056960587331595716
-0.11689574728128498, 0.11575299611629675
-0.11975448353990419, 0.13141168615310878
-0.1453703499794206, 0.27172225568934955
-0.1453703499794206, 0.27172225568934955
0.07829525012726832, 0.33316231712654854
0.14264265527076672, 0.13436404252654793
0.13109034968125421, -0.17473403312692515
0.1122474473831504, -0.3026052945064291
0.05088907259808075, -0.3095165584409712
-0.04966884649049422, -0.3010577656516027
-0.06783804674706291, -0.21046420524328716
-0.10167678515151676, -0.02333700109148775
