-0.4608967900276184, 0.008166026324033737
-0.21755723655223846, 0.0220123752951622
-0.17748241126537323, 0.024304525926709175
0.44404810667037964, 0.06063951551914215
0.46718329191207886, -0.015404090285301208
-0.23542194068431854, -0.056448794901371
-0.4735878109931946, -0.07074012607336044
-0.5501797795295715, -0.07540552318096161
-0.5501797795295715, -0.07540552318096161
-0.4608967900276184, 0.008166026324033737
0.44404810667037964, 0.06063951551914215
0.46718329191207886, -0.015404090285301208
