1.3709743022918701, 4.3177595138549805
1.3392765522003174, 4.272866725921631
1.2024462223052979, 4.2449846267700195
1.1524221897125244, 4.1714582443237305
1.2012159824371338, 4.091556549072266
1.2388274669647217, 4.091257095336914
1.3957479000091553, 4.091010570526123
1.4946143627166748, 4.080231189727783
1.6042678356170654, 4.077581882476807
1.7237603664398193, 4.077918529510498
1.7762210369110107, 4.08007287979126
1.8496263027191162, 4.078011512756348
2.0143420696258545, 4.080654621124268
2.067939519882202, 4.078935146331787
2.184722661972046, 4.079011917114258
2.3739001750946045, 4.08051872253418
2.43534255027771, 4.078083515167236
3.4435956478118896, 4.078057765960693
3.489392042160034, 4.0494608879089355
3.547607183456421, 3.999424695968628
3.532480001449585, 3.911538600921631
3.5883615016937256, 3.8861167430877686
3.593583822250366, 3.7906458377838135
3.6858928203582764, 3.7709383964538574
3.6569812297821045, 3.676882743835449
3.7032506465911865, 3.600633382797241
3.787402868270874, 3.600205898284912
3.8814542293548584, 3.5087344646453857
3.948927640914917, 3.4459402561187744
4.035682201385498, 3.413588285446167
4.0908637046813965, 3.493654489517212
4.122342586517334, 3.3797810077667236
4.143772602081299, 3.3143362998962402
4.168620586395264, 3.28413987159729
4.310902118682861, 3.312252998352051
4.369354724884033, 3.164882183074951
4.399942874908447, 3.0766170024871826
4.481796741485596, 3.0236945152282715
4.540468692779541, 3.076171398162842
4.613375186920166, 3.0758352279663086
4.628918170928955, 3.022826671600342
4.7215657234191895, 3.018322229385376
4.7648024559021, 3.074918031692505
4.846108913421631, 3.0348923206329346
4.995543003082275, 3.023665189743042
5.09591817855835, 2.8691656589508057
5.319897174835205, 2.5274572372436523
5.439102649688721, 2.345879077911377
5.476267337799072, 2.2937049865722656
5.548941135406494, 2.1769516468048096
5.617381572723389, 2.07319974899292
5.633887767791748, 2.049773693084717
5.723938465118408, 2.0195834636688232
5.753052234649658, 2.020463466644287
5.8097825050354, 2.0341672897338867
6.177628993988037, 2.095579147338867
6.266993045806885, 2.0769593715667725
6.335939884185791, 1.9485392570495605
6.386732578277588, 1.8819795846939087
6.449913501739502, 1.8563178777694702
6.532145023345947, 1.3789300918579102
6.536851406097412, 1.3516767024993896
6.636724948883057, 1.3502706289291382
6.542858600616455, 1.3170311450958252
6.688293933868408, 0.4541708528995514
6.804973125457764, 0.3779444992542267
6.86081075668335, 0.2952173948287964
6.904001712799072, 0.2336653620004654
6.924742221832275, 0.11461332440376282
6.931634426116943, 0.07989774644374847
6.957523822784424, 0.03925253078341484
7.0306477546691895, 0.04138607531785965
7.083170413970947, -0.06510414928197861
7.128114223480225, -0.14883558452129364
7.170812129974365, -0.17590101063251495
7.208069324493408, -0.23721782863140106
7.2594428062438965, -0.3147159814834595
7.2835612297058105, -0.4492194950580597
7.295897006988525, -0.4745400547981262
7.386585712432861, -0.5024581551551819
7.448996067047119, -0.5930904746055603
7.401777744293213, -0.6469473838806152
7.3582024574279785, -0.6728662252426147
7.2852349281311035, -0.7212638854980469
7.222315311431885, -0.7657442092895508
7.155842304229736, -0.8070734739303589
7.1042962074279785, -0.8433307409286499
7.005832195281982, -0.9065281748771667
6.937410831451416, -0.9729824662208557
6.948441982269287, -1.0383682250976562
6.978890895843506, -1.2155259847640991
6.998849391937256, -1.3310832977294922
7.028036594390869, -1.498392105102539
7.124597072601318, -1.504302978515625
7.227029323577881, -1.489682674407959
7.241695880889893, -1.560553789138794
7.272911548614502, -1.7473406791687012
7.279460430145264, -1.786407470703125
7.287743091583252, -1.831926703453064
7.301124095916748, -1.9038653373718262
7.3108134269714355, -1.9720747470855713
7.405102252960205, -2.5133447647094727
7.418575763702393, -2.5900461673736572
7.430830478668213, -2.655641794204712
7.442226886749268, -2.7265589237213135
7.46869421005249, -2.878330707550049
7.480808734893799, -2.9572675228118896
7.504533290863037, -3.085669755935669
7.517001628875732, -3.168505907058716
7.526089191436768, -3.22306489944458
7.536864757537842, -3.2820286750793457
7.562597751617432, -3.4164481163024902
7.5133185386657715, -3.438617467880249
7.500129222869873, -3.3607988357543945
7.4872002601623535, -3.28487229347229
7.4247212409973145, -3.2504851818084717
7.370899677276611, -3.312145471572876
7.385720729827881, -3.40193247795105
7.373931407928467, -3.4583778381347656
7.407435894012451, -3.5156989097595215
7.439197063446045, -3.7095465660095215
7.390344142913818, -3.6397793292999268
7.380565166473389, -3.5871801376342773
7.327151775360107, -3.5602099895477295
7.2774786949157715, -3.5275847911834717
7.248183727264404, -3.3486459255218506
7.230848789215088, -3.2587616443634033
7.22391939163208, -3.208536386489868
7.178849697113037, -2.9552419185638428
7.081368923187256, -2.9114739894866943
6.990336894989014, -2.8976669311523438
6.925988674163818, -2.9651052951812744
6.961251735687256, -3.033306360244751
6.975688457489014, -3.119223117828369
6.986026287078857, -3.204197645187378
6.976151943206787, -3.253222942352295
7.010867595672607, -3.3200953006744385
7.022121906280518, -3.410834550857544
6.9916863441467285, -3.472031831741333
6.901292324066162, -3.4822795391082764
6.835342884063721, -3.549574136734009
6.862664699554443, -3.606051445007324
6.859655857086182, -3.6840696334838867
6.825864315032959, -3.7597038745880127
6.774055004119873, -3.752220392227173
6.724808216094971, -3.8389732837677
6.724710941314697, -3.8574776649475098
6.7289137840271, -3.8862226009368896
6.735744953155518, -3.923069477081299
6.748510837554932, -3.9769275188446045
6.7542290687561035, -4.029720306396484
6.768531322479248, -4.0924553871154785
6.773569583892822, -4.1422119140625
6.7859930992126465, -4.21762752532959
6.747517108917236, -4.292250633239746
6.662330150604248, -4.281619071960449
6.552587032318115, -4.236738681793213
6.45532751083374, -4.247435092926025
6.408436298370361, -4.275097846984863
6.334560871124268, -4.34036922454834
6.3505330085754395, -4.4330620765686035
6.272648334503174, -4.47812032699585
6.304591655731201, -4.53689432144165
6.284799098968506, -4.5938639640808105
6.300446033477783, -4.677443504333496
6.25054407119751, -4.7249979972839355
6.241634845733643, -4.761394023895264
6.245899677276611, -4.827003479003906
6.267309665679932, -4.919610977172852
6.285242557525635, -5.081081390380859
6.23753023147583, -5.053521156311035
6.233558177947998, -4.975621700286865
6.207578182220459, -4.910272598266602
6.174661159515381, -4.828225612640381
6.1934027671813965, -4.745232582092285
6.177919864654541, -4.653829574584961
6.128751277923584, -4.559177875518799
6.148025035858154, -4.479395866394043
6.106398105621338, -4.41795015335083
6.04404878616333, -4.437190055847168
6.0110344886779785, -4.499238967895508
5.966755390167236, -4.54176139831543
5.915132999420166, -4.549088001251221
5.8600850105285645, -4.506740093231201
5.808865070343018, -4.534740447998047
5.743533611297607, -4.571157455444336
5.6640305519104, -4.5651984214782715
5.599156856536865, -4.5543084144592285
5.567009449005127, -4.597731113433838
5.497588634490967, -4.633102893829346
5.438669681549072, -4.628031253814697
5.355111598968506, -4.655547618865967
5.3094401359558105, -4.72116756439209
5.244657039642334, -4.701476573944092
5.206993579864502, -4.694197177886963
5.132472515106201, -4.691270351409912
5.102685451507568, -4.758190155029297
5.1146559715271, -4.808382034301758
5.063299655914307, -4.802456855773926
4.980030536651611, -4.756370544433594
4.877843379974365, -4.730157375335693
4.826688289642334, -4.692705154418945
4.750289440155029, -4.701078414916992
4.6334662437438965, -4.702781677246094
4.566375255584717, -4.7510175704956055
4.534138202667236, -4.815614700317383
4.4612040519714355, -4.756118297576904
4.397746562957764, -4.705077171325684
4.348788738250732, -4.731833457946777
4.287858486175537, -4.689572334289551
4.2832112312316895, -4.617467880249023
4.263737201690674, -4.5498948097229
4.243518352508545, -4.490638256072998
4.240916728973389, -4.416583061218262
4.22080659866333, -4.356800079345703
4.215059757232666, -4.304965972900391
4.206239223480225, -4.244106769561768
4.199955463409424, -4.182847499847412
4.179445743560791, -4.090565204620361
4.16161584854126, -3.9596073627471924
4.142251491546631, -3.8917171955108643
4.137810230255127, -3.8417811393737793
4.119966983795166, -3.743278741836548
4.093146800994873, -3.6547064781188965
4.0773444175720215, -3.5030763149261475
4.021904468536377, -3.4464051723480225
3.9392945766448975, -3.459197759628296
3.8594272136688232, -3.4001071453094482
3.7796952724456787, -3.3686394691467285
3.6657636165618896, -3.385988712310791
3.586158514022827, -3.4136979579925537
3.5058677196502686, -3.4159674644470215
3.384913206100464, -3.4417800903320312
3.2671115398406982, -3.4672622680664062
3.183286428451538, -3.462256908416748
3.1651666164398193, -3.40301251411438
3.1399781703948975, -3.3069064617156982
3.1421096324920654, -3.248338222503662
3.1227023601531982, -3.1807494163513184
3.1130826473236084, -3.0895097255706787
3.105790853500366, -3.045897960662842
3.07989764213562, -2.9680068492889404
3.079479932785034, -2.889341354370117
3.0586917400360107, -2.792546272277832
3.042423963546753, -2.665292978286743
3.0216290950775146, -2.525510311126709
2.962239980697632, -2.4673047065734863
2.922173261642456, -2.485706090927124
2.88537859916687, -2.5026865005493164
2.8451945781707764, -2.5239949226379395
2.821345090866089, -2.550034761428833
2.782372236251831, -2.6398894786834717
2.784858465194702, -2.739624261856079
2.7245004177093506, -2.7478160858154297
2.5614125728607178, -2.7460176944732666
2.5033938884735107, -2.7590243816375732
2.3948581218719482, -2.786512613296509
2.3263585567474365, -2.7682414054870605
2.243995428085327, -2.7659616470336914
2.057494878768921, -2.7706387042999268
1.9670970439910889, -2.7865991592407227
1.903425931930542, -2.80609130859375
1.8426759243011475, -2.8301265239715576
1.7665765285491943, -2.8520667552948
1.7052361965179443, -2.8603882789611816
1.6430184841156006, -2.8868818283081055
1.445255994796753, -2.944709539413452
1.3829638957977295, -2.9634580612182617
1.320324182510376, -2.984020948410034
1.2664387226104736, -3.0104241371154785
1.2017042636871338, -3.0315754413604736
1.1428449153900146, -3.045450448989868
1.0640666484832764, -3.066028118133545
0.983788251876831, -3.087510824203491
0.8801677227020264, -3.120687484741211
0.8300974369049072, -3.1459569931030273
0.7373330593109131, -3.158574342727661
0.6884462833404541, -3.191851854324341
0.6028482913970947, -3.2130954265594482
0.5628631114959717, -3.2248873710632324
0.5048010349273682, -3.246131181716919
0.41907617449760437, -3.2683005332946777
0.31171390414237976, -3.30832839012146
0.21463607251644135, -3.3340446949005127
0.18628142774105072, -3.227908134460449
0.16377995908260345, -3.095839262008667
0.1450040191411972, -2.969170331954956
0.13097833096981049, -2.911447048187256
0.06857846677303314, -2.8356335163116455
-0.0032599149271845818, -2.8249616622924805
-0.07213713228702545, -2.8397440910339355
-0.1410224586725235, -2.8387653827667236
-0.3356154263019562, -2.844144582748413
-0.42372778058052063, -2.8431289196014404
-0.5753943920135498, -2.8470354080200195
-0.6690309047698975, -2.857180595397949
-0.7439529895782471, -2.843336582183838
-0.8738491535186768, -2.858914613723755
-1.1501643657684326, -2.8664581775665283
-1.1951181888580322, -2.86930251121521
-1.2375357151031494, -2.943740129470825
-1.2406952381134033, -2.9682633876800537
-1.2398617267608643, -2.989659070968628
-1.2378132343292236, -3.022287130355835
-1.2282488346099854, -3.158048391342163
-1.2189724445343018, -3.2873032093048096
-1.2114312648773193, -3.542046308517456
-1.2669847011566162, -3.4946343898773193
-1.3393266201019287, -3.4205267429351807
-1.416168451309204, -3.3453004360198975
-1.4952843189239502, -3.262000560760498
-1.5455572605133057, -3.2104501724243164
-1.6222593784332275, -3.1345365047454834
-1.663135290145874, -3.0958433151245117
-1.7576940059661865, -2.9999070167541504
-1.952566385269165, -2.8028621673583984
-1.975881814956665, -2.7803220748901367
-2.0354816913604736, -2.7262158393859863
-2.0716030597686768, -2.685652017593384
-2.1548473834991455, -2.605865716934204
-2.1928107738494873, -2.5600414276123047
-2.255875825881958, -2.5039467811584473
-2.2935359477996826, -2.449331521987915
-2.3604576587677, -2.401414632797241
-2.4475247859954834, -2.3090271949768066
-2.4940407276153564, -2.260467767715454
-2.5648086071014404, -2.1930222511291504
-3.059461832046509, -1.6986342668533325
-3.698060989379883, -1.0603773593902588
-3.829550266265869, -0.9162570238113403
-3.9264979362487793, -0.8320630788803101
-4.19131326675415, -0.567389965057373
-4.224961280822754, -0.5337599515914917
-4.30124568939209, -0.5907963514328003
-4.28378438949585, -0.6087055206298828
-4.11168098449707, -0.7852219939231873
-3.817715883255005, -1.0867249965667725
-3.693061590194702, -1.2145757675170898
-3.6127073764801025, -1.2969903945922852
-3.5336689949035645, -1.4242706298828125
-3.4929721355438232, -1.4813436269760132
-3.3326470851898193, -1.5686932802200317
-3.2216811180114746, -1.6866434812545776
-3.172257900238037, -1.7308882474899292
-3.0882434844970703, -1.8219456672668457
-3.0441243648529053, -1.859814167022705
-3.0047686100006104, -1.905924677848816
-2.935703754425049, -1.9714699983596802
-2.879032850265503, -2.031585693359375
-2.799306869506836, -2.10807204246521
-2.6801202297210693, -2.2309792041778564
-2.6295058727264404, -2.2817232608795166
-2.562917470932007, -2.3457441329956055
-2.4674832820892334, -2.4439713954925537
-2.42413592338562, -2.488204002380371
-2.160269021987915, -2.748079538345337
-2.1876399517059326, -2.8168275356292725
-2.2282588481903076, -2.8956668376922607
-2.1556456089019775, -2.9624900817871094
-2.1027672290802, -3.020188331604004
-2.0227253437042236, -3.0860023498535156
-2.040815591812134, -3.1587650775909424
-2.087559461593628, -3.2414205074310303
-2.057021379470825, -3.3036296367645264
-2.1203558444976807, -3.387213945388794
-2.270024538040161, -3.537822961807251
-2.4213521480560303, -3.6136856079101562
-2.429548978805542, -3.6974587440490723
-2.4751675128936768, -3.7465574741363525
-2.5163071155548096, -3.7846364974975586
-2.737952709197998, -3.820773124694824
-2.887012004852295, -3.828953504562378
-3.1482791900634766, -3.8444809913635254
-3.219388961791992, -3.849588632583618
-3.27242112159729, -3.851536750793457
-3.357052803039551, -3.857387065887451
-3.4229228496551514, -3.8598413467407227
-3.483983039855957, -3.8650121688842773
-3.5435800552368164, -3.8672337532043457
-3.6289167404174805, -3.8734493255615234
-3.692365884780884, -3.875758171081543
-3.7613914012908936, -3.8814775943756104
-3.851304769515991, -3.8846170902252197
-3.972980499267578, -3.8921408653259277
-4.050970077514648, -3.8982510566711426
-4.12657356262207, -3.900580883026123
-4.295790195465088, -3.9131577014923096
-4.377618789672852, -3.864854335784912
-4.4376540184021, -3.8196041584014893
-4.535638809204102, -3.81068754196167
-4.614546298980713, -3.731483221054077
-4.678518295288086, -3.6672708988189697
-5.020819664001465, -3.3236818313598633
-5.056853294372559, -3.287513017654419
-5.069467067718506, -3.2280123233795166
-5.0676774978637695, -3.1284680366516113
-5.087084770202637, -3.0242762565612793
-5.096945285797119, -2.9562888145446777
-5.1400909423828125, -2.905626058578491
-5.064135551452637, -2.8881428241729736
-5.039517402648926, -2.8332698345184326
-4.958639621734619, -2.8770105838775635
-4.867369174957275, -2.876770257949829
-4.782721042633057, -2.8668596744537354
-4.7392258644104, -2.815016508102417
-4.637884140014648, -2.862041711807251
-4.586475849151611, -2.7911393642425537
-4.525242328643799, -2.7721385955810547
-4.452555179595947, -2.7675602436065674
-4.438273906707764, -2.6933183670043945
-4.435018539428711, -2.614224672317505
-4.400976181030273, -2.5329999923706055
-4.37852668762207, -2.461195230484009
-4.293850421905518, -2.4581806659698486
-4.212589263916016, -2.427741765975952
-4.186291694641113, -2.381871461868286
-4.198788166046143, -2.315068006515503
-4.190122604370117, -2.24701189994812
-4.1275458335876465, -2.2731404304504395
-4.070555210113525, -2.227811813354492
-4.0730695724487305, -2.1412155628204346
-4.073947429656982, -2.0261495113372803
-4.143263816833496, -2.010613441467285
-4.1792473793029785, -2.002950668334961
-4.217139720916748, -2.0007221698760986
-4.377991676330566, -2.0013067722320557
-4.437453269958496, -2.002572536468506
-4.538963317871094, -2.010470390319824
-4.598212242126465, -2.0033347606658936
-4.699086666107178, -2.003098487854004
-4.762861728668213, -2.0106618404388428
-4.843663215637207, -2.010448694229126
-4.921553611755371, -2.010423421859741
-5.002087593078613, -2.002324104309082
-5.0164690017700195, -2.002764940261841
-5.084871292114258, -2.009587049484253
-5.182886600494385, -2.0095574855804443
-5.256555080413818, -2.0023460388183594
-5.382908344268799, -2.004956007003784
-5.442989826202393, -2.01033878326416
-5.564315319061279, -2.010427951812744
-5.634111404418945, -2.002197742462158
-5.6610918045043945, -2.002021551132202
-5.740458965301514, -2.0019681453704834
-5.826114654541016, -2.0106453895568848
-5.918649673461914, -2.002044916152954
-6.009954452514648, -2.0020015239715576
-6.239129543304443, -2.0019984245300293
-6.416950702667236, -2.002044439315796
-6.441410064697266, -2.0020592212677
-6.538684368133545, -2.0103342533111572
-6.592637538909912, -1.9617584943771362
-6.597795009613037, -1.864637851715088
-6.593708515167236, -1.7759872674942017
-6.593957424163818, -1.7321456670761108
-6.5986714363098145, -1.6331342458724976
-6.595061302185059, -1.5341788530349731
-6.596948623657227, -1.1739979982376099
-6.595702648162842, -1.100035309791565
-6.597562789916992, -1.0451915264129639
-6.597891807556152, -0.9760333895683289
-6.596400737762451, -0.878178060054779
-6.598545074462891, -0.8256374597549438
-6.598665714263916, -0.6595467925071716
-6.599629878997803, -0.5250023603439331
-6.601638317108154, -0.44146525859832764
-6.599660873413086, -0.36243388056755066
-6.600831031799316, -0.12306404858827591
-6.601880073547363, -0.06521596759557724
-6.601337909698486, 0.014845440164208412
-6.601029872894287, 0.19672031700611115
-6.601670742034912, 0.2792571187019348
-6.599111080169678, 0.39665141701698303
-6.599632263183594, 0.49531349539756775
-6.600651264190674, 0.5737212896347046
-6.599066734313965, 0.6632912158966064
-6.5988664627075195, 0.7157619595527649
-6.596318244934082, 0.7920196652412415
-6.596445083618164, 0.9340525269508362
-6.59507942199707, 1.0131915807724
-6.595910549163818, 1.0912050008773804
-6.596879959106445, 1.1589562892913818
-6.596322059631348, 1.268678069114685
-6.562526226043701, 1.7575104236602783
-6.401822566986084, 1.7574594020843506
-6.379334449768066, 1.7575368881225586
-6.317580223083496, 1.8200680017471313
-6.252270698547363, 1.7575898170471191
-6.2385478019714355, 1.7574350833892822
-6.094263553619385, 1.7573617696762085
-5.640534400939941, 1.7572524547576904
-5.540566921234131, 1.75724196434021
-5.489008903503418, 1.7572957277297974
-5.4655938148498535, 1.7575374841690063
-5.397786617279053, 1.8137832880020142
-5.397198677062988, 1.9340935945510864
-5.397043704986572, 2.072697401046753
-5.398581504821777, 2.187854766845703
-5.395415306091309, 2.253023862838745
-5.398036956787109, 2.314832925796509
-5.396881580352783, 2.3975212574005127
-5.396414756774902, 2.4379937648773193
-5.393994331359863, 3.0967764854431152
-5.395780086517334, 3.1769087314605713
-5.393002033233643, 3.270040273666382
-5.333884239196777, 3.3786065578460693
-5.24104642868042, 3.378587484359741
-5.117962837219238, 3.37856388092041
-5.098125457763672, 3.3785691261291504
-4.896528720855713, 3.3787403106689453
-4.8179755210876465, 3.3831748962402344
-4.744277477264404, 3.3831839561462402
-4.675983905792236, 3.37860107421875
-4.625573635101318, 3.383441686630249
-4.560725688934326, 3.378960132598877
-4.519631385803223, 3.3788864612579346
-4.421903610229492, 3.384638786315918
-4.363595485687256, 3.3832194805145264
-4.204957485198975, 3.382675886154175
-4.101504802703857, 3.3838956356048584
-4.151887893676758, 3.3363680839538574
-4.192422389984131, 3.259700059890747
-4.193110942840576, 3.2068419456481934
-4.11566686630249, 3.096607208251953
-4.1926589012146, 3.092475414276123
-4.229259967803955, 3.0901706218719482
-4.321408271789551, 3.0654687881469727
-4.352014541625977, 3.0243661403656006
-4.400065898895264, 2.9435970783233643
-4.459063529968262, 2.8578603267669678
-4.54533052444458, 2.723179817199707
-4.5723347663879395, 2.679656982421875
-4.621944427490234, 2.598520517349243
-4.672426700592041, 2.530656099319458
-4.71397590637207, 2.4592270851135254
-4.744142532348633, 2.4156718254089355
-4.778008937835693, 2.35697078704834
-4.829540729522705, 2.2802574634552
-4.857028007507324, 2.1938905715942383
-4.858002185821533, 2.053645610809326
-4.859005451202393, 1.8158888816833496
-4.8585205078125, 1.8094388246536255
-4.79617166519165, 1.7336355447769165
-4.373632431030273, 1.7352685928344727
-4.295662879943848, 1.7705817222595215
-4.240189075469971, 1.8199599981307983
-4.270853042602539, 1.8698376417160034
-4.181290626525879, 1.9146496057510376
-4.108345031738281, 1.9290539026260376
-3.974463701248169, 1.9712437391281128
-3.9003870487213135, 2.03299880027771
-3.9006447792053223, 2.4394311904907227
-3.8991472721099854, 2.5216586589813232
-3.899038076400757, 2.6050589084625244
-3.899168014526367, 2.66336989402771
-3.9002623558044434, 2.7156622409820557
-3.8974788188934326, 2.7970008850097656
-3.897688865661621, 2.8175435066223145
-3.8989622592926025, 2.9149930477142334
-3.839071273803711, 2.8706417083740234
-3.7358767986297607, 2.778651237487793
-3.676849603652954, 2.7383782863616943
-3.6164731979370117, 2.6776604652404785
-3.535832643508911, 2.576995372772217
-3.476640224456787, 2.518162965774536
-3.4365246295928955, 2.4724009037017822
-3.397719383239746, 2.4363744258880615
-3.320354461669922, 2.4535763263702393
-3.250556468963623, 2.4705758094787598
-3.219632387161255, 2.4959418773651123
-3.1880204677581787, 2.5411429405212402
-3.1522250175476074, 2.5791075229644775
-3.0810654163360596, 2.6484036445617676
-3.0490224361419678, 2.68001651763916
-2.66383695602417, 3.064659833908081
-2.570824384689331, 3.132241725921631
-2.547785997390747, 3.224590301513672
-2.5468356609344482, 3.311717987060547
-2.6569011211395264, 3.390749931335449
-2.7166755199432373, 3.4617011547088623
-2.7822067737579346, 3.542689085006714
-2.860025644302368, 3.6248939037323
-2.915252923965454, 3.6523373126983643
-2.9852609634399414, 3.7676751613616943
-3.055172920227051, 3.836348533630371
-2.977989435195923, 3.8093197345733643
-2.9150497913360596, 3.8326752185821533
-2.8269596099853516, 3.80985689163208
-2.8161237239837646, 3.80936598777771
-2.713491678237915, 3.809040069580078
-2.695357084274292, 3.8097681999206543
-2.642879009246826, 3.8933334350585938
-2.6440467834472656, 3.935702085494995
-2.6840217113494873, 4.022770881652832
-2.6957333087921143, 4.072646617889404
-2.501459836959839, 4.072453022003174
-2.3980906009674072, 4.072424411773682
-1.9039380550384521, 4.072543621063232
-1.8135550022125244, 4.073237419128418
-1.7222011089324951, 4.07126522064209
-1.7363812923431396, 3.9332613945007324
-1.7444016933441162, 3.8457093238830566
-1.7354109287261963, 3.83276629447937
-1.6707985401153564, 3.764812707901001
-1.6320641040802002, 3.7638816833496094
-1.507317304611206, 3.763620615005493
-1.3965709209442139, 3.7636258602142334
-1.2640165090560913, 3.7543718814849854
-1.140905737876892, 3.754056692123413
-1.1715196371078491, 3.7072927951812744
-1.2507661581039429, 3.6752140522003174
-1.2860311269760132, 3.5893406867980957
-1.2688710689544678, 3.5747883319854736
-1.2106688022613525, 3.54260516166687
-1.1862099170684814, 3.5416665077209473
-1.145038366317749, 3.5515482425689697
-1.0919268131256104, 3.5741958618164062
-1.0069844722747803, 3.659111499786377
-0.9959700107574463, 3.7819831371307373
-0.993828535079956, 3.8797600269317627
-1.0069844722747803, 3.946169376373291
-0.992966890335083, 4.025625705718994
-0.9352896213531494, 4.0787739753723145
-0.8442361354827881, 4.078756809234619
-0.7137959003448486, 4.078732967376709
-0.3216607868671417, 4.078735828399658
-0.30060890316963196, 4.078751087188721
-0.0995648056268692, 4.0790581703186035
-0.006984966807067394, 4.091819763183594
0.35161420702934265, 4.09169340133667
0.421037882566452, 4.091768264770508
0.4584009349346161, 4.092226505279541
0.4687010943889618, 4.093550205230713
0.481615275144577, 4.095803737640381
0.5188696384429932, 4.10557222366333
0.6026298999786377, 4.171478271484375
0.8042066097259521, 4.171212196350098
0.8457801342010498, 4.172313690185547
0.8689992427825928, 4.17397403717041
0.8987939357757568, 4.177144527435303
0.8857600688934326, 4.276164531707764
0.942453145980835, 4.317492485046387
7.230031490325928, -3.2528369426727295
7.370899677276611, -3.312145471572876
7.407435894012451, -3.5156989097595215
7.439197063446045, -3.7095465660095215
7.2774786949157715, -3.5275847911834717
7.230848789215088, -3.2587616443634033
3.651686906814575, -3.3908886909484863
4.180693626403809, -3.094372272491455
4.235997676849365, -3.110558271408081
4.528594493865967, -3.28202748298645
4.0773444175720215, -3.5030763149261475
4.0773444175720215, -3.5030763149261475
4.528594493865967, -3.28202748298645
4.728106498718262, -3.398946523666382
4.813989162445068, -3.6734211444854736
4.826688289642334, -4.692705154418945
4.534138202667236, -4.815614700317383
4.348788738250732, -4.731833457946777
4.287858486175537, -4.689572334289551
4.243518352508545, -4.490638256072998
4.093146800994873, -3.6547064781188965
4.813989162445068, -3.6734211444854736
5.132472515106201, -4.691270351409912
5.1146559715271, -4.808382034301758
5.063299655914307, -4.802456855773926
4.877843379974365, -4.730157375335693
4.826688289642334, -4.692705154418945
4.728106498718262, -3.398946523666382
6.1358160972595215, -4.223899841308594
6.106398105621338, -4.41795015335083
5.966755390167236, -4.54176139831543
5.3094401359558105, -4.72116756439209
5.132472515106201, -4.691270351409912
6.106398105621338, -4.41795015335083
6.1358160972595215, -4.223899841308594
6.334560871124268, -4.34036922454834
6.3505330085754395, -4.4330620765686035
6.285242557525635, -5.081081390380859
6.23753023147583, -5.053521156311035
6.174661159515381, -4.828225612640381
6.128751277923584, -4.559177875518799
4.235997676849365, -3.110558271408081
6.724808216094971, -3.8389732837677
6.768531322479248, -4.0924553871154785
6.7859930992126465, -4.21762752532959
6.747517108917236, -4.292250633239746
6.334560871124268, -4.34036922454834
4.180693626403809, -3.094372272491455
5.864500045776367, -2.1505725383758545
6.925988674163818, -2.9651052951812744
6.961251735687256, -3.033306360244751
7.010867595672607, -3.3200953006744385
7.022121906280518, -3.410834550857544
6.9916863441467285, -3.472031831741333
6.825864315032959, -3.7597038745880127
6.724808216094971, -3.8389732837677
5.864500045776367, -2.1505725383758545
7.028036594390869, -1.498392105102539
7.227029323577881, -1.489682674407959
7.241695880889893, -1.560553789138794
7.301124095916748, -1.9038653373718262
7.429247856140137, -2.645038604736328
7.178849697113037, -2.9552419185638428
6.925988674163818, -2.9651052951812744
7.178849697113037, -2.9552419185638428
7.429247856140137, -2.645038604736328
7.528869152069092, -3.2213337421417236
7.4872002601623535, -3.28487229347229
7.370899677276611, -3.312145471572876
7.230031490325928, -3.2528369426727295
7.4872002601623535, -3.28487229347229
7.528869152069092, -3.2213337421417236
7.562597751617432, -3.4164481163024902
7.5133185386657715, -3.438617467880249
2.0427277088165283, -2.7732460498809814
3.273409843444824, -1.120408535003662
3.7884175777435303, -1.0996865034103394
2.962239980697632, -2.4673047065734863
2.784858465194702, -2.739624261856079
2.7245004177093506, -2.7478160858154297
2.3948581218719482, -2.786512613296509
2.962239980697632, -2.4673047065734863
3.7884175777435303, -1.0996865034103394
6.937410831451416, -0.9729824662208557
7.028036594390869, -1.498392105102539
3.651686906814575, -3.3908886909484863
3.586158514022827, -3.4136979579925537
3.2671115398406982, -3.4672622680664062
3.183286428451538, -3.462256908416748
3.1651666164398193, -3.40301251411438
3.1399781703948975, -3.3069064617156982
3.273409843444824, -1.120408535003662
3.4677038192749023, -0.859467089176178
6.688293933868408, 0.4541708528995514
6.804973125457764, 0.3779444992542267
6.904001712799072, 0.2336653620004654
7.448996067047119, -0.5930904746055603
7.401777744293213, -0.6469473838806152
6.937410831451416, -0.9729824662208557
3.4677038192749023, -0.859467089176178
5.633887767791748, 2.049773693084717
6.177628993988037, 2.095579147338867
6.266993045806885, 2.0769593715667725
6.449913501739502, 1.8563178777694702
6.636724948883057, 1.3502706289291382
6.688293933868408, 0.4541708528995514
0.3469265103340149, -3.2952001094818115
0.405556857585907, -2.788243293762207
4.399942874908447, 3.0766170024871826
4.540468692779541, 3.076171398162842
4.613375186920166, 3.0758352279663086
4.7648024559021, 3.074918031692505
4.995543003082275, 3.023665189743042
5.476267337799072, 2.2937049865722656
5.633887767791748, 2.049773693084717
2.0427277088165283, -2.7732460498809814
0.6884462833404541, -3.191851854324341
0.405556857585907, -2.788243293762207
0.6083931922912598, -1.0343849658966064
4.168620586395264, 3.28413987159729
4.310902118682861, 3.312252998352051
4.369354724884033, 3.164882183074951
4.399942874908447, 3.0766170024871826
0.6083931922912598, -1.0343849658966064
0.7672753930091858, 0.3394167125225067
3.7032506465911865, 3.600633382797241
3.787402868270874, 3.600205898284912
4.0908637046813965, 3.493654489517212
4.168620586395264, 3.28413987159729
0.7672753930091858, 0.3394167125225067
1.2012159824371338, 4.091556549072266
1.3957479000091553, 4.091010570526123
3.4435956478118896, 4.078057765960693
3.489392042160034, 4.0494608879089355
3.547607183456421, 3.999424695968628
3.6858928203582764, 3.7709383964538574
3.7032506465911865, 3.600633382797241
-4.487157344818115, -3.8150994777679443
-2.2282588481903076, -2.8956668376922607
-2.1556456089019775, -2.9624900817871094
-2.0227253437042236, -3.0860023498535156
-2.057021379470825, -3.3036296367645264
-2.1203558444976807, -3.387213945388794
-2.4751675128936768, -3.7465574741363525
-2.5163071155548096, -3.7846364974975586
-2.737952709197998, -3.820773124694824
-3.219388961791992, -3.849588632583618
-4.295790195465088, -3.9131577014923096
-6.5986714363098145, -1.6331342458724976
-6.5961408615112305, -1.3281465768814087
-4.30124568939209, -0.5907963514328003
-3.5049805641174316, -1.3931260108947754
-4.073947429656982, -2.0261495113372803
-6.538684368133545, -2.0103342533111572
-6.592637538909912, -1.9617584943771362
-6.597795009613037, -1.864637851715088
-4.073947429656982, -2.0261495113372803
-3.5049805641174316, -1.3931260108947754
-2.160269021987915, -2.748079538345337
-2.1876399517059326, -2.8168275356292725
-2.2282588481903076, -2.8956668376922607
-2.7900259494781494, -3.124321222305298
-4.070555210113525, -2.227811813354492
-4.0730695724487305, -2.1412155628204346
-4.212589263916016, -2.427741765975952
-4.198788166046143, -2.315068006515503
-4.190122604370117, -2.24701189994812
-4.070555210113525, -2.227811813354492
-2.7900259494781494, -3.124321222305298
-3.221189022064209, -3.299816370010376
-4.452555179595947, -2.7675602436065674
-4.435018539428711, -2.614224672317505
-4.37852668762207, -2.461195230484009
-4.212589263916016, -2.427741765975952
-3.221189022064209, -3.299816370010376
-3.7580714225769043, -3.5183417797088623
-5.1400909423828125, -2.905626058578491
-5.039517402648926, -2.8332698345184326
-4.525242328643799, -2.7721385955810547
-4.452555179595947, -2.7675602436065674
-3.7580714225769043, -3.5183417797088623
-4.487157344818115, -3.8150994777679443
-4.535638809204102, -3.81068754196167
-5.056853294372559, -3.287513017654419
-5.165086269378662, 1.6374177932739258
-4.8585205078125, 1.8094388246536255
-4.59919548034668, 1.7343968152999878
-4.500028133392334, 1.1333647966384888
-5.398581504821777, 2.187854766845703
-5.398264408111572, 2.2998533248901367
-4.857028007507324, 2.1938905715942383
-4.8585205078125, 1.8094388246536255
-5.165086269378662, 1.6374177932739258
-5.397786617279053, 1.8137832880020142
-5.398264408111572, 2.2998533248901367
-5.395780086517334, 3.1769087314605713
-5.393002033233643, 3.270040273666382
-5.333884239196777, 3.3786065578460693
-4.8179755210876465, 3.3831748962402344
-4.70875358581543, 3.3835785388946533
-4.321408271789551, 3.0654687881469727
-4.857028007507324, 2.1938905715942383
-4.70875358581543, 3.3835785388946533
-4.421903610229492, 3.384638786315918
-4.101504802703857, 3.3838956356048584
-4.11566686630249, 3.096607208251953
-4.321408271789551, 3.0654687881469727
-6.601880073547363, -0.06521596759557724
-6.601670742034912, 0.2792571187019348
-6.600651264190674, 0.5737212896347046
-6.596322059631348, 1.268678069114685
-6.562526226043701, 1.7575104236602783
-6.317580223083496, 1.8200680017471313
-5.397786617279053, 1.8137832880020142
-4.500028133392334, 1.1333647966384888
-4.224961280822754, -0.5337599515914917
-4.30124568939209, -0.5907963514328003
-6.5961408615112305, -1.3281465768814087
-6.601638317108154, -0.44146525859832764
-2.6957333087921143, 4.072646617889404
-1.8135550022125244, 4.073237419128418
-1.7222011089324951, 4.07126522064209
-1.7426422834396362, 3.864915132522583
-2.42364501953125, 3.3964595794677734
-2.695357084274292, 3.8097681999206543
-3.055172920227051, 3.836348533630371
-2.9150497913360596, 3.8326752185821533
-2.695357084274292, 3.8097681999206543
-2.42364501953125, 3.3964595794677734
-2.5468356609344482, 3.311717987060547
-2.6569011211395264, 3.390749931335449
-2.915252923965454, 3.6523373126983643
0.888532817363739, 4.255099773406982
1.1524221897125244, 4.1714582443237305
1.2012159824371338, 4.091556549072266
1.1448783874511719, 3.6044247150421143
0.8987939357757568, 4.177144527435303
0.8857600688934326, 4.276164531707764
0.942453145980835, 4.317492485046387
1.3709743022918701, 4.3177595138549805
1.3392765522003174, 4.272866725921631
1.1524221897125244, 4.1714582443237305
0.888532817363739, 4.255099773406982
0.4584009349346161, 4.092226505279541
0.6026298999786377, 4.171478271484375
0.8987939357757568, 4.177144527435303
1.1448783874511719, 3.6044247150421143
0.847409725189209, 1.0323115587234497
-1.145038366317749, 3.5515482425689697
-0.992966890335083, 4.025625705718994
-0.9352896213531494, 4.0787739753723145
-0.006984966807067394, 4.091819763183594
0.4584009349346161, 4.092226505279541
0.847409725189209, 1.0323115587234497
0.7396413087844849, 0.10047406703233719
-0.5417332649230957, 1.2739735841751099
-2.570824384689331, 3.132241725921631
-2.5505621433258057, 3.2838377952575684
-1.2860311269760132, 3.5893406867980957
-1.145038366317749, 3.5515482425689697
-0.5417332649230957, 1.2739735841751099
-2.5505621433258057, 3.2838377952575684
-2.5468356609344482, 3.311717987060547
-1.7426422834396362, 3.864915132522583
-1.140905737876892, 3.754056692123413
-1.1715196371078491, 3.7072927951812744
-1.2860311269760132, 3.5893406867980957
-3.397719383239746, 2.4363744258880615
-2.66383695602417, 3.064659833908081
-2.570824384689331, 3.132241725921631
0.7396413087844849, 0.10047406703233719
0.6509421467781067, -0.6664778590202332
-3.2706406116485596, 1.6594845056533813
-3.9006447792053223, 2.4394311904907227
-3.9002623558044434, 2.7156622409820557
-3.8989622592926025, 2.9149930477142334
-3.839071273803711, 2.8706417083740234
-3.676849603652954, 2.7383782863616943
-3.6164731979370117, 2.6776604652404785
-3.397719383239746, 2.4363744258880615
-3.2706406116485596, 1.6594845056533813
-3.9003870487213135, 2.03299880027771
-4.59919548034668, 1.7343968152999878
-4.181290626525879, 1.9146496057510376
-3.9003870487213135, 2.03299880027771
-1.7216707468032837, 0.7407621741294861
-1.1951181888580322, -2.86930251121521
-1.2114312648773193, -3.542046308517456
-1.2669847011566162, -3.4946343898773193
-2.3604576587677, -2.401414632797241
-4.224961280822754, -0.5337599515914917
-1.7216707468032837, 0.7407621741294861
0.6509421467781067, -0.6664778590202332
0.5792178511619568, -1.2866542339324951
0.06857846677303314, -2.8356335163116455
-0.6690309047698975, -2.857180595397949
-1.1951181888580322, -2.86930251121521
0.06857846677303314, -2.8356335163116455
0.5792178511619568, -1.2866542339324951
0.3469265103340149, -3.2952001094818115
0.31171390414237976, -3.30832839012146
0.21463607251644135, -3.3340446949005127
