-0.015413628118791847, 0.10680771015901214
0.04576850348761873, 0.1029235003786009
0.033878882105684856, 0.017910598669167502
0.03314245540698063, 3.348659251593694E-4
0.030271341040887877, -0.06818782460835718
-0.028481429964140374, -0.06885617972119301
-0.026595917635971154, -0.010748420520937964
-0.024733993621195403, 0.046632393533358456
-0.028481429964140374, -0.06885617972119301
-0.024733993621195403, 0.046632393533358456
-0.015413628118791847, 0.10680771015901214
0.04576850348761873, 0.1029235003786009
0.030271341040887877, -0.06818782460835718
