-0.07600244314836888, 0.19330741526213507
-0.017169494331825946, 0.18627412214577224
0.07673674837459774, 0.190108927011607
0.11523708069727119, 0.032966019662380504
0.04088672588248337, -0.027480710251975515
0.024263359020467147, -0.08106736005192605
0.023507120108333814, -0.1475146031192221
-0.05274748166060633, -0.1137475260409458
-0.10758684149615497, -2.668017063776336E-4
-0.11563224113905807, 0.07926052019179913
-0.11563224113905807, 0.07926052019179913
-0.07600244314836888, 0.19330741526213507
0.07673674837459774, 0.190108927011607
0.11523708069727119, 0.032966019662380504
0.023507120108333814, -0.1475146031192221
-0.05274748166060633, -0.1137475260409458
-0.10758684149615497, -2.668017063776336E-4
