-0.06510882536624142, 0.03802806371722072
-0.010156917572243906, 0.11445082509492552
0.026118210422691267, 0.07452370267909103
0.07195493088786854, 0.03918366741531272
0.1704431892627251, -0.01996631219488401
0.0748076803205125, -0.11297735994741846
0.07205950177691309, -0.11565012206871035
0.043997717809803154, -0.17571583745468491
-0.006514290890714417, -0.16434889342082395
-0.03483712643317236, -0.10534511837001359
-0.0545921188515494, -0.011340770716136022
-0.06510882536624142, 0.03802806371722072
-0.010156917572243906, 0.11445082509492552
0.1704431892627251, -0.01996631219488401
0.043997717809803154, -0.17571583745468491
-0.006514290890714417, -0.16434889342082395
-0.03483712643317236, -0.10534511837001359
