-0.040812948771782556, 0.07594833197679157
0.05334232822836605, 0.07000057792631023
0.13837464231898866, 0.05767097781601626
0.21449425368426933, 0.04775883976647441
0.19878259337587018, -1.7671439918157637E-4
0.1366324613945089, -0.0119207615622028
0.07370334604072613, -0.019509414694730984
-0.042185618992070045, -0.08109053991667006
-0.042185618992070045, -0.08109053991667006
-0.040812948771782556, 0.07594833197679157
0.05334232822836605, 0.07000057792631023
0.21449425368426933, 0.04775883976647441
0.19878259337587018, -1.7671439918157637E-4
