-0.1606474325295056, -0.03064584462036556
-0.1046025049381989, 0.08459421227813625
-0.04451828972951417, 0.20254034591208733
0.0550873257284678, 0.1855517882723454
0.15388327635099797, 0.1903776083705617
0.23147997447522028, 0.13391605120887629
0.20541222379842436, 0.04335035133366445
0.08025930061065821, -0.2218679688834324
0.027013938587633228, -0.19589526981081445
-0.04633137180545909, -0.16551141142065373
-0.14169279405314833, -0.11360135665254126
-0.1606474325295056, -0.03064584462036556
-0.1046025049381989, 0.08459421227813625
-0.04451828972951417, 0.20254034591208733
0.15388327635099797, 0.1903776083705617
0.23147997447522028, 0.13391605120887629
0.20541222379842436, 0.04335035133366445
0.08025930061065821, -0.2218679688834324
-0.04633137180545909, -0.16551141142065373
-0.14169279405314833, -0.11360135665254126
