-0.07666729950232179, -0.12964705911835325
-0.034049475302849186, -0.042675144589463726
-0.0672408201245156, 0.08218638767405789
-0.058874996367701785, 0.13841266059454216
-0.06495941401012356, 0.2080928814994656
0.05865603399994129, 0.1476812991889356
0.06831462013664308, 0.05278489463936022
0.061910792869617134, -0.12725083552331512
0.06898762103402042, -0.22404122122128833
0.0043396953746012296, -0.21619629987409056
-0.07666729950232179, -0.12964705911835325
-0.06495941401012356, 0.2080928814994656
0.05865603399994129, 0.1476812991889356
0.06831462013664308, 0.05278489463936022
0.06898762103402042, -0.22404122122128833
0.0043396953746012296, -0.21619629987409056
