-0.44750245899268026, 0.7614165147856129
-0.3732656775034029, 0.8553776636627392
-0.2891931382499714, 0.9057483508238536
-0.22938405616366503, 0.976378819075347
-0.1726329626423157, 0.983628320547158
-0.09458248415247185, 0.8904106730246825
-0.09208701584292282, 0.8876993014934703
-0.002836673432425267, 0.8587933638509129
0.11996421669963594, 0.8597971415439208
0.18798719466507674, 0.872109220639018
0.3047229431530414, 0.8696018407433543
0.3496465596699516, 0.9067813304189203
0.40298778904758886, 0.9674582349365605
0.4683089673860179, 1.0425378164064107
0.48574668894877937, 1.0630071341149159
0.5034183879964124, 1.0837512626382817
0.5182307212650255, 1.177973004654468
0.5524609990160417, 1.2243743867501922
0.6175848599921401, 1.266880938328932
0.6960622635490934, 1.2978281735976156
0.8032194732557864, 1.3568375503941337
0.8566242166931078, 1.3657895195829228
0.8526331558687789, 1.2833045447326639
0.758542377926617, 1.184802264965898
0.8191842152157296, 1.1094540340859482
0.8248616666560253, 1.109531950752751
0.9524821893689381, 1.137289310672352
1.029558850396546, 1.0762388465687431
1.1840190858987631, 1.0631518869534018
1.2965095693776292, 1.032349453495898
1.3875322271304316, 1.0283765136846765
1.3562559481152145, 0.9570441265344591
1.2577622536906916, 0.8765154242174823
1.1696846481888907, 0.8553142875719659
1.1072055199882413, 0.8354356062861719
1.0786270081282412, 0.8169096390488007
1.0263627816240257, 0.7361522376011981
0.9051379883662012, 0.6563191824286828
0.893956881942257, 0.5706160816804848
0.9073783247353664, 0.48827794632317323
0.8887157177209538, 0.42938718111284885
0.8877848415954177, 0.3743810632596581
0.882105362487573, 0.23900986676171707
0.8582371503428106, 0.1092683765979133
0.8670117235378034, 0.045712619339141496
0.873676545981735, -0.02925407532677235
0.7991081025047205, -0.07594625864238051
0.7206789236215513, -0.0747622085997735
0.6557635563269524, -0.03921249225657617
0.5863671627093306, -0.03117217801341972
0.42535517903768744, -0.040623073479676135
0.36699137641145085, -0.042049968966468176
0.18218350706259473, -0.030570716868940334
0.09796399637373937, -0.05703229940091042
-0.0017604027753610418, -0.08540079980654419
-0.08257096905110649, -0.1099049583591517
-0.1522318986421104, -0.17758932813152584
-0.15537552611768043, -0.20124724827754598
-0.16190753247739512, -0.25122530640509283
-0.16092309629959, -0.2855210973942531
-0.0922355537264761, -0.3555018484931123
0.03224483745493935, -0.3684369440926459
0.18480432069266553, -0.3830551897823072
0.24701169895850839, -0.3907780596795194
0.3746715993368098, -0.46455524358149036
0.3289849333098243, -0.5372485143044572
0.27190503504222874, -0.5921525068933463
0.19762118211088353, -0.6541559160968196
0.19007747200664304, -0.7394110673815091
0.25299111871575924, -0.8622881724011451
0.18285556334667002, -0.9116266735215303
0.11618499440370471, -0.8721094968040796
0.01856690198332559, -0.798264415760315
-0.07357198437707907, -0.7692882822182506
-0.14636139563188352, -0.8205331225525039
-0.15449522445029829, -0.828095091549059
-0.20462883261916295, -0.8898760616872557
-0.29526454317347295, -1.0017043168376731
-0.3341229471444841, -1.0572984731716062
-0.3305096757334838, -1.1020128752869423
-0.32179556502696754, -1.1210814327038177
-0.31642129771172844, -1.1310837489333254
-0.30201464510933107, -1.1504756008195922
-0.28540256651743323, -1.1673179711867545
-0.21153406068461614, -1.2317842809589663
-0.19415484437992067, -1.2452370075676085
-0.07665631440671948, -1.3347744895600604
-0.009297083891016852, -1.4078649202570217
-0.0659241334446703, -1.473204291250199
-0.0713841859771125, -1.5971163381657367
-0.06913856001795912, -1.7162187530618045
-0.13711190447983665, -1.669578193453505
-0.18228981911671566, -1.5911601764800898
-0.24313660448667374, -1.5041144623087876
-0.3360282130003357, -1.4888715994301536
-0.4288942969458425, -1.5122005055460341
-0.4301910896505677, -1.3369527192528847
-0.42782264705916967, -1.2385279600924861
-0.43091058548777383, -1.1343644985878036
-0.4310927362415348, -1.083076367108785
-0.42545638403657915, -1.0314414513402388
-0.42181108737221884, -0.9833894345662154
-0.422177064089052, -0.8803414834397987
-0.41631365638691364, -0.7715411637558148
-0.4133938357470839, -0.7076838853774021
-0.41609230893172855, -0.6458125838998552
-0.4046376825771929, -0.5776172936678589
-0.413598131812316, -0.46576386246401835
-0.4092477091387853, -0.4041038574404536
-0.4094596070556902, -0.34443982642244503
-0.41547110257479547, -0.24150870645098624
-0.4156719280281097, -0.18496234558646013
-0.41313951203510013, -0.10682344907710663
-0.42397023072244333, 0.11151840714335809
-0.4360273144046961, 0.23758509903609867
-0.445385059012309, 0.31696206006555144
-0.4443104137615491, 0.38419721953810876
-0.44059591107638574, 0.45784323301586016
-0.44084918350400404, 0.5291570722368777
-0.442543636744253, 0.6313927859893042
-0.44005368588476973, 0.6817280924075891
0.43758039414146893, 0.5090132630419499
0.6198972785120103, 0.795882745421908
0.9051379883662012, 0.6563191824286828
0.9073783247353664, 0.48827794632317323
0.873676545981735, -0.02925407532677235
0.7991081025047205, -0.07594625864238051
0.7206789236215513, -0.0747622085997735
0.6388500170060588, -0.03725287787296308
0.6198972785120103, 0.795882745421908
0.8191842152157296, 1.1094540340859482
0.9524821893689381, 1.137289310672352
1.3875322271304316, 1.0283765136846765
1.3562559481152145, 0.9570441265344591
1.2577622536906916, 0.8765154242174823
0.9051379883662012, 0.6563191824286828
0.3047229431530414, 0.8696018407433543
0.5182307212650255, 1.177973004654468
0.5524609990160417, 1.2243743867501922
0.6175848599921401, 1.266880938328932
0.8032194732557864, 1.3568375503941337
0.8566242166931078, 1.3657895195829228
0.8526331558687789, 1.2833045447326639
0.8191842152157296, 1.1094540340859482
0.43758039414146893, 0.5090132630419499
-0.4310927362415348, -1.083076367108785
-0.4248223588373868, -1.0230837805353878
-0.3341229471444841, -1.0572984731716062
-0.07665631440671948, -1.3347744895600604
-0.009297083891016852, -1.4078649202570217
-0.06913856001795912, -1.7162187530618045
-0.4288942969458425, -1.5122005055460341
-0.4301910896505677, -1.3369527192528847
-0.4248223588373868, -1.0230837805353878
-0.4218487799022862, -0.9727763605165196
-0.18861443508137254, -0.5359928671574344
-0.13465752684429622, -0.5525001816174107
-0.07357198437707907, -0.7692882822182506
-0.3341229471444841, -1.0572984731716062
-0.13465752684429622, -0.5525001816174107
0.19762118211088353, -0.6541559160968196
0.25299111871575924, -0.8622881724011451
0.18285556334667002, -0.9116266735215303
-0.07357198437707907, -0.7692882822182506
-0.18861443508137254, -0.5359928671574344
-0.0922355537264761, -0.3555018484931123
0.18480432069266553, -0.3830551897823072
0.24701169895850839, -0.3907780596795194
0.3746715993368098, -0.46455524358149036
0.3289849333098243, -0.5372485143044572
0.27190503504222874, -0.5921525068933463
0.19762118211088353, -0.6541559160968196
-0.422177064089052, -0.8803414834397987
-0.4151282827461882, -0.06673082907735599
-0.1522318986421104, -0.17758932813152584
-0.0922355537264761, -0.3555018484931123
-0.4218487799022862, -0.9727763605165196
-0.44750245899268026, 0.7614165147856129
-0.3732656775034029, 0.8553776636627392
-0.22938405616366503, 0.976378819075347
-0.1726329626423157, 0.983628320547158
0.3047229431530414, 0.8696018407433543
0.6388500170060588, -0.03725287787296308
-0.1522318986421104, -0.17758932813152584
-0.4151282827461882, -0.06673082907735599
-0.445385059012309, 0.31696206006555144
