-0.06991232064139392, 0.06610586617731222
-0.04888259093589223, 0.12061859143624301
0.05789871071153648, 0.1836403933789044
0.060704239007802335, 0.10307094217617335
0.06195898722136224, 0.06703695346228838
0.025457846660529318, -0.11578105932204649
-0.028281183399897776, -0.07589357843764277
-0.03499322087428335, 0.016594718665557853
-0.06991232064139392, 0.06610586617731222
-0.04888259093589223, 0.12061859143624301
0.05789871071153648, 0.1836403933789044
0.06195898722136224, 0.06703695346228838
0.025457846660529318, -0.11578105932204649
-0.028281183399897776, -0.07589357843764277
