-0.0012264398284818007, 0.034750147913387014
0.10288758986352167, 0.0068826919929250475
0.14810050735379243, -0.028784691979764666
0.24951179431354661, -0.10696193487717888
0.19694484449012967, -0.11050384964648297
0.11150022874818838, -0.08312573447222954
0.06019370103229651, -0.08027263533386253
-0.042130002672674, -0.010810829046260611
-0.042130002672674, -0.010810829046260611
-0.0012264398284818007, 0.034750147913387014
0.10288758986352167, 0.0068826919929250475
0.24951179431354661, -0.10696193487717888
0.19694484449012967, -0.11050384964648297
0.06019370103229651, -0.08027263533386253
