-0.11923495616303088, 0.11120622089087923
-0.06700671239053574, 0.15262419037643485
0.03495193740065895, 0.09027789286944271
0.10186610673434643, -0.008614035201278583
0.10935900148787117, -0.01968772581696721
0.18084020017918667, -0.10503233225766836
0.2755596464613813, -0.13489353286182823
0.26217085734842877, -0.2038563860000483
0.13878978193244113, -0.16800989515502934
0.05972533205181406, -0.2257139761188855
0.018626522636879854, -0.1694015853336331
0.012181173869116001, -0.16057035630961966
-0.013986814934184227, -0.12471574074939148
-0.027121259759254876, -0.10671930726954591
-0.0282051226244111, -0.10523422996221832
-0.08950897044767245, -0.02123748445044415
-0.09206660283013136, -0.017733091105324346
-0.10825162942108973, 0.00444316059720222
-0.11806744731006923, 0.017892508174658543
-0.14800776024042406, 0.058915852304774294
-0.14800776024042406, 0.058915852304774294
-0.11923495616303088, 0.11120622089087923
-0.06700671239053574, 0.15262419037643485
0.03495193740065895, 0.09027789286944271
0.2755596464613813, -0.13489353286182823
0.26217085734842877, -0.2038563860000483
0.05972533205181406, -0.2257139761188855
