-0.09653381305251896, 0.028106702507105837
-0.0737186793335369, 0.10505443837834466
-0.05063341597630104, 0.1540876803289303
0.03388868294256451, 0.1589875270301269
0.15544929713106695, 0.15029350873925867
0.14329426487731756, -0.024453282727076076
0.06327894036980912, -0.10872192443574012
0.009297935516026729, -0.1259133213785928
-0.11397992471927271, -0.11274496743634428
-0.11381874676583473, -0.0437179220655296
-0.11397992471927271, -0.11274496743634428
-0.11381874676583473, -0.0437179220655296
-0.09653381305251896, 0.028106702507105837
-0.0737186793335369, 0.10505443837834466
-0.05063341597630104, 0.1540876803289303
0.03388868294256451, 0.1589875270301269
0.15544929713106695, 0.15029350873925867
0.14329426487731756, -0.024453282727076076
0.06327894036980912, -0.10872192443574012
0.009297935516026729, -0.1259133213785928
