-0.10713984055419544, 0.02222670281092554
-0.05489424652785169, 0.09625410441067765
0.023382269986566, 0.059124817802308036
0.08439605009792797, 0.06665839514691643
0.1470520709178965, 0.028329732345759737
0.11903744905029084, -0.015244575212678125
0.08887004496737938, -0.06216734825458348
-0.032823354173351665, -0.10627377299326965
-0.1627395190451845, -0.07524424033737884
-0.1627395190451845, -0.07524424033737884
-0.10713984055419544, 0.02222670281092554
-0.05489424652785169, 0.09625410441067765
0.08439605009792797, 0.06665839514691643
0.1470520709178965, 0.028329732345759737
0.08887004496737938, -0.06216734825458348
-0.032823354173351665, -0.10627377299326965
