-0.0804044862604867, -0.11294592654285751
-0.04699873781673233, -0.063074437175489
-0.05723429633658732, 0.006961904209565634
-0.048003297732631504, 0.10266494559038226
0.0198633617674308, 0.1297754122637069
0.07071663464858309, 0.14568628101307235
0.16368713706260657, 0.14915582855707352
0.16657522184569323, 0.07176628715645973
0.16946330662877993, -0.005623254244154061
0.07143338753139584, -0.00928161314522071
0.0422448284102619, -0.06448367216405994
0.025363488776748447, -0.11821742732121189
-0.04096216814698664, -0.15300462832665446
-0.0804044862604867, -0.11294592654285751
-0.048003297732631504, 0.10266494559038226
0.0198633617674308, 0.1297754122637069
0.07071663464858309, 0.14568628101307235
0.16368713706260657, 0.14915582855707352
0.16946330662877993, -0.005623254244154061
0.025363488776748447, -0.11821742732121189
-0.04096216814698664, -0.15300462832665446
