-0.015809392945634212, 0.11522146781116135
0.013339751758990838, 0.06639426636067122
0.030670726406215806, 0.03736346634892604
0.03736473540523791, 0.02615045378136397
0.07539108423228087, -0.016076770171662445
0.11080297151794154, -0.09686459812424784
0.05280050343423876, -0.11020427177534999
-0.01869561157362271, -0.04459542580171182
-0.06344685019539228, 0.0021504261573723027
-0.072422291164915, 0.06816054234788983
-0.072422291164915, 0.06816054234788983
-0.015809392945634212, 0.11522146781116135
0.07539108423228087, -0.016076770171662445
0.11080297151794154, -0.09686459812424784
0.05280050343423876, -0.11020427177534999
-0.01869561157362271, -0.04459542580171182
-0.06344685019539228, 0.0021504261573723027
