-0.02830844136324451, 0.023693697519280642
0.04334997908460811, 0.035947283486470916
0.14480921934441027, 0.09644583338988
0.21486992416562162, 0.13571850846431793
0.1819357343683833, 0.07541308688371352
0.16339228962247512, 0.005263817142539304
0.12030962777406022, -0.04145269602521354
0.036466766840184114, -0.06202033052999579
-0.05306599939128335, -0.07286841022124058
-0.13141155984248043, -0.0835421477830738
-0.13141155984248043, -0.0835421477830738
-0.02830844136324451, 0.023693697519280642
0.21486992416562162, 0.13571850846431793
0.16339228962247512, 0.005263817142539304
0.12030962777406022, -0.04145269602521354
0.036466766840184114, -0.06202033052999579
