-0.09325630279552834, 0.08780300359463816
-0.026088438549140208, 0.09650068775569434
0.041513897076902395, 0.11089120086261145
0.09487029718470788, 0.09198291809490207
0.15642273677246485, 0.10736857772724613
0.2407424993554917, 0.12150894435692428
0.25840393058088845, 0.01619288524737212
0.17404939224918936, -0.051290156007381765
0.0799342801046071, -0.07841750006510102
-0.12164478641496965, -0.11625063449743933
-0.13551512158491635, -0.028125200306237153
-0.13850818536051662, -0.009108713569979998
-0.14699773716464526, 0.044829812764161515
-0.14699773716464526, 0.044829812764161515
-0.09325630279552834, 0.08780300359463816
0.041513897076902395, 0.11089120086261145
0.2407424993554917, 0.12150894435692428
0.25840393058088845, 0.01619288524737212
0.17404939224918936, -0.051290156007381765
0.0799342801046071, -0.07841750006510102
-0.12164478641496965, -0.11625063449743933
