-0.05731160534688009, 0.16883474553320157
0.059023712621900384, 0.18427992704354534
0.15534263891648728, 0.17070216229048604
0.150130734738676, 0.022980427782344836
0.11524945220069406, -0.01872961976350907
0.1071679283545995, -0.10231895022961715
-0.054160468614630454, -0.18088206319448544
-0.0705354685657818, -0.09744211709572662
-0.0945683070344931, 0.049838631095285954
-0.1322603493328821, 0.12569351513253513
-0.1322603493328821, 0.12569351513253513
-0.05731160534688009, 0.16883474553320157
0.059023712621900384, 0.18427992704354534
0.15534263891648728, 0.17070216229048604
0.150130734738676, 0.022980427782344836
0.1071679283545995, -0.10231895022961715
-0.054160468614630454, -0.18088206319448544
