-0.2867159508130703, -0.3651785015255692
-0.23285677228022925, -0.22960316788571028
-0.22616088961906083, -0.21274816655575646
-0.19712292495859776, -0.0942619326354764
-0.1360332468079851, 0.014122825114399683
-0.11175151779144772, 0.07524524848672007
-0.054611402258095014, 0.14155222859396227
-0.02412220970944843, 0.22092866977336836
0.012329387128886468, 0.27250411188511575
0.034194800807263184, 0.3179470649837397
0.08520817166824161, 0.4239683026121265
0.14161388568161104, 0.3932659512579376
0.2363564120517877, 0.36495021304004754
0.31065924950556767, 0.3448936345244197
0.28349733280777806, 0.2851734807710924
0.22318234863106196, 0.13879894162433493
0.24828016808711728, 0.05227134816152108
0.1719744059682498, -0.01812116047919638
0.16657169361235777, -0.02490228563866852
0.14798292476289038, -0.048233671769426695
0.1325234609695447, -0.06763736235581849
0.056237297779391064, -0.16338667981933105
0.012517279961927273, -0.21826113791837307
-0.051634811863077806, -0.2561256030823299
-0.06554905317429269, -0.29123932541801
-0.07917932764898285, -0.3507481199292006
-0.1467306170938157, -0.3855287608211477
-0.23262499530025726, -0.36427364322090744
-0.2867159508130703, -0.3651785015255692
-0.19712292495859776, -0.0942619326354764
-0.11175151779144772, 0.07524524848672007
0.08520817166824161, 0.4239683026121265
0.31065924950556767, 0.3448936345244197
0.24828016808711728, 0.05227134816152108
-0.07917932764898285, -0.3507481199292006
-0.1467306170938157, -0.3855287608211477
