-0.09545428631153735, 0.11762155324281469
0.006777025681078143, 0.04743438926230782
0.05147595560914847, -6.644577911133877E-4
0.23694803581359938, -0.16028818761828928
0.1521077251978125, -0.13247763741026666
0.06773007160798407, -0.1387722328226314
-0.022874450201257425, -0.18166386993859956
-0.0223150213461498, -0.12938731466353448
-0.03319581088520984, -0.1004978511311532
-0.04356505049808697, -0.07296659812976343
-0.0668722917758768, -0.011083800514941827
-0.09545428631153735, 0.11762155324281469
0.006777025681078143, 0.04743438926230782
0.23694803581359938, -0.16028818761828928
-0.022874450201257425, -0.18166386993859956
-0.0668722917758768, -0.011083800514941827
