-0.45365268914934753, 0.43375297671872176
-0.36618940713794734, 0.46497692956349496
-0.32040302325158787, 0.48791593317232956
-0.2641319180694094, 0.5071386549225543
-0.20196174541003029, 0.5343031213510295
-0.10127665526051861, 0.5422888869800491
-0.04730933598635338, 0.5588875951547128
0.011768143987671415, 0.5857261595294224
7.134938851444724E-5, 0.5344451716780562
0.00983573551605963, 0.4478863907660607
-0.019796484406599337, 0.4045849998145756
0.05533445375063151, 0.3485817901749859
0.14989159902424587, 0.33211150338489215
0.24963288992991464, 0.35586119576712805
0.3085873326787065, 0.4203723149083257
0.2980276978352731, 0.49034976488923643
0.2875601346136495, 0.5700113536930468
0.3980842765835435, 0.6385003807047884
0.40169728328525345, 0.5694594803133171
0.39457640462708043, 0.5003977616235059
0.3653836883327158, 0.4047911285777285
0.3799634683553727, 0.34928571601628994
0.3911089691588021, 0.2826244641377788
0.41673246236889505, 0.23136633642169188
0.3983349825470961, 0.14454269315712892
0.3765311567692999, 0.09553545108725704
0.40965617064926974, 0.007212420372170032
0.36206361164297063, -0.037181832983403565
0.3909149863308125, -0.1793254243108247
0.37636127979549344, -0.2739217922180861
0.3763639502484865, -0.27918329763451205
0.3838732820288004, -0.3379288470650029
0.3946236517776966, -0.4700660526052924
0.36587238079179324, -0.5580634983617306
0.27771020887156195, -0.5868602588147048
0.2029516281057459, -0.5436000730524257
0.13757704015303546, -0.5317503284650954
0.0711918729548793, -0.5252148283823878
0.013561661006017653, -0.5092713947619032
-0.08346252201165914, -0.5238974861565219
-0.1517258415444064, -0.47637853846990186
-0.16846228355176468, -0.42455319588113766
-0.21269229470660223, -0.3343636664307083
-0.22187520863374394, -0.23496451543773503
-0.2479189426394957, -0.18503182790252107
-0.2928250394224143, -0.10075052769937656
-0.3266024681789295, 0.04763397595624985
-0.36893738728407877, 0.13611726218166859
-0.38381727096150575, 0.19963911058364603
-0.39879614368395266, 0.2610939623926883
-0.43080216645464053, 0.3324868133788214
0.14989159902424587, 0.33211150338489215
0.2875601346136495, 0.5700113536930468
0.3980842765835435, 0.6385003807047884
0.40169728328525345, 0.5694594803133171
0.41673246236889505, 0.23136633642169188
0.3946236517776966, -0.4700660526052924
0.36587238079179324, -0.5580634983617306
0.27771020887156195, -0.5868602588147048
0.2752357074646987, -0.585428351073368
-0.38999767155959153, 0.20296626134911094
-0.019796484406599337, 0.4045849998145756
0.14989159902424587, 0.33211150338489215
0.2752357074646987, -0.585428351073368
-0.08346252201165914, -0.5238974861565219
-0.1517258415444064, -0.47637853846990186
-0.21269229470660223, -0.3343636664307083
-0.2928250394224143, -0.10075052769937656
-0.36893738728407877, 0.13611726218166859
-0.45365268914934753, 0.43375297671872176
-0.32040302325158787, 0.48791593317232956
-0.20196174541003029, 0.5343031213510295
0.011768143987671415, 0.5857261595294224
0.00983573551605963, 0.4478863907660607
-0.019796484406599337, 0.4045849998145756
-0.38999767155959153, 0.20296626134911094
-0.43080216645464053, 0.3324868133788214
