-0.18323408974654454, -0.09468021857996528
-0.16511705631229118, -0.03186337006582482
-0.15275873859943667, 0.010986391981324308
-0.13699790203134724, 0.07958680173917554
-0.09946509502437667, 0.21475466304603974
-0.05942201966703102, 0.2456306871399587
0.04938360304277247, 0.24682006938301526
0.09740327821356087, 0.18849644192354267
0.18485882025403533, 0.1606332111077104
0.17702810892703447, 0.096793506492818
0.17254918239386396, 0.060279154867635465
0.16133668703764842, -0.031130470854170585
0.14402683365481034, -0.10275639835887
0.11420844665061304, -0.16219061659833797
0.02770270566940468, -0.20841044455348687
-0.033366608870777636, -0.18997255912600558
-0.042160158519829516, -0.18731763394548132
-0.09021079459674114, -0.17281031338073588
-0.18323408974654454, -0.09468021857996528
-0.13699790203134724, 0.07958680173917554
-0.09946509502437667, 0.21475466304603974
-0.05942201966703102, 0.2456306871399587
0.04938360304277247, 0.24682006938301526
0.18485882025403533, 0.1606332111077104
0.16133668703764842, -0.031130470854170585
0.14402683365481034, -0.10275639835887
0.11420844665061304, -0.16219061659833797
0.02770270566940468, -0.20841044455348687
-0.09021079459674114, -0.17281031338073588
