-0.12020503997731408, 0.1403583929246513
-0.028566265720686823, 0.17470254205092525
0.003584197204105754, 0.08891707089603763
0.05626703386634256, 0.062139329832905044
0.1455045945401051, 0.028792937101772983
0.22716739435682712, 0.050052142103333516
0.24678868018252542, -0.04162552123051102
0.19057132519565953, -0.0717825113101788
0.09492209585334117, -0.05921677008048877
0.0770880542702877, -0.09208220272461448
0.08268625650372587, -0.15288527002019275
0.0428630014825626, -0.20047255455821508
-0.05241023411886909, -0.2184727494901225
-0.06514320342892982, -0.1373229608529791
-0.09758968504146566, -0.035426541711796114
-0.11274339054627897, 0.05183568862463568
-0.12020503997731408, 0.1403583929246513
-0.028566265720686823, 0.17470254205092525
0.22716739435682712, 0.050052142103333516
0.24678868018252542, -0.04162552123051102
0.0428630014825626, -0.20047255455821508
-0.05241023411886909, -0.2184727494901225
-0.09758968504146566, -0.035426541711796114
-0.11274339054627897, 0.05183568862463568
