-0.3114269798514584, 0.7389456060462453
-0.3100482713517264, 0.8327645837931197
-0.31137070513375165, 0.9814661854325405
-0.312700647570755, 1.0709098830298855
-0.27720412830344593, 1.160134611719083
-0.20952274467681886, 1.226309134781581
-0.16869798697997015, 1.2580666787427008
-0.1066556899839119, 1.3242711275352823
-0.018305889490863016, 1.3731922016318483
0.04398154731580833, 1.4164423092519978
0.10213556540113655, 1.4568438474494902
0.168247216034345, 1.4965771692726462
0.20781460108601327, 1.5282055846909004
0.3229792161061338, 1.5943365102085776
0.44686614213219095, 1.5994991462968526
0.5187763124724023, 1.5179039507322796
0.5302866025874634, 1.4495484545945314
0.5783699106831371, 1.4199016687012598
0.6363162680994778, 1.3417748310176236
0.6339055627033741, 1.2551834197186555
0.6261588826356326, 1.1903380466855757
0.6730517135773204, 1.1069359948791102
0.6210617404859765, 1.0351103533560326
0.5463803104155823, 1.0003042595748337
0.4707248347523072, 0.9565115031856314
0.3994582616939778, 0.9294837471085029
0.3312868627472435, 0.8998949702104873
0.21420890735449313, 0.8423560738031957
0.1452747382660159, 0.8013411845290502
0.08612321770957915, 0.7858446777188005
0.00797069756066196, 0.7447104195619266
-0.03740783295173572, 0.7038906342950717
-0.16716230470089843, 0.6033726650582079
-0.201402472438087, 0.540385601072315
-0.18874812816110287, 0.4943550019256442
-0.15986998711584116, 0.41487517038696237
-0.11090435036131646, 0.36058582019921326
0.033141633269115525, 0.4124239895260916
0.08184542111198251, 0.4302237686559758
0.1576198785479382, 0.45989783504280357
0.32582507358390667, 0.4755766244967189
0.3372244332623626, 0.3935637784531976
0.40478625834224674, 0.34040102107551923
0.31929571819158725, 0.2317554728656965
0.3199075690069555, 0.1415348712014253
0.3740769148257188, 0.09842069247450114
0.38810057843633633, 0.08725905243296686
0.44487917301903407, 0.04206813425403502
0.4921143955536955, 0.018982830305128075
0.5438513652401129, -0.036705288609362965
0.27859547272280816, 0.01791184622826495
0.23359486694248574, 0.023055108568211403
0.18722232743763167, 0.025840927371456584
0.15696989623954807, 0.022202982787945563
0.07445439158560832, -0.03017121324943466
0.06784871192267913, -0.0497327593143778
0.05373545485001795, -0.09152666129581671
0.03278805056385033, -0.15355867537976226
0.027649065610175532, -0.16877686578982862
0.01690303229939285, -0.25009460245130133
4.900604416608299E-4, -0.3128273758273943
-0.004000590948300796, -0.3299913007033629
-0.010706997746792601, -0.35562416606768643
-0.012707581310825044, -0.36327068836908555
0.03243424464283888, -0.4420011917621901
0.14456950419047027, -0.48164961612307056
0.19055378375498702, -0.49024056234871727
0.27425217614894826, -0.4959636959772483
0.348426378113217, -0.539224696868904
0.38306074656256317, -0.5556530110381606
0.43700655373210173, -0.5746007226786157
0.4190203160234928, -0.6280055721518674
0.44106984262635623, -0.6799999422889025
0.49881999260793936, -0.83496948300896
0.4320561612218027, -0.8440381471132195
0.38169344522603116, -0.8250251803590957
0.29756214739042014, -0.779016479427239
0.22035850669920004, -0.716465082134153
0.1806289869130465, -0.7255625011531355
-0.01452291072537119, -0.9950269250756579
-0.02119931344810478, -1.0859911550708226
0.010838311593780006, -1.144929038314819
0.07949929666862211, -1.2283403538230386
0.19135844912498368, -1.289830827657882
0.2599036937972189, -1.3379067325372997
0.358219279104773, -1.4053532461563438
0.41469211884936713, -1.4350755172510623
0.5032022051458503, -1.4811345238254081
0.5169603956296043, -1.5466316103780426
0.5677125597177788, -1.610820951979655
0.6229711696769525, -1.6417002102711924
0.654984127890193, -1.7179653649996816
0.5694465749844387, -1.7538704925324768
0.59020162520006, -1.8398653667992353
0.4985816845158192, -1.8619780390470586
0.44080156476424026, -1.836165716339684
0.348882651389827, -1.7639142933900047
0.26893509479622496, -1.703868477370466
0.22013474406940625, -1.6807887577393645
0.12718416826066065, -1.6015107663948809
0.09310883264821193, -1.5530634245514152
0.007879180514104925, -1.52730909926245
-0.061064097195065864, -1.4787521990488315
-0.0937303089029892, -1.398776108158742
-0.1238909426932072, -1.3648408105947176
-0.13892766652134433, -1.3479222106393882
-0.15396439034948148, -1.3310036106840588
-0.17619808539773196, -1.3059873241345745
-0.2693119232394922, -1.241328754454025
-0.31456005746979127, -1.1475262087964433
-0.31184874411166125, -1.0786825743722313
-0.3104401252033771, -0.8559622016942804
-0.31041697020179493, -0.7561737953150585
-0.3090375646251117, -0.6860777511300673
-0.30110400907273177, -0.5887210141960704
-0.291996276809892, -0.513501499001656
-0.2856086441025316, -0.372179252651904
-0.28673604136910097, -0.3132882716289584
-0.28205900565872916, -0.12400864990423079
-0.2863728481671682, -0.04278610992028932
-0.28491005170470096, 0.06634421632084227
-0.2846070288886618, 0.09470567374891714
-0.284605222997922, 0.10248831018611797
-0.29059300236955715, 0.18416652967307715
-0.28803147800790063, 0.28149222345926916
-0.29117639813716495, 0.33258843536295024
-0.2942948251768256, 0.4350943885914303
-0.2991184498232487, 0.5474358920521012
-0.2999984236139139, -1.1777134938160383
-0.2909150829545686, -1.1038196035164078
-0.02119931344810478, -1.0859911550708226
0.5032022051458503, -1.4811345238254081
0.6229711696769525, -1.6417002102711924
0.654984127890193, -1.7179653649996816
0.59020162520006, -1.8398653667992353
0.4985816845158192, -1.8619780390470586
0.44080156476424026, -1.836165716339684
0.22013474406940625, -1.6807887577393645
-0.061064097195065864, -1.4787521990488315
-0.2693119232394922, -1.241328754454025
-0.2909150829545686, -1.1038196035164078
-0.19859476073986176, -0.35278449231627546
-0.012707581310825044, -0.36327068836908555
0.01104729907968942, -0.37425517815362064
0.1806289869130465, -0.7255625011531355
-0.02119931344810478, -1.0859911550708226
0.01104729907968942, -0.37425517815362064
0.27425217614894826, -0.4959636959772483
0.43700655373210173, -0.5746007226786157
0.49881999260793936, -0.83496948300896
0.4320561612218027, -0.8440381471132195
0.38169344522603116, -0.8250251803590957
0.1806289869130465, -0.7255625011531355
-0.19859476073986176, -0.35278449231627546
-0.15956580796105269, -0.03528003406614899
0.1283909649729079, 0.07090948963470883
0.15696989623954807, 0.022202982787945563
-0.012707581310825044, -0.36327068836908555
0.1283909649729079, 0.07090948963470883
0.3199075690069555, 0.1415348712014253
0.4921143955536955, 0.018982830305128075
0.5438513652401129, -0.036705288609362965
0.15696989623954807, 0.022202982787945563
-0.15956580796105269, -0.03528003406614899
-0.11090435036131646, 0.36058582019921326
0.1576198785479382, 0.45989783504280357
0.32582507358390667, 0.4755766244967189
0.40478625834224674, 0.34040102107551923
0.3199075690069555, 0.1415348712014253
-0.31456005746979127, -1.1475262087964433
-0.31313473324115454, 0.5530083064823768
-0.201402472438087, 0.540385601072315
-0.11090435036131646, 0.36058582019921326
-0.2999984236139139, -1.1777134938160383
-0.31313473324115454, 0.5530083064823768
-0.312700647570755, 1.0709098830298855
-0.27720412830344593, 1.160134611719083
-0.20952274467681886, 1.226309134781581
-0.1066556899839119, 1.3242711275352823
0.20781460108601327, 1.5282055846909004
0.3229792161061338, 1.5943365102085776
0.44686614213219095, 1.5994991462968526
0.5187763124724023, 1.5179039507322796
0.6363162680994778, 1.3417748310176236
0.6730517135773204, 1.1069359948791102
0.6210617404859765, 1.0351103533560326
-0.201402472438087, 0.540385601072315
