-0.17398989958836705, -0.017395803789483966
-0.12169117134183022, -0.009587094592529469
-0.07794852776471925, -0.00172340339649491
-0.01685181427454908, 0.04851204558833401
0.05751952616247341, 0.05461387596186337
0.12256847265167274, 0.0801264528843666
0.20164734991528643, 0.07624371140863626
0.18332052042468028, 0.02747699455250461
0.09350211879209841, -6.991694384792524E-4
-0.01123823161012623, -0.06674992376138682
-0.10856803835687674, -0.09137164118439287
-0.20608629338811035, -0.10349677098883547
-0.20608629338811035, -0.10349677098883547
-0.17398989958836705, -0.017395803789483966
-0.01685181427454908, 0.04851204558833401
0.12256847265167274, 0.0801264528843666
0.20164734991528643, 0.07624371140863626
0.18332052042468028, 0.02747699455250461
-0.01123823161012623, -0.06674992376138682
-0.10856803835687674, -0.09137164118439287
