0.07760842656217726, -0.08575326237665655
-0.0022602414088530092, -0.0733303332115196
-0.07215642438705624, -0.06564176011301494
-0.09855710196618173, 0.012064337697282799
-0.09983734813627057, 0.14064950501117718
-0.009126788811134904, 0.15507778470969447
0.07007547811665336, 0.12418749818258956
0.0944442855524882, 0.07295874422151587
0.12215369186658766, -0.03455162148148301
-0.09983734813627057, 0.14064950501117718
-0.009126788811134904, 0.15507778470969447
0.07007547811665336, 0.12418749818258956
0.0944442855524882, 0.07295874422151587
0.12215369186658766, -0.03455162148148301
0.07760842656217726, -0.08575326237665655
-0.07215642438705624, -0.06564176011301494
-0.09855710196618173, 0.012064337697282799
