-0.5946608660478485, -0.027383753487742926
-0.5874793762316294, 0.06965364574157594
-0.5647977720977965, 0.4351874910669052
-0.5658732173379514, 0.524043464698299
-0.5622735402592258, 0.6301655845095947
-0.5647951522717886, 0.7159843762937477
-0.5601293712264898, 0.8045676028509923
-0.5597732893111717, 0.8931755773335753
-0.5612770194304704, 0.9531435459324593
-0.5655352490372375, 1.0402869151622394
-0.5640645467882939, 1.127807921304512
-0.5698219914093955, 1.1897078360078714
-0.5713153011025583, 1.2492603314750441
-0.5774111722776699, 1.3720615193286771
-0.5859001203294292, 1.4812891043059038
-0.540875629041396, 1.5128290598238059
-0.4535530926771972, 1.5908540585012858
-0.39451077320645733, 1.6245154041322056
-0.33697013334254305, 1.680615157221723
-0.2959614437897108, 1.7205969399040064
-0.2836186326102629, 1.7975253724611362
-0.2447062374202563, 1.854156210779683
-0.12883018232812748, 1.9106248152237613
-0.12634851205086942, 1.786664191466415
-0.1169551455452698, 1.716328669191179
-0.1429641371451063, 1.637509232667017
-0.18568710988000683, 1.5829582612255897
-0.1875100273794282, 1.5643848506461306
-0.20187251275591564, 1.4180478178820846
-0.10484634875974169, 1.2829440483307426
-0.17663130598581547, 1.2695296336775659
-0.23406142788409862, 1.2315862639486121
-0.24363613058616757, 1.2245515138731515
-0.25060029496305547, 1.2189458230722152
-0.2910119664612901, 1.1324684602372193
-0.2897710996015473, 1.096542687809534
-0.28765722062926324, 1.0822989926917375
-0.2766726773147473, 1.0082831724713688
-0.25958753527396466, 0.8931604253964935
-0.2588011595538365, 0.8878616849518404
-0.2571474275694094, 0.876718542652035
-0.24075816447446752, 0.8116252888902733
-0.17542414686998725, 0.7545786713522389
-0.0911242276501939, 0.7642866491839974
-0.04377139027025007, 0.7715229169079315
-0.03384791450601492, 0.7748487824930672
0.044019740655634576, 0.8052711279147831
0.10812639371646753, 0.7977577135997489
0.22258931953701153, 0.760328251906181
0.29429724120812256, 0.7105552553348996
0.38149298597407993, 0.6212180876109213
0.33631397448611833, 0.5884440612959323
0.24321906358074089, 0.5930359414344638
0.18016757067130654, 0.603150961115647
0.103406256279656, 0.6142032877271851
0.05851464553894348, 0.5474636759642337
0.04632665783123497, 0.4156394053639919
0.02456286420711343, 0.25597408374507663
0.026505153924647668, 0.22058356311381833
0.03813923119016159, 0.16671409777716165
0.06287565691221071, 0.12386124848331066
0.13899908174318945, 0.08217599513180365
0.19674353655118362, 0.06551110707358362
0.2821281435091998, 0.0512617505584543
0.36217356155524716, 0.03795998358238838
0.49416395903476784, 0.02153737676778095
0.5930767469890416, 0.0061056037173084525
0.6321269968920589, 0.0020402224040931595
0.6835139157414146, 0.07675984666315526
0.7236797074748976, 0.1223713130928485
0.7747237493795154, 0.11500170107435473
0.8309909495471416, 0.10723641240216293
0.8953443571770313, 0.049559387185152196
0.8272218964264882, -0.09566618290815598
0.8404553597931209, -0.18168216534195933
0.9020884729135814, -0.3598225366649366
0.9667862771958773, -0.43311038084939096
1.071336193680582, -0.49642202723950696
1.125614860775697, -0.5696232240268636
1.1718088022315856, -0.5914704766371418
1.2504510857371662, -0.6208900108327788
1.3246809226727638, -0.6505650334282821
1.4783525308962693, -0.7104593754057028
1.5273151727263239, -0.731153898352106
1.5788656794621927, -0.7455667203751546
1.695540552011674, -0.7714906847227494
1.7500114607270254, -0.8504583582377538
1.7948143087331963, -0.9380978498978987
1.9029030501321849, -1.0163658992145708
1.9390682438545184, -1.0522056727736073
1.855715287781669, -1.0935810458406878
1.7828792470364556, -1.079413927318678
1.7122025388187763, -1.124634163348279
1.7375910301823767, -1.2180781386905946
1.7482689437375745, -1.2840689806665742
1.625939417860471, -1.2139221866545709
1.5649885599381095, -1.1821678698975802
1.548311479095678, -1.1783926438574457
1.48148278701382, -1.198571571428828
1.4617705277175186, -1.252337909633695
1.4648130993362172, -1.3675976661709206
1.4699865051239684, -1.4298979972919668
1.4914027010432456, -1.4927045417449816
1.4784498750272763, -1.5668452934177772
1.4726628133316986, -1.640400013176445
1.4633610719426158, -1.728922408331171
1.4860530448688225, -1.8142390591476663
1.4293233241004863, -1.915271740080129
1.3541732213661235, -1.876953414978667
1.3029974880486543, -1.8416016219713573
1.2357902428138612, -1.7909501443662679
1.147262687506848, -1.7546013379258438
1.1080398768983546, -1.6990236359637239
1.0634637704216654, -1.654165783891345
1.0479770109824271, -1.5972476112804115
1.057773618552572, -1.4981923796087278
1.0202361497337127, -1.4702075657062326
0.9539329315837565, -1.4438338575383756
0.8586137047167779, -1.445439337811715
0.7965895209414418, -1.3992073804109941
0.7032171465523179, -1.3715232570787699
0.6539828518231896, -1.3349977260681543
0.5567372367738798, -1.3258826351638864
0.4551462472295398, -1.2610054074116055
0.3493974495265051, -1.2161701195140646
0.2893670525967153, -1.1736764743784134
0.2249565134245354, -1.1281652227318635
0.16566547977695364, -1.0870501113382416
0.09759661248979334, -1.0463258573221816
-0.0019356212858629013, -0.9793343670951189
-0.018328950740263333, -0.9683006192500857
-0.1704896581168721, -0.8658868367548698
-0.24973747703478258, -0.7902300260488663
-0.29350424590140684, -0.7219655468755463
-0.4027971861312244, -0.6215230586832668
-0.45300675073984986, -0.5705113015574917
-0.5698526072100593, -0.5183732002524496
-0.5949631591961272, -0.43751534976021644
-0.5974337559478469, -0.3839868610448069
-0.5956127186682212, -0.2642442315657017
-0.5937629392550954, -0.1388507635134609
0.6291175910284772, -1.332667038845011
0.6304066675713438, -0.7609462739953909
0.671958671147806, -0.7204496510886089
1.3601265174619657, -1.1268960135223338
1.057773618552572, -1.4981923796087278
0.8586137047167779, -1.445439337811715
0.7032171465523179, -1.3715232570787699
1.0479770109824271, -1.5972476112804115
1.057773618552572, -1.4981923796087278
1.3601265174619657, -1.1268960135223338
1.48148278701382, -1.198571571428828
1.4914027010432456, -1.4927045417449816
1.4860530448688225, -1.8142390591476663
1.4293233241004863, -1.915271740080129
1.3541732213661235, -1.876953414978667
1.147262687506848, -1.7546013379258438
1.0634637704216654, -1.654165783891345
0.671958671147806, -0.7204496510886089
0.9233236038468723, -0.47546914436596743
1.7122025388187763, -1.124634163348279
1.7375910301823767, -1.2180781386905946
1.7482689437375745, -1.2840689806665742
1.48148278701382, -1.198571571428828
0.9233236038468723, -0.47546914436596743
0.9667862771958773, -0.43311038084939096
1.695540552011674, -0.7714906847227494
1.9390682438545184, -1.0522056727736073
1.855715287781669, -1.0935810458406878
1.7122025388187763, -1.124634163348279
0.6304066675713438, -0.7609462739953909
0.6321269968920589, 0.0020402224040931595
0.6835139157414146, 0.07675984666315526
0.7236797074748976, 0.1223713130928485
0.8309909495471416, 0.10723641240216293
0.8953443571770313, 0.049559387185152196
0.9667862771958773, -0.43311038084939096
-0.5974337559478469, -0.3839868610448069
-0.5971419589074038, -0.33679601643120366
0.06287565691221071, 0.12386124848331066
0.6321269968920589, 0.0020402224040931595
0.6291175910284772, -1.332667038845011
0.5567372367738798, -1.3258826351638864
0.3493974495265051, -1.2161701195140646
-0.1704896581168721, -0.8658868367548698
-0.5698526072100593, -0.5183732002524496
-0.5949631591961272, -0.43751534976021644
-0.5971419589074038, -0.33679601643120366
-0.5908977588487246, 0.6730465585931776
-0.31065485563100115, 0.7839614803177207
0.05851464553894348, 0.5474636759642337
0.06287565691221071, 0.12386124848331066
-0.31065485563100115, 0.7839614803177207
-0.24075816447446752, 0.8116252888902733
0.044019740655634576, 0.8052711279147831
0.10812639371646753, 0.7977577135997489
0.22258931953701153, 0.760328251906181
0.29429724120812256, 0.7105552553348996
0.38149298597407993, 0.6212180876109213
0.33631397448611833, 0.5884440612959323
0.05851464553894348, 0.5474636759642337
-0.5908977588487246, 0.6730465585931776
-0.5875282910071621, 1.2179733786196936
-0.2910119664612901, 1.1324684602372193
-0.24075816447446752, 0.8116252888902733
-0.5875282910071621, 1.2179733786196936
-0.5859001203294292, 1.4812891043059038
-0.2447062374202563, 1.854156210779683
-0.12883018232812748, 1.9106248152237613
-0.1169551455452698, 1.716328669191179
-0.10484634875974169, 1.2829440483307426
-0.2910119664612901, 1.1324684602372193
