-0.13834725209089882, 0.10818378440329933
-0.0708170040435082, 0.18179088363854723
0.014486991869014554, 0.20389847056667065
0.08882464198115039, 0.21366881327381626
0.10771884087211214, 0.16542529767295805
0.1435694192562204, 0.1050586097123885
0.19024635485397093, 0.07017875171590142
0.3016950527279547, 0.025296520878260148
0.302073225964942, -0.05290384749341065
0.2751709390583933, -0.10912788456696929
0.18351724983091058, -0.09624773644098604
0.15438518772182735, -0.15137445872739333
0.11025866355323065, -0.19566675587470994
0.024063145930970795, -0.16402639992768678
-0.017632905122924793, -0.13147566107750755
-0.09313682722346306, -0.1750361773182357
-0.15281375407653094, -0.1961163382150107
-0.19561660903226605, -0.1666886303716173
-0.18290922378715097, -0.1171474594995478
-0.1938937665358704, -0.04170223123376752
-0.22604982259773443, 0.06529246211963788
-0.22604982259773443, 0.06529246211963788
-0.0708170040435082, 0.18179088363854723
0.014486991869014554, 0.20389847056667065
0.08882464198115039, 0.21366881327381626
0.3016950527279547, 0.025296520878260148
0.302073225964942, -0.05290384749341065
0.2751709390583933, -0.10912788456696929
0.11025866355323065, -0.19566675587470994
-0.15281375407653094, -0.1961163382150107
-0.19561660903226605, -0.1666886303716173
