-0.1803313921383147, 0.16765158578860895
-0.048522931874930626, 0.1586324772854219
-0.009604884242806852, 0.05164354364462875
0.013692844983710248, -0.008439711894453252
0.04115302182335355, -0.03528853642920915
0.053655708662664954, -0.04169248319057235
0.14162062733423483, -0.015384317361286919
0.15912515480399494, -0.07391307779458445
0.18332754022386594, -0.15483703421677827
0.2037761882164162, -0.2347086652873263
0.15400932681353516, -0.22769378009250188
0.12280848095153754, -0.15676506612349747
0.07230919925137229, -0.16665464241698635
-0.03217234573881846, -0.14441212629562783
-0.10627870740760252, -0.04804554371884749
-0.11889142704199993, 0.01703673836850942
-0.1803313921383147, 0.16765158578860895
-0.048522931874930626, 0.1586324772854219
0.14162062733423483, -0.015384317361286919
0.18332754022386594, -0.15483703421677827
0.2037761882164162, -0.2347086652873263
0.15400932681353516, -0.22769378009250188
-0.03217234573881846, -0.14441212629562783
-0.10627870740760252, -0.04804554371884749
