-0.15494530910926468, 0.02281356511621808
-0.09127698460107408, 0.05350562472110512
-0.029072478015190587, 0.0850634719519585
0.043650039260887945, 0.07306619756161219
0.07012823253454048, 0.11245746628631159
0.06237733804468871, 0.17462357681405347
0.1075405634485859, 0.2261031984585522
0.14109719534397597, 0.15495174364503875
0.16682059704190652, 0.10585699681966944
0.15882719587197405, 0.02916040508257115
0.1368297585274555, -0.09832927556349129
0.07542798925871108, -0.11279694636426926
-0.008861146822971155, -0.07482702876360789
-0.056892567275010734, -0.06052138388390242
-0.15494530910926468, 0.02281356511621808
0.1075405634485859, 0.2261031984585522
0.16682059704190652, 0.10585699681966944
0.15882719587197405, 0.02916040508257115
0.1368297585274555, -0.09832927556349129
0.07542798925871108, -0.11279694636426926
-0.056892567275010734, -0.06052138388390242
