-0.19513474862687638, -0.09621188727835982
-0.12964028405366423, -0.009275476823232275
-0.04723756061669507, 0.042025005951145916
-0.023340622240874125, 0.09589455199225966
0.016831102693653704, 0.14015289681122328
0.10703610576879982, 0.13806932627027957
0.10516684283096449, 0.06717045055630208
0.07500471053660614, 0.02076422793950213
0.05472133766544252, -0.026841143780168546
-0.029946881853014, -0.13110898523046458
-0.10932657561834608, -0.1735704359196555
-0.18669055923704517, -0.24038769246840558
-0.20785745454570653, -0.16730539526225874
-0.20785745454570653, -0.16730539526225874
-0.19513474862687638, -0.09621188727835982
-0.12964028405366423, -0.009275476823232275
0.016831102693653704, 0.14015289681122328
0.10703610576879982, 0.13806932627027957
0.10516684283096449, 0.06717045055630208
0.05472133766544252, -0.026841143780168546
-0.029946881853014, -0.13110898523046458
-0.18669055923704517, -0.24038769246840558
