-0.15938602865656118, 0.02511216479831226
-0.07197967126753003, 0.042394737886598366
-0.012265548156123249, 0.10775901286808494
0.039400803654078886, 0.11964750167781099
0.07923339073558415, 0.12913350249936623
0.15764393587947348, 0.16575217892375113
0.22045659184644328, 0.20508309841158515
0.21087276971339622, 0.10707597683937292
0.1678358169821325, 0.04495047259487583
0.10336658347416357, 0.02624443524303274
0.04669742598597605, -0.02040671903285849
-0.02236200247297996, -0.12906003534876143
-0.10615975767094195, -0.18199436379839287
-0.11930185542410977, -0.10183025521014695
-0.15938602865656118, 0.02511216479831226
-0.012265548156123249, 0.10775901286808494
0.22045659184644328, 0.20508309841158515
0.21087276971339622, 0.10707597683937292
0.1678358169821325, 0.04495047259487583
-0.02236200247297996, -0.12906003534876143
-0.10615975767094195, -0.18199436379839287
