-0.19614703244051826, -0.2197637312539752
-0.15010995722348633, -0.14456032281095096
-0.14748016764300012, -0.13937156797085923
-0.11096355359004396, -0.048279612030425974
-0.09910698024463514, -0.015691186333984815
-0.09661491363038016, -0.006633418864943095
-0.09054632132230911, 0.015423735497022431
-0.0704855174094284, 0.08833755571576424
0.036622387028886365, 0.10528077435977651
0.12627522047634676, 0.10287596796478023
0.13709834933539963, 0.040903760708329906
0.08880819474021251, -0.032984571087631
0.004705531253256066, -0.10042012767415692
-0.06126525941497803, -0.15653602603315786
-0.08424718093858187, -0.20193951518358116
-0.11948195975038803, -0.2483980021597504
-0.1890171705836089, -0.28619209464986967
-0.19614703244051826, -0.2197637312539752
-0.0704855174094284, 0.08833755571576424
0.036622387028886365, 0.10528077435977651
0.12627522047634676, 0.10287596796478023
0.13709834933539963, 0.040903760708329906
0.08880819474021251, -0.032984571087631
-0.11948195975038803, -0.2483980021597504
-0.1890171705836089, -0.28619209464986967
