-0.1856897725937884, -0.04720179515827291
-0.1299690915117409, 0.015291343402099283
-0.04641898568441137, 0.11003854873688088
-0.004171975669223993, 0.1875026646009461
0.0508068452797442, 0.22520558247216313
0.17300990892463192, 0.19445157065369498
0.13488394000999643, 0.1077969951098081
0.11754762970747022, 0.01857953966335231
0.10851232679409686, -0.02791863215361473
0.1841438027933629, -0.08099158361770446
0.2525469270155762, -0.14718029478225347
0.18579286920599827, -0.20545550347467295
-0.030055469801892557, -0.14228405624402854
-0.12845013547092166, -0.11622091385286001
-0.23768249560521482, -0.08120011093567177
-0.1883208875755748, -0.09702585290770488
0.10851232679409686, -0.02791863215361473
0.1841438027933629, -0.08099158361770446
0.2525469270155762, -0.14718029478225347
0.18579286920599827, -0.20545550347467295
-0.12845013547092166, -0.11622091385286001
-0.23768249560521482, -0.08120011093567177
-0.004171975669223993, 0.1875026646009461
0.0508068452797442, 0.22520558247216313
0.17300990892463192, 0.19445157065369498
0.10851232679409686, -0.02791863215361473
-0.1883208875755748, -0.09702585290770488
