-0.09475518552228185, 0.06591287219230077
-0.0755970542647081, 0.14364798011297117
0.015270797912850959, 0.12079072386528868
0.08439672649777474, 0.09572721056072843
0.12421338274366803, 0.08584948082481061
0.22522766197368504, 0.10692298002515477
0.27484289397132505, 0.04084894069409016
0.2572941886465518, -0.017641264356122212
0.18274066543434334, -0.10018690877245898
0.014321604395293413, -0.07175193746152436
-0.07962142216423726, -0.04089892869996406
-0.1956292814393371, -0.0052211153662553985
-0.1956292814393371, -0.0052211153662553985
-0.0755970542647081, 0.14364798011297117
0.22522766197368504, 0.10692298002515477
0.27484289397132505, 0.04084894069409016
0.2572941886465518, -0.017641264356122212
0.18274066543434334, -0.10018690877245898
0.014321604395293413, -0.07175193746152436
