-0.19549043884045106, -0.02527432834178392
-0.14601780953125898, 0.0819403765257484
-0.1265181548639214, 0.12419909107902871
-0.10468424398282862, 0.1715164935277686
-0.016580149181268173, 0.13086217070773282
0.08515959880992968, 0.15974754802512103
0.1738816121434579, 0.1450380743159142
0.27700568105436046, 0.11950268490894989
0.23326755875311334, 0.05010819258493804
0.145572591005615, -0.0015095756679008449
0.007692860911247351, -0.08501361440426246
-0.04294956006633808, -0.15498592473390346
-0.11640745439102891, -0.1811463642601472
-0.1422522161212639, -0.07986405666754097
-0.19549043884045106, -0.02527432834178392
-0.10468424398282862, 0.1715164935277686
0.08515959880992968, 0.15974754802512103
0.1738816121434579, 0.1450380743159142
0.27700568105436046, 0.11950268490894989
0.23326755875311334, 0.05010819258493804
-0.04294956006633808, -0.15498592473390346
-0.11640745439102891, -0.1811463642601472
