-0.15188329196921704, 0.031954190300459644
-0.040754469170721265, 0.013348492825767092
0.08519692082447408, -0.005320100119800262
0.20094853812016555, -0.05274798494508957
0.07156895547317732, -0.031418130151894715
0.06621484332992733, -0.030535437286254512
0.043166557505080055, -0.02673563688639221
0.007570822948230485, -0.020867231425336384
-0.013611085205300924, -0.017375126906879486
-0.03855129357586406, -0.013263419231120354
-0.09582784194045453, -0.003820658366714705
-0.15188329196921704, 0.031954190300459644
0.08519692082447408, -0.005320100119800262
0.20094853812016555, -0.05274798494508957
-0.09582784194045453, -0.003820658366714705
