-0.09687499657208715, 0.03811551447115805
-0.09498940600686931, 0.06760500763663274
-0.09014567574604156, 0.14335801205707085
-0.02572655764797821, 0.08979255573612095
0.11581417356862489, 0.048297728774740645
0.10104314173774949, -0.09480719462063372
0.026125584966578422, -0.08707433966706224
-0.03437661899582692, -0.11235440486965513
-0.10562573532253597, -0.09874073382280954
-0.10562573532253597, -0.09874073382280954
-0.09014567574604156, 0.14335801205707085
0.11581417356862489, 0.048297728774740645
0.10104314173774949, -0.09480719462063372
-0.03437661899582692, -0.11235440486965513
