-0.14541659591773456, -0.15676309283678594
-0.14541417984042077, -0.15674412043003955
-0.14540244130529126, -0.15665194280732364
-0.14534540951818778, -0.15620409693077764
-0.1450683200258164, -0.15402823338353142
-0.1438545257083586, -0.14449683330549673
-0.13381731876260372, -0.06567900256594475
-0.11871234596012706, 0.052933794410874487
-0.10288698784640124, 0.17720346464298808
-0.02574001362569551, 0.20116468382920735
0.07266414315444945, 0.22696210182824525
0.1483428683121716, 0.27095632961399313
0.06965538111506993, 0.18181466160161924
0.06506926970430955, 0.17563424611958045
0.053612231455871885, 0.14504648769720466
0.05181980311663627, 0.1336023880574007
0.11920511310671467, 0.06346839723633635
0.18771221403883134, -0.02429071971568056
0.17537261479700778, -0.11055998680040346
0.07781080801640136, -0.09660514937494347
0.01988252416877779, -0.1480857333258336
-0.0367211269747892, -0.21063804292357857
-0.14541659591773456, -0.15676309283678594
-0.11120780772784103, 0.11186367673446086
0.05181980311663627, 0.1336023880574007
0.11920511310671467, 0.06346839723633635
0.18771221403883134, -0.02429071971568056
0.17537261479700778, -0.11055998680040346
-0.0367211269747892, -0.21063804292357857
-0.11120780772784103, 0.11186367673446086
-0.10288698784640124, 0.17720346464298808
0.1483428683121716, 0.27095632961399313
0.05181980311663627, 0.1336023880574007
