-0.45126694440841675, 0.12295766919851303
-0.393865704536438, 0.15273408591747284
-0.3401012122631073, 0.1500193029642105
-0.32793718576431274, 0.09922570735216141
-0.32917162775993347, 0.0490095354616642
-0.2905125617980957, -0.041487161070108414
-0.21091382205486298, -0.09334100782871246
-0.13601642847061157, -0.10224266350269318
-0.06219981238245964, -0.08221177011728287
-0.017172642052173615, -0.07352548092603683
0.06263654679059982, 0.03814253956079483
0.0751064345240593, 0.0630069449543953
0.05444585531949997, 0.18106764554977417
-0.01601542718708515, 0.2187858670949936
-0.0012792408233508468, 0.25639763474464417
0.03462299704551697, 0.3289509117603302
0.048634253442287445, 0.2431226223707199
0.11126039922237396, 0.17879338562488556
0.21963128447532654, 0.11117516458034515
0.26725444197654724, 0.09801327437162399
0.34330183267593384, 0.08060207962989807
0.3952232301235199, 0.06266532093286514
0.5370761752128601, 0.10066168755292892
0.5322294235229492, 0.06624601036310196
0.46560293436050415, -0.06478510797023773
0.46923092007637024, -0.0947517603635788
0.34979477524757385, -0.08159959316253662
0.23025831580162048, -0.10054200887680054
0.10027194023132324, -0.1314532607793808
-0.04130524769425392, -0.17549572885036469
-0.12206760793924332, -0.18437770009040833
-0.1939699649810791, -0.17426642775535583
-0.24330344796180725, -0.1494656354188919
-0.3885050117969513, -0.05984141305088997
-0.4187469482421875, -0.03396231681108475
-0.4536741375923157, 0.011565500870347023
-0.504374086856842, 0.08505304902791977
-0.017172642052173615, -0.07352548092603683
-0.01601542718708515, 0.2187858670949936
-0.0012792408233508468, 0.25639763474464417
0.03462299704551697, 0.3289509117603302
0.5370761752128601, 0.10066168755292892
0.5322294235229492, 0.06624601036310196
0.46923092007637024, -0.0947517603635788
0.017269158735871315, -0.15727414190769196
-0.504374086856842, 0.08505304902791977
-0.45126694440841675, 0.12295766919851303
-0.393865704536438, 0.15273408591747284
-0.3401012122631073, 0.1500193029642105
-0.017172642052173615, -0.07352548092603683
0.017269158735871315, -0.15727414190769196
-0.04130524769425392, -0.17549572885036469
-0.12206760793924332, -0.18437770009040833
-0.1939699649810791, -0.17426642775535583
-0.24330344796180725, -0.1494656354188919
-0.3885050117969513, -0.05984141305088997
-0.4187469482421875, -0.03396231681108475
-0.4536741375923157, 0.011565500870347023
