-0.16670577228069305, 0.1400936394929886
-0.14212623238563538, 0.16064973175525665
-0.042185600847005844, 0.2008063793182373
0.023732921108603477, 0.12354472279548645
0.05735505372285843, 0.05292706936597824
0.12113484740257263, -0.06039508059620857
0.2047310471534729, -0.09049548953771591
0.243663489818573, -0.09284480661153793
0.2605884373188019, -0.13839472830295563
0.199114128947258, -0.20867694914340973
0.13085222244262695, -0.1998133361339569
0.01337001845240593, -0.08522965013980865
-0.11189287155866623, -0.021001333370804787
-0.14508561789989471, -0.013898491859436035
-0.19433337450027466, 0.0027606673538684845
-0.21257217228412628, 0.03424641862511635
-0.22331932187080383, 0.0848454087972641
-0.22331932187080383, 0.0848454087972641
-0.16670577228069305, 0.1400936394929886
-0.14212623238563538, 0.16064973175525665
-0.042185600847005844, 0.2008063793182373
0.243663489818573, -0.09284480661153793
0.2605884373188019, -0.13839472830295563
0.199114128947258, -0.20867694914340973
0.13085222244262695, -0.1998133361339569
-0.19433337450027466, 0.0027606673538684845
-0.21257217228412628, 0.03424641862511635
