-0.2668847441673279, -0.3250541090965271
-0.2195853888988495, -0.27986764907836914
-0.15251798927783966, -0.18022146821022034
-0.10638758540153503, -0.13007773458957672
-0.058566588908433914, -0.01384557131677866
-0.026523958891630173, 0.06604589521884918
-1.3483845395967364E-4, 0.10623478144407272
0.05635581165552139, 0.21663415431976318
0.08014850318431854, 0.26821258664131165
0.180399090051651, 0.2850680649280548
0.152992844581604, 0.16721796989440918
0.17782443761825562, 0.13061265647411346
0.21606697142124176, 0.08149860054254532
0.1812772899866104, 0.07325479388237
0.04856831952929497, 0.0517633780837059
0.032361775636672974, 0.02630043402314186
-0.01511252112686634, -0.06596840918064117
-0.07225977629423141, -0.1533951312303543
-0.15260814130306244, -0.2616574764251709
-0.1706240028142929, -0.3174583911895752
-0.3206198215484619, -0.3956684172153473
-0.3206198215484619, -0.3956684172153473
0.08014850318431854, 0.26821258664131165
0.180399090051651, 0.2850680649280548
0.21606697142124176, 0.08149860054254532
-0.1706240028142929, -0.3174583911895752
