-0.325215220451355, -0.18595759570598602
-0.31527379155158997, -0.15393862128257751
-0.28526103496551514, -0.15610858798027039
-0.16910819709300995, -0.15753261744976044
-0.13252702355384827, -0.06106419116258621
-0.19095419347286224, 0.03874361887574196
-0.21357233822345734, 0.08603736013174057
-0.19987209141254425, 0.11698609590530396
-0.11599712073802948, 0.21043644845485687
-0.09022797644138336, 0.15082643926143646
-0.06421669572591782, 0.10349586606025696
0.015082987025380135, 0.07773527503013611
0.060620054602622986, 0.210621640086174
0.0867401659488678, 0.30280718207359314
0.12611447274684906, 0.32984012365341187
0.19126664102077484, 0.3613494634628296
0.2236613780260086, 0.21130666136741638
0.25597238540649414, 0.17793527245521545
0.28639715909957886, 0.061249878257513046
0.3103007972240448, 0.035463523119688034
0.3770442306995392, -0.00940004549920559
0.2319452464580536, -0.04732238128781319
0.20682457089424133, -0.07774828374385834
0.15835624933242798, -0.11300359666347504
0.09101410210132599, -0.15442849695682526
0.0063960193656384945, -0.18796385824680328
-0.03541579842567444, -0.23765839636325836
-0.05845402553677559, -0.260104775428772
-0.15379266440868378, -0.3020889461040497
-0.1925000101327896, -0.29227113723754883
-0.28750959038734436, -0.2293357402086258
0.015082987025380135, 0.07773527503013611
0.0867401659488678, 0.30280718207359314
0.12611447274684906, 0.32984012365341187
0.19126664102077484, 0.3613494634628296
0.3770442306995392, -0.00940004549920559
0.12060388922691345, -0.1362266093492508
-0.325215220451355, -0.18595759570598602
-0.31527379155158997, -0.15393862128257751
-0.21357233822345734, 0.08603736013174057
-0.19987209141254425, 0.11698609590530396
-0.11599712073802948, 0.21043644845485687
0.015082987025380135, 0.07773527503013611
0.12060388922691345, -0.1362266093492508
-0.05845402553677559, -0.260104775428772
-0.15379266440868378, -0.3020889461040497
-0.1925000101327896, -0.29227113723754883
-0.28750959038734436, -0.2293357402086258
