0.42238157987594604, 0.1029682382941246
0.2848503291606903, 0.1299430876970291
0.2410997748374939, 0.1217150017619133
0.16368906199932098, 0.013729121536016464
0.17975978553295135, -0.02291133441030979
0.045884378254413605, -0.0976586788892746
-0.05485185608267784, -0.1056319996714592
-0.17962725460529327, -0.13659797608852386
-0.3272659182548523, -0.13500405848026276
-0.3695545792579651, -0.11409833282232285
-0.3850846588611603, -0.03287964314222336
-0.24289588630199432, -0.008393574506044388
-0.20498009026050568, 0.016672566533088684
-0.07221508771181107, 0.038362037390470505
-0.039847880601882935, 0.05349579453468323
0.08446751534938812, 0.09445098042488098
0.12902887165546417, 0.12315552681684494
0.18737351894378662, 0.14441323280334473
0.3080879747867584, 0.17217174172401428
0.3834976553916931, 0.20575518906116486
0.460039347410202, 0.1611815243959427
0.4654572606086731, 0.0856015682220459
0.4406200647354126, 0.053090449422597885
-0.3850846588611603, -0.03287964314222336
0.3834976553916931, 0.20575518906116486
0.460039347410202, 0.1611815243959427
0.4654572606086731, 0.0856015682220459
0.4406200647354126, 0.053090449422597885
0.045884378254413605, -0.0976586788892746
-0.17962725460529327, -0.13659797608852386
-0.3272659182548523, -0.13500405848026276
-0.3695545792579651, -0.11409833282232285
