-0.4148646295070648, 0.052579883486032486
-0.3834450840950012, 0.13536229729652405
-0.33036428689956665, 0.163047194480896
-0.28092125058174133, 0.17432786524295807
-0.19033172726631165, 0.1824820339679718
-0.060640182346105576, 0.2166702151298523
0.08286187797784805, 0.25120189785957336
0.15164200961589813, 0.28064972162246704
0.20246046781539917, 0.24752123653888702
0.368095725774765, 0.27067995071411133
0.3964894413948059, 0.2372453361749649
0.4307548403739929, 0.12690991163253784
0.3935428559780121, 0.05118574947118759
0.3717000484466553, 0.012567348778247833
0.3329753577709198, -0.046221889555454254
0.3084280788898468, -0.1317443549633026
0.2942051887512207, -0.18902236223220825
0.1848970353603363, -0.22638440132141113
0.13816042244434357, -0.2481464147567749
-0.003074023639783263, -0.23533987998962402
-0.1377049684524536, -0.2701420187950134
-0.22963842749595642, -0.2756165564060211
-0.28809624910354614, -0.2524973452091217
-0.3463153541088104, -0.15105028450489044
-0.397213339805603, -0.04968241974711418
-0.4148646295070648, 0.052579883486032486
-0.3834450840950012, 0.13536229729652405
-0.33036428689956665, 0.163047194480896
0.15164200961589813, 0.28064972162246704
0.368095725774765, 0.27067995071411133
0.3964894413948059, 0.2372453361749649
0.4307548403739929, 0.12690991163253784
0.2942051887512207, -0.18902236223220825
0.13816042244434357, -0.2481464147567749
-0.1377049684524536, -0.2701420187950134
-0.22963842749595642, -0.2756165564060211
-0.28809624910354614, -0.2524973452091217
-0.3463153541088104, -0.15105028450489044
-0.397213339805603, -0.04968241974711418
