-0.0379008986055851, 0.14098475873470306
0.057019904255867004, 0.11398360878229141
0.05832059681415558, 0.07810309529304504
0.009981953538954258, -0.003990772645920515
0.02958870492875576, -0.1019987091422081
0.049684736877679825, -0.1448628306388855
0.033825214952230453, -0.18409870564937592
-0.015229244716465473, -0.17004501819610596
-0.015237194485962391, -0.06925658136606216
-0.03123844601213932, -0.0065755159594118595
-0.06235114112496376, 0.07807694375514984
-0.06235114112496376, 0.07807694375514984
-0.0379008986055851, 0.14098475873470306
0.057019904255867004, 0.11398360878229141
0.05832059681415558, 0.07810309529304504
0.049684736877679825, -0.1448628306388855
0.033825214952230453, -0.18409870564937592
-0.015229244716465473, -0.17004501819610596
