-0.037419408559799194, 0.06230953708291054
0.0197311844676733, 0.07130260020494461
0.05778716504573822, 0.045750148594379425
0.08717004954814911, 0.018438763916492462
0.08241745084524155, -0.018855862319469452
0.04963986948132515, -0.07190419733524323
-0.016847630962729454, -0.06041308492422104
-0.11363286525011063, 0.015968089923262596
-0.11363286525011063, 0.015968089923262596
-0.037419408559799194, 0.06230953708291054
0.0197311844676733, 0.07130260020494461
0.05778716504573822, 0.045750148594379425
0.08717004954814911, 0.018438763916492462
0.08241745084524155, -0.018855862319469452
0.04963986948132515, -0.07190419733524323
-0.016847630962729454, -0.06041308492422104
