-0.09893173724412918, 0.07193996012210846
0.042864907532930374, 0.03244083747267723
0.08739498257637024, 0.013567393645644188
0.10249917954206467, -0.013664402067661285
0.07985841482877731, -0.045855920761823654
0.023926161229610443, -0.06123396381735802
-0.033624567091464996, -0.049940355122089386
-0.09049684554338455, 0.016019076108932495
-0.12505802512168884, 0.08986368030309677
-0.12505802512168884, 0.08986368030309677
0.042864907532930374, 0.03244083747267723
0.08739498257637024, 0.013567393645644188
0.10249917954206467, -0.013664402067661285
0.07985841482877731, -0.045855920761823654
0.023926161229610443, -0.06123396381735802
-0.033624567091464996, -0.049940355122089386
-0.09049684554338455, 0.016019076108932495
