-0.17178061604499817, 0.2637905180454254
-0.16793593764305115, 0.36656704545021057
-0.07866479456424713, 0.42096421122550964
-0.051618415862321854, 0.47649145126342773
-0.029125243425369263, 0.5376293063163757
0.027062563225626945, 0.4966319799423218
0.031355008482933044, 0.4415424168109894
-0.029696954414248466, 0.36866459250450134
-0.1373332291841507, 0.27247557044029236
-0.15068459510803223, 0.19910702109336853
-0.1309157758951187, 0.0869608223438263
-0.037478361278772354, 0.0064813303761184216
0.08357492089271545, 0.0110580213367939
0.1558966189622879, -0.009143001399934292
0.19199016690254211, -0.02603420428931713
0.27319854497909546, -0.07033748924732208
0.21871131658554077, -0.21993985772132874
0.1837937831878662, -0.27539125084877014
0.1479596495628357, -0.27560991048812866
0.10433384031057358, -0.26316457986831665
0.005578188691288233, -0.22280311584472656
-0.06923136115074158, -0.20299264788627625
-0.1524699330329895, -0.1860717386007309
-0.17778222262859344, -0.14986330270767212
-0.18590375781059265, -0.08605600893497467
-0.18391762673854828, -0.027513103559613228
-0.19414232671260834, 0.05080098658800125
-0.25418123602867126, 0.15258316695690155
-0.19823342561721802, 0.05773650482296944
-0.1309157758951187, 0.0869608223438263
0.1558966189622879, -0.009143001399934292
0.19199016690254211, -0.02603420428931713
0.27319854497909546, -0.07033748924732208
0.21871131658554077, -0.21993985772132874
0.1837937831878662, -0.27539125084877014
0.1479596495628357, -0.27560991048812866
0.10433384031057358, -0.26316457986831665
-0.1524699330329895, -0.1860717386007309
-0.17778222262859344, -0.14986330270767212
-0.18590375781059265, -0.08605600893497467
-0.25418123602867126, 0.15258316695690155
-0.16793593764305115, 0.36656704545021057
-0.029125243425369263, 0.5376293063163757
0.027062563225626945, 0.4966319799423218
0.031355008482933044, 0.4415424168109894
-0.1309157758951187, 0.0869608223438263
-0.19823342561721802, 0.05773650482296944
