-0.09357067197561264, 0.06905169785022736
-0.03406800329685211, 0.07561458647251129
0.004579595290124416, 0.0623590350151062
0.047454074025154114, 0.04161003232002258
0.09036566317081451, 0.01894470490515232
0.10977579653263092, -0.016096875071525574
0.09373029321432114, -0.04682627320289612
0.06546759605407715, -0.07322889566421509
0.01546746026724577, -0.08513019233942032
-0.06317348033189774, -0.020209183916449547
-0.12253538519144058, -0.012750566005706787
-0.12843123078346252, 0.02208329737186432
-0.12843123078346252, 0.02208329737186432
-0.09357067197561264, 0.06905169785022736
-0.03406800329685211, 0.07561458647251129
0.004579595290124416, 0.0623590350151062
0.047454074025154114, 0.04161003232002258
0.09036566317081451, 0.01894470490515232
0.10977579653263092, -0.016096875071525574
0.09373029321432114, -0.04682627320289612
0.06546759605407715, -0.07322889566421509
0.01546746026724577, -0.08513019233942032
-0.12253538519144058, -0.012750566005706787
