-0.11655266582965851, -0.05086059123277664
-0.08147287368774414, -0.0051880693063139915
-0.019106388092041016, 0.04721252992749214
0.09169354289770126, 0.05623553320765495
0.1390349417924881, 0.017958102747797966
0.08769306540489197, -0.030179351568222046
-0.01515829749405384, -0.026847250759601593
-0.08346882462501526, -0.05379071086645126
-0.11655266582965851, -0.05086059123277664
-0.08147287368774414, -0.0051880693063139915
-0.019106388092041016, 0.04721252992749214
0.09169354289770126, 0.05623553320765495
0.1390349417924881, 0.017958102747797966
0.08769306540489197, -0.030179351568222046
-0.08346882462501526, -0.05379071086645126
