0.08977404236793518, 0.19824902713298798
0.07038375735282898, 0.1608726680278778
0.025948908179998398, 0.12714406847953796
-0.015759963542222977, 0.06553570926189423
0.03333698585629463, -0.07089856266975403
0.06311161071062088, -0.10695808380842209
0.10957407206296921, -0.1522149294614792
0.11897139251232147, -0.18363836407661438
0.13964788615703583, -0.24510188400745392
0.2415849268436432, -0.3056912124156952
0.290176123380661, -0.34392106533050537
0.24847671389579773, -0.41598379611968994
0.2035510092973709, -0.47034087777137756
0.13846628367900848, -0.5724689960479736
0.047108329832553864, -0.6347420811653137
-0.0013163656694814563, -0.5512869358062744
-0.03489731624722481, -0.4610091745853424
-0.08996344357728958, -0.34150174260139465
-0.10165896266698837, -0.29270413517951965
-0.14502191543579102, -0.16487456858158112
-0.17038407921791077, -0.030036186799407005
-0.2408173829317093, 0.07636924833059311
-0.15358439087867737, 0.17242123186588287
-0.16028326749801636, 0.20482401549816132
-0.13922710716724396, 0.29595276713371277
-0.1101331040263176, 0.34188440442085266
-0.07411453127861023, 0.44326052069664
-0.09531854838132858, 0.49853700399398804
-0.10297717154026031, 0.5447210073471069
-0.11530553549528122, 0.6703113317489624
-0.1120200902223587, 0.7097029089927673
0.021548978984355927, 0.7902646660804749
0.07711579650640488, 0.8945258259773254
0.10874110460281372, 0.9715505242347717
0.13154536485671997, 1.0201106071472168
0.1459067165851593, 0.9878519773483276
0.14469967782497406, 0.922508716583252
0.09277568757534027, 0.7823464274406433
0.12590031325817108, 0.6970135569572449
0.2082715779542923, 0.6200928688049316
0.09047938883304596, 0.631013810634613
0.029475336894392967, 0.5902779698371887
-0.03656259551644325, 0.48103204369544983
-0.01273711770772934, 0.40300068259239197
-0.005347720347344875, 0.36839014291763306
-0.04201168939471245, 0.2690869867801666
-0.2408173829317093, 0.07636924833059311
-0.14750568568706512, 0.26012399792671204
-0.04201168939471245, 0.2690869867801666
0.08977404236793518, 0.19824902713298798
0.290176123380661, -0.34392106533050537
0.24847671389579773, -0.41598379611968994
0.13846628367900848, -0.5724689960479736
0.047108329832553864, -0.6347420811653137
-0.0013163656694814563, -0.5512869358062744
-0.08996344357728958, -0.34150174260139465
-0.14750568568706512, 0.26012399792671204
-0.11530553549528122, 0.6703113317489624
-0.1120200902223587, 0.7097029089927673
0.13154536485671997, 1.0201106071472168
0.1459067165851593, 0.9878519773483276
0.2082715779542923, 0.6200928688049316
-0.04201168939471245, 0.2690869867801666
