-0.29618701338768005, 0.011108405888080597
-0.17667166888713837, 0.10074181854724884
-0.14975674450397491, 0.13543128967285156
-0.007340798154473305, 0.1469958871603012
0.1237972155213356, 0.17724432051181793
0.1802533119916916, 0.20192965865135193
0.23810182511806488, 0.1857806146144867
0.3646259903907776, 0.18966248631477356
0.3983859419822693, 0.16304731369018555
0.39632323384284973, 0.09962008148431778
0.387562096118927, 0.05888078361749649
0.35288479924201965, -0.048530373722314835
0.3221960663795471, -0.04014406353235245
0.3112788498401642, 0.015754947438836098
0.18362993001937866, 0.06368669867515564
0.15821722149848938, 0.040936630219221115
0.101622074842453, -0.013055789284408092
0.013629713095724583, -0.10237155109643936
-0.01651756837964058, -0.16330823302268982
-0.03349136933684349, -0.21615323424339294
-0.09959276020526886, -0.24430446326732635
-0.19026724994182587, -0.24392718076705933
-0.24215298891067505, -0.16834622621536255
-0.3060358762741089, -0.08027099817991257
-0.3243352770805359, -0.05408665910363197
-0.33220574259757996, -0.008583137765526772
-0.33220574259757996, -0.008583137765526772
-0.14975674450397491, 0.13543128967285156
0.12820550799369812, 0.19144180417060852
0.18362993001937866, 0.06368669867515564
-0.03349136933684349, -0.21615323424339294
-0.09959276020526886, -0.24430446326732635
-0.19026724994182587, -0.24392718076705933
-0.3060358762741089, -0.08027099817991257
-0.3243352770805359, -0.05408665910363197
0.12820550799369812, 0.19144180417060852
0.1802533119916916, 0.20192965865135193
0.3646259903907776, 0.18966248631477356
0.3983859419822693, 0.16304731369018555
0.39632323384284973, 0.09962008148431778
0.387562096118927, 0.05888078361749649
0.35288479924201965, -0.048530373722314835
0.3221960663795471, -0.04014406353235245
0.18362993001937866, 0.06368669867515564
