-0.10448063910007477, -0.006581561639904976
-0.040788739919662476, 0.04190458729863167
0.015319948084652424, 0.09946740418672562
0.09475291520357132, 0.15702517330646515
0.10244672000408173, 0.061535514891147614
0.09302887320518494, 0.019870443269610405
0.05867336690425873, -0.0675525963306427
0.0155539745464921, -0.102790467441082
-0.06869857758283615, -0.09554509818553925
-0.11379939317703247, -0.08510986715555191
-0.14510764181613922, -0.06948878616094589
-0.14510764181613922, -0.06948878616094589
-0.10448063910007477, -0.006581561639904976
0.015319948084652424, 0.09946740418672562
0.09475291520357132, 0.15702517330646515
0.10244672000408173, 0.061535514891147614
0.09302887320518494, 0.019870443269610405
0.05867336690425873, -0.0675525963306427
0.0155539745464921, -0.102790467441082
-0.06869857758283615, -0.09554509818553925
-0.11379939317703247, -0.08510986715555191
