-0.11206358671188354, 0.15255305171012878
-0.07894283533096313, 0.1565689742565155
-0.049552883952856064, 0.1454661637544632
-0.025218375027179718, 0.12484520673751831
0.02468818612396717, 0.060252945870161057
0.09715116024017334, 0.031836558133363724
0.14069609344005585, -0.022240566089749336
0.1603887677192688, -0.08190437406301498
0.13925613462924957, -0.15014959871768951
0.11009646207094193, -0.1638256162405014
0.08034374564886093, -0.17067638039588928
-0.02556440979242325, -0.06588076055049896
-0.12152551859617233, 0.018675273284316063
-0.18942953646183014, 0.06860125064849854
-0.18942953646183014, 0.06860125064849854
-0.11206358671188354, 0.15255305171012878
-0.07894283533096313, 0.1565689742565155
-0.049552883952856064, 0.1454661637544632
0.09715116024017334, 0.031836558133363724
0.14069609344005585, -0.022240566089749336
0.1603887677192688, -0.08190437406301498
0.13925613462924957, -0.15014959871768951
0.11009646207094193, -0.1638256162405014
0.08034374564886093, -0.17067638039588928
