-0.23121754825115204, 0.09587669372558594
-0.16460859775543213, 0.08863373100757599
-0.10856164246797562, 0.07643279433250427
-0.041501469910144806, 0.05848162993788719
0.08591282367706299, 0.039544470608234406
0.1342809498310089, 0.06074513867497444
0.16249145567417145, 0.07887151092290878
0.23887719213962555, 0.11157592386007309
0.3017503023147583, 0.07785401493310928
0.2691873610019684, 0.0064649805426597595
0.18599699437618256, -0.053632061928510666
0.09452499449253082, -0.09529542922973633
0.05771397054195404, -0.10862861573696136
-0.0821366086602211, -0.11992223560810089
-0.11741942912340164, -0.11971217393875122
-0.15254445374011993, -0.09807604551315308
-0.20815037190914154, -0.05266237631440163
-0.23374788463115692, -0.027318235486745834
-0.2735229730606079, 0.07044406235218048
-0.2735229730606079, 0.07044406235218048
-0.23121754825115204, 0.09587669372558594
0.23887719213962555, 0.11157592386007309
0.3017503023147583, 0.07785401493310928
0.2691873610019684, 0.0064649805426597595
0.18599699437618256, -0.053632061928510666
0.09452499449253082, -0.09529542922973633
0.05771397054195404, -0.10862861573696136
-0.0821366086602211, -0.11992223560810089
-0.11741942912340164, -0.11971217393875122
-0.15254445374011993, -0.09807604551315308
-0.20815037190914154, -0.05266237631440163
-0.23374788463115692, -0.027318235486745834
