-0.09906826168298721, -0.08690367639064789
-0.06901261955499649, 0.004498682450503111
-0.05674436688423157, 0.06133910268545151
0.03083031252026558, 0.0893370658159256
0.05413610488176346, 0.0699886754155159
0.06645531952381134, 0.019380934536457062
0.016976214945316315, -0.10079387575387955
-0.014002205803990364, -0.10905574262142181
-0.09906826168298721, -0.08690367639064789
-0.05674436688423157, 0.06133910268545151
0.03083031252026558, 0.0893370658159256
0.05413610488176346, 0.0699886754155159
0.06645531952381134, 0.019380934536457062
0.016976214945316315, -0.10079387575387955
-0.014002205803990364, -0.10905574262142181
