-0.2152770459651947, 0.08089891821146011
-0.10165916383266449, 0.10118992626667023
0.007589063607156277, 0.1688273549079895
0.17190204560756683, 0.11392766982316971
0.24485616385936737, 0.050171416252851486
0.18188291788101196, -0.07306616753339767
0.12681151926517487, -0.12483569234609604
-0.00270156841725111, -0.14335253834724426
-0.0446818582713604, -0.1343173086643219
-0.21060329675674438, -0.08964115381240845
-0.2385011464357376, 0.05429130420088768
-0.2385011464357376, 0.05429130420088768
-0.2152770459651947, 0.08089891821146011
0.007589063607156277, 0.1688273549079895
0.17190204560756683, 0.11392766982316971
0.24485616385936737, 0.050171416252851486
0.18188291788101196, -0.07306616753339767
0.12681151926517487, -0.12483569234609604
-0.00270156841725111, -0.14335253834724426
-0.0446818582713604, -0.1343173086643219
-0.21060329675674438, -0.08964115381240845
