-0.35142141580581665, 0.09493469446897507
-0.25278589129447937, 0.02014169655740261
-0.1619095653295517, 0.07495737075805664
-0.1243673712015152, 0.10041667520999908
-0.01355427410453558, 0.13415522873401642
0.10826550424098969, 0.19245471060276031
0.15586237609386444, 0.20837514102458954
0.20406964421272278, 0.20823608338832855
0.2377902716398239, 0.1925310343503952
0.24238188564777374, 0.11984188854694366
0.2427256554365158, 0.0827067494392395
0.21806010603904724, 0.04310551658272743
0.16135497391223907, -0.020848724991083145
0.13147322833538055, -0.04334180802106857
0.07102148234844208, -0.08962421119213104
-7.982966490089893E-4, -0.16769877076148987
-0.02761165052652359, -0.19352200627326965
-0.09585536271333694, -0.24797376990318298
-0.13710041344165802, -0.25914308428764343
-0.1706792414188385, -0.24079549312591553
-0.2092478722333908, -0.21553747355937958
-0.16737130284309387, -0.16228775680065155
-0.15500622987747192, -0.14269064366817474
-0.11927425861358643, -0.08482137322425842
-0.19189101457595825, 0.01714469864964485
-0.29231587052345276, -0.002718388568609953
-0.34843364357948303, 0.015345272608101368
-0.3870515525341034, 0.02138676680624485
-0.4224507808685303, 0.04477705433964729
-0.4224507808685303, 0.04477705433964729
-0.35142141580581665, 0.09493469446897507
-0.0013212397461757064, 0.17322523891925812
-0.19189101457595825, 0.01714469864964485
-0.29231587052345276, -0.002718388568609953
-0.3870515525341034, 0.02138676680624485
-0.2092478722333908, -0.21553747355937958
-0.19189101457595825, 0.01714469864964485
-0.0013212397461757064, 0.17322523891925812
0.15586237609386444, 0.20837514102458954
0.20406964421272278, 0.20823608338832855
0.2377902716398239, 0.1925310343503952
0.24238188564777374, 0.11984188854694366
0.2427256554365158, 0.0827067494392395
0.21806010603904724, 0.04310551658272743
0.16135497391223907, -0.020848724991083145
-0.02761165052652359, -0.19352200627326965
-0.09585536271333694, -0.24797376990318298
-0.13710041344165802, -0.25914308428764343
-0.1706792414188385, -0.24079549312591553
