-0.1520225703716278, 0.0274524986743927
-0.13034433126449585, 0.06563354283571243
-0.0805453285574913, 0.10408763587474823
-0.05240462347865105, 0.23224735260009766
-0.00678790220990777, 0.15464483201503754
0.09960982948541641, 0.06996815651655197
0.12830838561058044, 0.03251096233725548
0.14637629687786102, -0.006555312778800726
0.15551599860191345, -0.04584150388836861
0.13381405174732208, -0.10267213732004166
0.06553758680820465, -0.17466066777706146
0.055463071912527084, -0.2590736150741577
0.014698266051709652, -0.2363608330488205
-0.025780869647860527, -0.10545096546411514
-0.16694703698158264, -0.06501836329698563
-0.16694703698158264, -0.06501836329698563
-0.1520225703716278, 0.0274524986743927
-0.05240462347865105, 0.23224735260009766
0.09960982948541641, 0.06996815651655197
0.12830838561058044, 0.03251096233725548
0.14637629687786102, -0.006555312778800726
0.15551599860191345, -0.04584150388836861
0.13381405174732208, -0.10267213732004166
0.055463071912527084, -0.2590736150741577
0.014698266051709652, -0.2363608330488205
