-0.04294046387076378, 0.0882001593708992
-0.024556376039981842, 0.13296295702457428
0.0031280145049095154, 0.30098390579223633
0.016097720712423325, 0.22382397949695587
0.02308502234518528, 0.15202763676643372
0.013371439650654793, 0.11945553123950958
0.010055184364318848, 0.011186993680894375
0.02172102965414524, -0.032383307814598083
0.002764851553365588, -0.12702617049217224
0.03576257452368736, -0.18280597031116486
0.040588367730379105, -0.2713676989078522
0.014160934835672379, -0.24682921171188354
-0.04689464345574379, -0.11718056350946426
-0.027728896588087082, -0.0770472064614296
-0.019555293023586273, 0.04270554333925247
-0.04689464345574379, -0.11718056350946426
-0.04294046387076378, 0.0882001593708992
0.0031280145049095154, 0.30098390579223633
0.016097720712423325, 0.22382397949695587
0.02308502234518528, 0.15202763676643372
0.040588367730379105, -0.2713676989078522
0.014160934835672379, -0.24682921171188354
