-0.05700358748435974, 0.05197770521044731
0.08286799490451813, 0.005262908525764942
0.16974562406539917, -7.416487205773592E-4
0.24475714564323425, -0.03132109344005585
0.1394067108631134, -0.04944309964776039
0.06711200624704361, -0.033678341656923294
-0.005709656979888678, -0.020817043259739876
-0.1492832601070404, -0.006645528599619865
-0.18025952577590942, 0.016690339893102646
-0.200996994972229, 0.040503352880477905
-0.200996994972229, 0.040503352880477905
-0.05700358748435974, 0.05197770521044731
0.16974562406539917, -7.416487205773592E-4
0.24475714564323425, -0.03132109344005585
0.1394067108631134, -0.04944309964776039
-0.1492832601070404, -0.006645528599619865
-0.18025952577590942, 0.016690339893102646
