-0.060519762337207794, -0.007710371632128954
-0.03641132637858391, 0.04773248732089996
0.009581641294062138, 0.1733754575252533
0.03621573746204376, 0.2189367711544037
0.08281845599412918, 0.24457067251205444
0.1297496110200882, 0.2353176325559616
0.13344721496105194, 0.10025830566883087
0.10378894209861755, 0.05762559175491333
-0.017876436933875084, -0.01858566515147686
0.055532101541757584, -0.1370317041873932
0.050306301563978195, -0.18921615183353424
0.014866539277136326, -0.2524144947528839
-0.025057001039385796, -0.1400507241487503
-0.10978640615940094, -0.13145014643669128
-0.10978640615940094, -0.13145014643669128
0.009581641294062138, 0.1733754575252533
0.03621573746204376, 0.2189367711544037
0.08281845599412918, 0.24457067251205444
0.1297496110200882, 0.2353176325559616
0.13344721496105194, 0.10025830566883087
0.050306301563978195, -0.18921615183353424
0.014866539277136326, -0.2524144947528839
