-2.0542638301849365, 0.8750901222229004
-2.0172672271728516, 0.9782134890556335
-1.9959194660186768, 1.0549876689910889
-1.933984398841858, 1.1843249797821045
-1.8431367874145508, 1.3132511377334595
-1.8132975101470947, 1.3168662786483765
-1.6816250085830688, 1.3753455877304077
-1.7312872409820557, 1.2272393703460693
-1.7435909509658813, 1.1784411668777466
-1.7682876586914062, 1.1014920473098755
-1.7827197313308716, 1.0119686126708984
-1.7915090322494507, 0.9431654810905457
-1.7742301225662231, 0.860622227191925
-1.7489962577819824, 0.7217671275138855
-1.72781503200531, 0.6362131237983704
-1.713632583618164, 0.6012734770774841
-1.6408545970916748, 0.4939543306827545
-1.5859020948410034, 0.41846293210983276
-1.4716593027114868, 0.32459238171577454
-1.4090782403945923, 0.25948968529701233
-1.3139749765396118, 0.2057294398546219
-1.2656095027923584, 0.19934597611427307
-1.1491177082061768, 0.2053469568490982
-1.1166291236877441, 0.2047099471092224
-1.0339206457138062, 0.20817197859287262
-0.9795880317687988, 0.2962923049926758
-0.9755000472068787, 0.35885122418403625
-0.9453344345092773, 0.44252148270606995
-0.9417293071746826, 0.5620115399360657
-0.8742619752883911, 0.6405171155929565
-0.8317890167236328, 0.6868002414703369
-0.7913886904716492, 0.7233083248138428
-0.7159879803657532, 0.7942146062850952
-0.6971969604492188, 0.8142260313034058
-0.6454218029975891, 0.9041785597801208
-0.6698034405708313, 1.0006873607635498
-0.7477247714996338, 1.0958616733551025
-0.7705948352813721, 1.131637692451477
-0.8737912774085999, 1.2315610647201538
-0.9074826240539551, 1.2580344676971436
-0.9780864119529724, 1.3757178783416748
-1.0562928915023804, 1.404054880142212
-1.0933184623718262, 1.426369309425354
-1.084550142288208, 1.475998878479004
-1.033642053604126, 1.512466549873352
-0.9856739044189453, 1.5200508832931519
-0.8651543259620667, 1.493535041809082
-0.7502886652946472, 1.477048397064209
-0.7091203331947327, 1.4617552757263184
-0.5856403112411499, 1.3983675241470337
-0.5300206542015076, 1.3570538759231567
-0.4106481075286865, 1.2986485958099365
-0.3215554356575012, 1.2067909240722656
-0.24904847145080566, 1.1656439304351807
-0.150206059217453, 1.094496726989746
-0.0751873105764389, 1.0016664266586304
-0.034651439636945724, 0.9153510332107544
-0.022225726395845413, 0.8806970715522766
-0.013233153149485588, 0.8380078673362732
-0.001461100997403264, 0.7854394316673279
0.04004461318254471, 0.6960458755493164
0.053090911358594894, 0.6581833958625793
0.08682224154472351, 0.5752792358398438
0.11973445117473602, 0.5107960104942322
0.12861047685146332, 0.4711201786994934
0.17347541451454163, 0.35934752225875854
0.1698564738035202, 0.2901171147823334
0.1703932136297226, 0.278379887342453
0.17660298943519592, 0.17946098744869232
0.17941026389598846, 0.04365425556898117
0.22100108861923218, -0.08220478147268295
0.33893701434135437, -0.06592358648777008
0.4024626910686493, -0.03845813125371933
0.48514246940612793, -0.025125540792942047
0.6036041975021362, -0.026792971417307854
0.7484220266342163, -0.053947918117046356
0.8846902847290039, -0.061515241861343384
0.9668925404548645, -0.07462814450263977
1.0168843269348145, -0.13629423081874847
1.0771692991256714, -0.19206325709819794
1.1270580291748047, -0.24776753783226013
1.2689247131347656, -0.2657889723777771
1.330047369003296, -0.27618783712387085
1.4212843179702759, -0.3065773844718933
1.5568585395812988, -0.3640896677970886
1.643764615058899, -0.4058275818824768
1.6961991786956787, -0.43949398398399353
1.793290376663208, -0.46435195207595825
1.9069623947143555, -0.5134009718894958
1.9722810983657837, -0.5469245910644531
2.054049491882324, -0.5774888396263123
2.1703908443450928, -0.6333894729614258
2.2537882328033447, -0.6665762066841125
2.2533252239227295, -0.7603683471679688
2.2511298656463623, -0.8522320985794067
2.23772931098938, -0.9368525147438049
2.2290613651275635, -1.0453040599822998
2.220515489578247, -1.0894339084625244
2.190950632095337, -1.1424229145050049
2.141256809234619, -1.0980732440948486
2.11763334274292, -1.0730011463165283
2.102238416671753, -1.057726502418518
1.9479795694351196, -0.9167525172233582
1.8298920392990112, -0.88021320104599
1.7936460971832275, -0.9065788388252258
1.7581825256347656, -0.9243649244308472
1.7033690214157104, -0.9661550521850586
1.6635949611663818, -0.9896552562713623
1.5647224187850952, -1.0575225353240967
1.5344206094741821, -1.0792734622955322
1.4754992723464966, -1.1107078790664673
1.3474420309066772, -1.1858516931533813
1.3001785278320312, -1.2248486280441284
1.1765414476394653, -1.293858528137207
1.1416231393814087, -1.3200491666793823
1.0804340839385986, -1.279502034187317
0.9717000126838684, -1.1864906549453735
0.9265844225883484, -1.1316030025482178
0.8668673038482666, -1.0726861953735352
0.7853339910507202, -1.0062708854675293
0.69923996925354, -0.9246490001678467
0.6529716849327087, -0.88577800989151
0.5696066617965698, -0.8109432458877563
0.5106781721115112, -0.762726902961731
0.39359050989151, -0.6717880964279175
0.2753847539424896, -0.5822252035140991
0.17082379758358002, -0.500063419342041
0.11777406930923462, -0.4622420072555542
0.05334054306149483, -0.40827083587646484
0.006561680696904659, -0.369846910238266
-0.05342733487486839, -0.3263184428215027
-0.13326388597488403, -0.30535757541656494
-0.187582328915596, -0.28264620900154114
-0.2873193919658661, -0.26108354330062866
-0.3380861282348633, -0.24681521952152252
-0.47195443511009216, -0.1859920620918274
-0.5068598389625549, -0.18438398838043213
-0.5773424506187439, -0.16857606172561646
-0.6799622178077698, -0.16007407009601593
-0.8060591816902161, -0.21513202786445618
-0.9063173532485962, -0.25360023975372314
-0.9810013771057129, -0.2785797119140625
-1.110527753829956, -0.3273947834968567
-1.1470179557800293, -0.3300347924232483
-1.183093786239624, -0.3060038089752197
-1.238547682762146, -0.26204943656921387
-1.2657872438430786, -0.24165208637714386
-1.3718187808990479, -0.18778730928897858
-1.5700558423995972, -0.07655970007181168
-1.6263571977615356, -0.05345235764980316
-1.6542249917984009, 0.002237862441688776
-1.6700071096420288, 0.06972172111272812
-1.7183774709701538, 0.14113450050354004
-1.7490837574005127, 0.2701980769634247
-1.8673181533813477, 0.3286157548427582
-1.9832897186279297, 0.22556675970554352
-2.023251533508301, 0.3561793863773346
-2.0395724773406982, 0.4197359085083008
-2.079972743988037, 0.5447879433631897
-2.0878663063049316, 0.6314590573310852
-2.0821917057037354, 0.7246884703636169
-2.0716958045959473, 0.8034108877182007
-1.0933184623718262, 1.426369309425354
-1.084550142288208, 1.475998878479004
-1.033642053604126, 1.512466549873352
-0.9856739044189453, 1.5200508832931519
-0.7502886652946472, 1.477048397064209
-0.7091203331947327, 1.4617552757263184
-0.5856403112411499, 1.3983675241470337
-0.4106481075286865, 1.2986485958099365
-0.150206059217453, 1.094496726989746
-0.0751873105764389, 1.0016664266586304
-0.04319458827376366, 0.9335424304008484
-0.6454218029975891, 0.9041785597801208
0.01550638023763895, -0.37719404697418213
0.22100108861923218, -0.08220478147268295
0.4024626910686493, -0.03845813125371933
0.48514246940612793, -0.025125540792942047
0.6036041975021362, -0.026792971417307854
0.8846902847290039, -0.061515241861343384
0.9668925404548645, -0.07462814450263977
1.754881501197815, -0.43708837032318115
1.8298920392990112, -0.88021320104599
1.7936460971832275, -0.9065788388252258
1.5344206094741821, -1.0792734622955322
1.3001785278320312, -1.2248486280441284
1.1416231393814087, -1.3200491666793823
1.0804340839385986, -1.279502034187317
1.754881501197815, -0.43708837032318115
2.2537882328033447, -0.6665762066841125
2.2533252239227295, -0.7603683471679688
2.2511298656463623, -0.8522320985794067
2.2290613651275635, -1.0453040599822998
2.220515489578247, -1.0894339084625244
2.190950632095337, -1.1424229145050049
1.8298920392990112, -0.88021320104599
-1.0339206457138062, 0.20817197859287262
-0.9417293071746826, 0.5620115399360657
-0.8742619752883911, 0.6405171155929565
-0.6454218029975891, 0.9041785597801208
-0.04319458827376366, 0.9335424304008484
-0.034651439636945724, 0.9153510332107544
0.11973445117473602, 0.5107960104942322
0.17347541451454163, 0.35934752225875854
0.22100108861923218, -0.08220478147268295
0.01550638023763895, -0.37719404697418213
-0.9342286586761475, -0.26293569803237915
-2.0878663063049316, 0.6314590573310852
-2.0821917057037354, 0.7246884703636169
-2.0716958045959473, 0.8034108877182007
-2.0542638301849365, 0.8750901222229004
-1.9959194660186768, 1.0549876689910889
-1.933984398841858, 1.1843249797821045
-1.8431367874145508, 1.3132511377334595
-1.6816250085830688, 1.3753455877304077
-1.6087003946304321, 0.44978219270706177
-1.7490837574005127, 0.2701980769634247
-1.9832897186279297, 0.22556675970554352
-2.023251533508301, 0.3561793863773346
-2.079972743988037, 0.5447879433631897
-1.7490837574005127, 0.2701980769634247
-1.6087003946304321, 0.44978219270706177
-1.0339206457138062, 0.20817197859287262
-0.9342286586761475, -0.26293569803237915
-1.110527753829956, -0.3273947834968567
-1.1470179557800293, -0.3300347924232483
-1.6263571977615356, -0.05345235764980316
-1.6542249917984009, 0.002237862441688776
-1.7183774709701538, 0.14113450050354004
