-0.07410438358783722, -0.010118691250681877
-0.04394286125898361, 0.09989021718502045
0.01303880661725998, 0.11317554116249084
0.04696906730532646, 0.10209651291370392
0.1760682463645935, 0.1322905272245407
0.09837403148412704, 0.06633631885051727
0.06449218839406967, -0.028285427019000053
0.012374953366816044, -0.10752533376216888
-0.09498357027769089, -0.1512276977300644
-0.09498357027769089, -0.1512276977300644
-0.07410438358783722, -0.010118691250681877
-0.04394286125898361, 0.09989021718502045
0.01303880661725998, 0.11317554116249084
0.1760682463645935, 0.1322905272245407
0.012374953366816044, -0.10752533376216888
