-0.11478367447853088, 0.3553204834461212
-0.05250537768006325, 0.30947184562683105
0.007112410850822926, 0.17788687348365784
0.020760424435138702, 0.1383039504289627
0.05247456207871437, 0.0685482770204544
0.10182775557041168, -0.003934722393751144
0.1464128941297531, -0.10902093350887299
0.10734053701162338, -0.15411680936813354
0.030646005645394325, -0.20367082953453064
-0.1062345951795578, -0.23502059280872345
-0.019088389351963997, -0.06066330149769783
-0.017623070627450943, 0.05506782606244087
-0.06007061526179314, 0.17558294534683228
-0.06885632127523422, 0.20733298361301422
-0.10092426091432571, 0.29112690687179565
-0.19216085970401764, 0.34862422943115234
-0.19216085970401764, 0.34862422943115234
-0.11478367447853088, 0.3553204834461212
-0.05250537768006325, 0.30947184562683105
0.10182775557041168, -0.003934722393751144
0.1464128941297531, -0.10902093350887299
0.10734053701162338, -0.15411680936813354
0.030646005645394325, -0.20367082953453064
-0.1062345951795578, -0.23502059280872345
