-0.10916674882173538, 0.05055627226829529
-0.09149675071239471, 0.08047819882631302
-0.055825844407081604, 0.06942582130432129
-0.022900380194187164, 0.048579681664705276
0.0919128954410553, 0.041792623698711395
0.1314086765050888, 0.0284474678337574
0.11209157109260559, -0.005088037345558405
0.09383432567119598, -0.03684345260262489
0.0016332250088453293, -0.0918189212679863
-0.030665377154946327, -0.0965966135263443
-0.0620800144970417, -0.04692976921796799
-0.10916674882173538, 0.05055627226829529
-0.09149675071239471, 0.08047819882631302
0.0919128954410553, 0.041792623698711395
0.1314086765050888, 0.0284474678337574
0.09383432567119598, -0.03684345260262489
0.0016332250088453293, -0.0918189212679863
-0.030665377154946327, -0.0965966135263443
-0.0620800144970417, -0.04692976921796799
