-0.18192408978939056, -0.057120803743600845
-0.13823114335536957, -0.026036744937300682
-0.019669484347105026, 0.03518138453364372
0.01159681472927332, 0.05964333191514015
0.04886918514966965, 0.07277139276266098
0.08516519516706467, 0.07023272663354874
0.12843714654445648, 0.014008917845785618
0.10287529230117798, -0.07257112860679626
0.029778646305203438, -0.08454548567533493
-0.10322514176368713, -0.06844305247068405
-0.2043498158454895, -0.11619028449058533
-0.2043498158454895, -0.11619028449058533
-0.18192408978939056, -0.057120803743600845
-0.13823114335536957, -0.026036744937300682
0.01159681472927332, 0.05964333191514015
0.04886918514966965, 0.07277139276266098
0.08516519516706467, 0.07023272663354874
0.12843714654445648, 0.014008917845785618
0.10287529230117798, -0.07257112860679626
0.029778646305203438, -0.08454548567533493
