-0.24207952618598938, -0.37361034750938416
-0.20145268738269806, -0.271114706993103
-0.16487333178520203, -0.13914427161216736
-0.1359301209449768, -0.06040698289871216
-0.12301967293024063, -0.029313622042536736
-0.07609013468027115, 0.08534988015890121
-0.0055257645435631275, 0.15446795523166656
0.02393186278641224, 0.2102075070142746
0.08959396928548813, 0.2900625169277191
0.19370703399181366, 0.3455779254436493
0.19888244569301605, 0.3147180378437042
0.24840307235717773, 0.1786729097366333
0.24639424681663513, 0.0843144953250885
0.14958125352859497, 0.08568891882896423
0.08509362488985062, 0.00833471305668354
0.04607230797410011, -0.04510892182588577
-0.027058135718107224, -0.1413874626159668
-0.06771630048751831, -0.2271023541688919
-0.10302294045686722, -0.26149657368659973
-0.13152635097503662, -0.29593417048454285
-0.17910565435886383, -0.4243519902229309
-0.23514749109745026, -0.4578593373298645
-0.2624994218349457, -0.4429229497909546
-0.2624994218349457, -0.4429229497909546
-0.24207952618598938, -0.37361034750938416
-0.16487333178520203, -0.13914427161216736
-0.1359301209449768, -0.06040698289871216
-0.07609013468027115, 0.08534988015890121
0.02393186278641224, 0.2102075070142746
0.08959396928548813, 0.2900625169277191
0.19370703399181366, 0.3455779254436493
0.24840307235717773, 0.1786729097366333
0.24639424681663513, 0.0843144953250885
-0.17910565435886383, -0.4243519902229309
-0.23514749109745026, -0.4578593373298645
