-0.6487880945205688, -0.12434935569763184
-0.6071867942810059, -0.10118146240711212
-0.5281801819801331, -0.059363968670368195
-0.4935440719127655, -0.04362024739384651
-0.37935933470726013, 0.014482246711850166
-0.3003099262714386, 0.04594266787171364
-0.14906173944473267, 0.13007424771785736
-0.01715446077287197, 0.1934698224067688
0.018157845363020897, 0.2115730196237564
0.05871621146798134, 0.22995856404304504
0.16499541699886322, 0.2501455247402191
0.21131570637226105, 0.24434563517570496
0.258865624666214, 0.23233264684677124
0.29245564341545105, 0.21122215688228607
0.41428250074386597, 0.19541184604167938
0.5291756391525269, 0.16656625270843506
0.5892202854156494, 0.14491835236549377
0.625868558883667, 0.12260861694812775
0.604392409324646, 0.09287086129188538
0.4928855001926422, 0.029254507273435593
0.40252986550331116, -0.016987508162856102
0.28744158148765564, -0.08588670939207077
0.21105927228927612, -0.11968281120061874
0.11773344874382019, -0.16904616355895996
-0.039525106549263, -0.20612622797489166
-0.07103827595710754, -0.21166184544563293
-0.10721954703330994, -0.20242182910442352
-0.22370633482933044, -0.20598867535591125
-0.29895612597465515, -0.21260854601860046
-0.3677094280719757, -0.21461987495422363
-0.6429067254066467, -0.1901109218597412
-0.6777443289756775, -0.1844882071018219
-0.6871112585067749, -0.15097136795520782
-0.6871112585067749, -0.15097136795520782
-0.6487880945205688, -0.12434935569763184
-0.6071867942810059, -0.10118146240711212
-0.5281801819801331, -0.059363968670368195
-0.14906173944473267, 0.13007424771785736
0.018157845363020897, 0.2115730196237564
0.05871621146798134, 0.22995856404304504
0.16499541699886322, 0.2501455247402191
0.21131570637226105, 0.24434563517570496
0.41428250074386597, 0.19541184604167938
0.5291756391525269, 0.16656625270843506
0.5892202854156494, 0.14491835236549377
0.625868558883667, 0.12260861694812775
0.604392409324646, 0.09287086129188538
0.4928855001926422, 0.029254507273435593
0.28744158148765564, -0.08588670939207077
0.11773344874382019, -0.16904616355895996
-0.039525106549263, -0.20612622797489166
-0.07103827595710754, -0.21166184544563293
-0.3677094280719757, -0.21461987495422363
-0.6429067254066467, -0.1901109218597412
-0.6777443289756775, -0.1844882071018219
