-0.15398870408535004, 0.033754315227270126
-0.14108942449092865, 0.09010405093431473
0.0019132897723466158, 0.0921374037861824
0.07946403324604034, 0.07962619513273239
0.13459032773971558, 0.06357931345701218
0.17475803196430206, 0.03687838092446327
0.15775376558303833, -0.02984902448952198
0.11100500077009201, -0.0747767835855484
0.05685959383845329, -0.0707365870475769
-0.049295343458652496, -0.047737229615449905
-0.15184301137924194, -0.06170571967959404
-0.1894194334745407, -0.13700708746910095
-0.21435342729091644, -0.15548688173294067
-0.22791527211666107, -0.10320156812667847
-0.2303636074066162, -0.06465010344982147
-0.2303636074066162, -0.06465010344982147
-0.14108942449092865, 0.09010405093431473
0.0019132897723466158, 0.0921374037861824
0.07946403324604034, 0.07962619513273239
0.13459032773971558, 0.06357931345701218
0.17475803196430206, 0.03687838092446327
0.15775376558303833, -0.02984902448952198
0.11100500077009201, -0.0747767835855484
-0.21435342729091644, -0.15548688173294067
-0.22791527211666107, -0.10320156812667847
