-0.5601735711097717, 1.154496431350708
-0.534206211566925, 1.2238600254058838
-0.4910696744918823, 1.22007155418396
-0.4049050509929657, 1.1544729471206665
-0.33796191215515137, 1.0775805711746216
-0.2955010235309601, 0.9634426832199097
-0.2839704155921936, 0.9123901128768921
-0.249110147356987, 0.8129450082778931
-0.20579615235328674, 0.695579469203949
-0.15459969639778137, 0.5644125938415527
-0.1334395706653595, 0.5102929472923279
-0.1154182106256485, 0.4112981855869293
-0.019963610917329788, 0.3698326051235199
-0.025900524109601974, 0.2508017122745514
0.06724951416254044, 0.20911818742752075
0.08818259090185165, 0.11649713665246964
0.08873336762189865, 0.04764431342482567
0.09300462901592255, -0.011384239420294762
0.11890234798192978, -0.1444864720106125
0.18791557848453522, -0.23513445258140564
0.2529197335243225, -0.3309471011161804
0.3184293806552887, -0.4477558732032776
0.3571375012397766, -0.5311504006385803
0.36291372776031494, -0.5995491743087769
0.43954896926879883, -0.7046448588371277
0.5725612044334412, -0.755645751953125
0.6020322442054749, -0.7761623859405518
0.6024351119995117, -0.8371226787567139
0.6051409840583801, -0.9510512948036194
0.6074954867362976, -1.012191891670227
0.5928199887275696, -1.049317717552185
0.5205202698707581, -1.17078697681427
0.46282175183296204, -1.2075259685516357
0.37297695875167847, -1.1012156009674072
0.3367442190647125, -1.013277292251587
0.30970513820648193, -0.9646005034446716
0.27708736062049866, -0.8762484788894653
0.2454262226819992, -0.8037590384483337
0.18870599567890167, -0.7197415828704834
0.1589430868625641, -0.6539798378944397
0.1481185108423233, -0.6113930344581604
0.09556643664836884, -0.49499958753585815
0.07340780645608902, -0.45029619336128235
0.04222739487886429, -0.37678954005241394
0.03254028037190437, -0.3377673327922821
-0.01839570701122284, -0.23354773223400116
-0.03927411139011383, -0.18760302662849426
-0.07657736539840698, -0.10825040191411972
-0.11923718452453613, -0.03557749465107918
-0.14532291889190674, 0.04835899546742439
-0.1933606117963791, 0.15356165170669556
-0.2050638049840927, 0.18340018391609192
-0.2545129656791687, 0.2968832552433014
-0.30303043127059937, 0.3793374001979828
-0.3430677354335785, 0.47635766863822937
-0.38596758246421814, 0.5404306650161743
-0.41975244879722595, 0.6503357291221619
-0.4948371946811676, 0.7947002053260803
-0.5736253261566162, 0.9206618070602417
-0.6056389212608337, 1.0626312494277954
-0.6216191649436951, 1.0994799137115479
-0.6216191649436951, 1.0994799137115479
-0.534206211566925, 1.2238600254058838
-0.4910696744918823, 1.22007155418396
-0.4049050509929657, 1.1544729471206665
-0.33796191215515137, 1.0775805711746216
0.6020322442054749, -0.7761623859405518
0.6074954867362976, -1.012191891670227
0.5928199887275696, -1.049317717552185
0.5205202698707581, -1.17078697681427
0.46282175183296204, -1.2075259685516357
0.37297695875167847, -1.1012156009674072
0.18870599567890167, -0.7197415828704834
-0.5736253261566162, 0.9206618070602417
