-0.12719208002090454, 0.18535643815994263
0.013955912552773952, 0.17453373968601227
0.04761572927236557, 0.16568870842456818
0.1495906561613083, 0.10402540862560272
0.17449374496936798, 0.043255891650915146
0.15960367023944855, -0.06191660091280937
0.12295205891132355, -0.16061283648014069
0.058991316705942154, -0.19914649426937103
-0.007246375549584627, -0.20534463226795197
-0.0380762480199337, -0.2054292857646942
-0.1077733039855957, -0.16137397289276123
-0.11889006197452545, -0.020540347322821617
-0.1382238119840622, 0.026177605614066124
-0.17887641489505768, 0.10525079816579819
-0.1856698840856552, 0.17244145274162292
-0.1856698840856552, 0.17244145274162292
-0.12719208002090454, 0.18535643815994263
0.013955912552773952, 0.17453373968601227
0.04761572927236557, 0.16568870842456818
0.1495906561613083, 0.10402540862560272
0.17449374496936798, 0.043255891650915146
0.15960367023944855, -0.06191660091280937
0.12295205891132355, -0.16061283648014069
0.058991316705942154, -0.19914649426937103
-0.007246375549584627, -0.20534463226795197
-0.0380762480199337, -0.2054292857646942
-0.1077733039855957, -0.16137397289276123
-0.17887641489505768, 0.10525079816579819
