-0.47900673747062683, -0.04026418179273605
-0.4574786424636841, 0.08077956736087799
-0.4629743695259094, 0.12443172931671143
-0.3355734944343567, 0.1353873908519745
-0.28041771054267883, 0.14254504442214966
-0.18665547668933868, 0.158334881067276
-0.1483573317527771, 0.16113996505737305
9.33315372094512E-4, 0.18189847469329834
0.051742229610681534, 0.18619190156459808
0.1695086658000946, 0.2574520707130432
0.19325879216194153, 0.27810248732566833
0.2838616669178009, 0.2824495732784271
0.3298892378807068, 0.18974845111370087
0.3960374891757965, 0.14410704374313354
0.38808393478393555, 0.10100165754556656
0.39308440685272217, -0.022405989468097687
0.47265422344207764, -0.06133317947387695
0.5300850868225098, -0.08336129784584045
0.5788211226463318, -0.088877834379673
0.6071705222129822, -0.11753415316343307
0.628374457359314, -0.16179484128952026
0.5922923684120178, -0.19792090356349945
0.497155100107193, -0.24152030050754547
0.4484781324863434, -0.1878940910100937
0.3800413906574249, -0.084217369556427
0.3130447566509247, -0.07314043492078781
0.18461520969867706, -0.047438859939575195
0.1514168083667755, -0.049876853823661804
0.05444111302495003, -0.0715990737080574
0.006383548956364393, -0.1159684956073761
-0.03360747545957565, -0.15156611800193787
-0.053368691354990005, -0.21178105473518372
-0.007132197264581919, -0.2996266782283783
-0.0700332522392273, -0.3150332570075989
-0.12545187771320343, -0.2168068140745163
-0.1944950968027115, -0.16156379878520966
-0.26920580863952637, -0.14752423763275146
-0.3755808472633362, -0.1394347846508026
-0.4978548586368561, -0.17793799936771393
-0.4978548586368561, -0.17793799936771393
-0.4629743695259094, 0.12443172931671143
0.1113922968506813, 0.2589317262172699
0.1514168083667755, -0.049876853823661804
-0.007132197264581919, -0.2996266782283783
-0.0700332522392273, -0.3150332570075989
0.1113922968506813, 0.2589317262172699
0.19325879216194153, 0.27810248732566833
0.2838616669178009, 0.2824495732784271
0.3960374891757965, 0.14410704374313354
0.6071705222129822, -0.11753415316343307
0.628374457359314, -0.16179484128952026
0.5922923684120178, -0.19792090356349945
0.497155100107193, -0.24152030050754547
0.1514168083667755, -0.049876853823661804
