-0.15849696099758148, 0.21390244364738464
-0.07022621482610703, 0.1958676129579544
0.001515166717581451, 0.19470542669296265
0.044570211321115494, 0.12459947913885117
0.05733061954379082, 0.053775396198034286
0.060352325439453125, -0.0070944661274552345
0.0393897145986557, -0.05385543778538704
0.06495105475187302, -0.1657591611146927
0.11757747828960419, -0.2248854637145996
0.13652485609054565, -0.23838293552398682
0.16736263036727905, -0.25480422377586365
0.13230600953102112, -0.3760756552219391
0.10370901226997375, -0.2974201440811157
0.059316378086805344, -0.2382272630929947
0.035590026527643204, -0.1506824791431427
0.026656853035092354, -0.101554274559021
0.017414594069123268, 0.0020446584094315767
-0.020538585260510445, 0.04759963974356651
-0.08446773886680603, 0.11994636803865433
-0.15126775205135345, 0.1620299518108368
-0.18954628705978394, 0.17898161709308624
-0.2258138805627823, 0.2671492099761963
-0.2258138805627823, 0.2671492099761963
0.001515166717581451, 0.19470542669296265
0.044570211321115494, 0.12459947913885117
0.16736263036727905, -0.25480422377586365
0.13230600953102112, -0.3760756552219391
-0.18954628705978394, 0.17898161709308624
