-0.08980213105678558, -0.07755667716264725
-0.04779503867030144, 0.05112380534410477
0.05778962001204491, 0.1386503428220749
0.07682230323553085, 0.10911078751087189
0.0811365619301796, 0.029466480016708374
0.06805387884378433, -0.025615250691771507
-0.14932852983474731, -0.1295507699251175
-0.14932852983474731, -0.1295507699251175
-0.04779503867030144, 0.05112380534410477
0.05778962001204491, 0.1386503428220749
0.07682230323553085, 0.10911078751087189
0.0811365619301796, 0.029466480016708374
0.06805387884378433, -0.025615250691771507
