-1.9156248569488525, 1.6615962982177734
-1.8079646825790405, 1.7165240049362183
-1.7428174018859863, 1.756303071975708
-1.678576111793518, 1.8205280303955078
-1.6056687831878662, 1.8896859884262085
-1.572163701057434, 1.93488347530365
-1.5427381992340088, 1.980296015739441
-1.4809716939926147, 2.047194480895996
-1.4466089010238647, 2.08204984664917
-1.3961973190307617, 2.1757330894470215
-1.3713065385818481, 2.2105042934417725
-1.3123481273651123, 2.2952773571014404
-1.2903050184249878, 2.320373296737671
-1.2346389293670654, 2.3742363452911377
-1.1924188137054443, 2.4322052001953125
-1.1613006591796875, 2.53633713722229
-1.0923395156860352, 2.6347737312316895
-1.0699247121810913, 2.6598172187805176
-1.0068588256835938, 2.727534055709839
-0.9395806193351746, 2.8453011512756348
-0.9208978414535522, 2.928746223449707
-0.8937636017799377, 3.012176275253296
-0.8649909496307373, 3.1234161853790283
-0.8584340810775757, 3.1679630279541016
-0.8099609017372131, 3.281855583190918
-0.7825419306755066, 3.3307456970214844
-0.7306576371192932, 3.4112038612365723
-0.6974487900733948, 3.448956251144409
-0.6443146467208862, 3.5068345069885254
-0.590216338634491, 3.583540916442871
-0.548566460609436, 3.6374826431274414
-0.4850516617298126, 3.7684478759765625
-0.4595138132572174, 3.8159141540527344
-0.4351067543029785, 3.8563168048858643
-0.3721925914287567, 3.9656949043273926
-0.3161114454269409, 4.033276081085205
-0.2745789587497711, 4.079166412353516
-0.19922663271427155, 4.155803203582764
-0.10633615404367447, 4.269613265991211
-0.04078329727053642, 4.394524097442627
8.270516991615295E-4, 4.461249351501465
0.09067966043949127, 4.580770492553711
0.14285145699977875, 4.64536190032959
0.22630563378334045, 4.807045936584473
0.3109486401081085, 4.923642635345459
0.37855204939842224, 5.0021748542785645
0.4803777039051056, 5.108349800109863
0.5228366851806641, 5.163321495056152
0.5642864108085632, 5.223459720611572
0.6409212350845337, 5.305583953857422
0.6844518780708313, 5.350342750549316
0.7309128642082214, 5.380524635314941
0.7897682785987854, 5.278484344482422
0.7713239192962646, 5.231661319732666
0.6717543601989746, 5.144510746002197
0.6461465954780579, 5.083162784576416
0.610301673412323, 5.0103349685668945
0.5531002283096313, 4.925204753875732
0.4971480369567871, 4.901829719543457
0.4187951982021332, 4.810338497161865
0.4110156297683716, 4.790286540985107
0.3778180480003357, 4.68151330947876
0.3290799558162689, 4.545658111572266
0.27880728244781494, 4.414551734924316
0.24583953619003296, 4.304442882537842
0.2192905694246292, 4.226434230804443
0.20007342100143433, 4.140432357788086
0.16204625368118286, 4.028942584991455
0.1574968844652176, 3.9502809047698975
0.16740472614765167, 3.866506576538086
0.16741758584976196, 3.7810802459716797
0.16633976995944977, 3.7216756343841553
0.14385776221752167, 3.583059310913086
0.11521899700164795, 3.5134873390197754
0.08769988268613815, 3.4240734577178955
0.0566306933760643, 3.3610939979553223
0.01638226956129074, 3.2735755443573
0.0033505128230899572, 3.2082836627960205
-0.044117700308561325, 3.1612865924835205
-0.08678434789180756, 3.129182815551758
-0.1629791557788849, 3.11727237701416
-0.19852349162101746, 3.1100385189056396
-0.30848607420921326, 3.0537123680114746
-0.3163296580314636, 3.0093963146209717
-0.3085777461528778, 2.927001476287842
-0.3052658438682556, 2.8643007278442383
-0.30172210931777954, 2.7489192485809326
-0.2857556641101837, 2.6859517097473145
-0.27895650267601013, 2.6371731758117676
-0.27558794617652893, 2.606682062149048
-0.2582891881465912, 2.4626801013946533
-0.23431235551834106, 2.389907121658325
-0.2166311889886856, 2.2926011085510254
-0.2271062731742859, 2.0776448249816895
-0.23743586242198944, 2.016417980194092
-0.26056161522865295, 1.8112064599990845
-0.277848482131958, 1.7534024715423584
-0.2833588123321533, 1.6465762853622437
-0.23383593559265137, 1.5581024885177612
-0.14612016081809998, 1.452384114265442
-0.11570889502763748, 1.413428544998169
-0.06729167699813843, 1.289284110069275
-0.04342785105109215, 1.2457377910614014
-0.02147628366947174, 1.1328227519989014
0.022215118631720543, 1.0868639945983887
0.05963613837957382, 1.040683627128601
0.0802832543849945, 1.0161250829696655
0.13056281208992004, 0.9500860571861267
0.15204742550849915, 0.8992170691490173
0.2078406661748886, 0.8190122842788696
0.273354709148407, 0.7102549076080322
0.34780633449554443, 0.5762399435043335
0.4309196472167969, 0.43552500009536743
0.4993092715740204, 0.3102611005306244
0.5813665390014648, 0.24538737535476685
0.6583726406097412, 0.1234140396118164
0.6779227256774902, 0.10555222630500793
0.757597029209137, 0.04237036779522896
0.7753698825836182, 0.0032377690076828003
0.8393166661262512, -0.06595996022224426
0.8798691034317017, -0.10651198774576187
1.0202842950820923, -0.10787779837846756
1.0680785179138184, -0.054056670516729355
1.094678282737732, -0.02643894962966442
1.1638355255126953, 0.050092775374650955
1.186806321144104, 0.07763709127902985
1.2653926610946655, 0.051371920853853226
1.356473684310913, 0.025960983708500862
1.4937504529953003, -0.023827532306313515
1.5906238555908203, -0.0646156594157219
1.6447603702545166, -0.07472191005945206
1.691995620727539, -0.09997401386499405
1.6368943452835083, -0.15365567803382874
1.5950901508331299, -0.2267676442861557
1.5694870948791504, -0.2815331220626831
1.4456082582473755, -0.45110979676246643
1.418310284614563, -0.357456773519516
1.350900650024414, -0.2831791341304779
1.2485443353652954, -0.32585805654525757
1.1624937057495117, -0.3215981721878052
1.103089690208435, -0.29598814249038696
1.0650562047958374, -0.2922342121601105
0.9574432969093323, -0.3770527243614197
1.0593793392181396, -0.49292850494384766
1.0920162200927734, -0.5386579036712646
1.1767841577529907, -0.6322950124740601
1.1823327541351318, -0.6379441618919373
1.2933629751205444, -0.6957982778549194
1.335412859916687, -0.8160836100578308
1.2884482145309448, -0.9166539311408997
1.274330496788025, -0.9977030158042908
1.2572705745697021, -1.109761357307434
1.2533444166183472, -1.206220269203186
1.2604491710662842, -1.3240923881530762
1.2643710374832153, -1.3585561513900757
1.2590787410736084, -1.397605299949646
1.2541791200637817, -1.4847707748413086
1.2441494464874268, -1.5644323825836182
1.2388476133346558, -1.6353203058242798
1.2426718473434448, -1.6885995864868164
1.3246148824691772, -1.8047120571136475
1.3353772163391113, -1.9447221755981445
1.3303769826889038, -2.0575110912323
1.3297070264816284, -2.0759310722351074
1.348096251487732, -2.220229387283325
1.4030693769454956, -2.423633337020874
1.407177448272705, -2.458070993423462
1.4117069244384766, -2.5074381828308105
1.4592313766479492, -2.649667501449585
1.4734266996383667, -2.6877224445343018
1.4841135740280151, -2.7312073707580566
1.5742201805114746, -3.0506768226623535
1.6002238988876343, -3.149747848510742
1.6533030271530151, -3.2468667030334473
1.6560992002487183, -3.2791802883148193
1.6251120567321777, -3.3978607654571533
1.61854887008667, -3.432638645172119
1.572933316230774, -3.5193426609039307
1.5066295862197876, -3.626314401626587
1.428056001663208, -3.7141668796539307
1.3692543506622314, -3.7725751399993896
1.3264403343200684, -3.8178627490997314
1.2132564783096313, -3.9405903816223145
1.1197510957717896, -4.031491756439209
1.1205257177352905, -4.069871425628662
1.0904827117919922, -4.122485160827637
0.9876561760902405, -4.042253017425537
0.9095881581306458, -3.973233461380005
0.8507081270217896, -3.916215181350708
0.7669733166694641, -3.841707229614258
0.6825868487358093, -3.7225701808929443
0.6572104096412659, -3.6673412322998047
0.6008368134498596, -3.5807065963745117
0.5639492273330688, -3.507476568222046
0.4959820806980133, -3.3965954780578613
0.43134281039237976, -3.266082525253296
0.3846583068370819, -3.166018009185791
0.327671617269516, -3.0494697093963623
0.2911810278892517, -2.9789273738861084
0.274885892868042, -2.9408254623413086
0.22312873601913452, -2.805903196334839
0.19619150459766388, -2.7795052528381348
0.1810758411884308, -2.751873016357422
0.16632062196731567, -2.7256460189819336
0.10851576924324036, -2.628030776977539
0.08984889090061188, -2.5758183002471924
0.02515353634953499, -2.442450761795044
-0.015806429088115692, -2.3624353408813477
-0.05116542801260948, -2.2866945266723633
-0.10663916915655136, -2.1881463527679443
-0.16444408893585205, -2.098325490951538
-0.20545527338981628, -2.0314924716949463
-0.2501470148563385, -1.9517788887023926
-0.32025840878486633, -1.8340606689453125
-0.35572943091392517, -1.7500991821289062
-0.39999744296073914, -1.6661107540130615
-0.47449880838394165, -1.541522741317749
-0.4965847134590149, -1.489975094795227
-0.4936336278915405, -1.3685497045516968
-0.5266491174697876, -1.3062316179275513
-0.531307578086853, -1.260601282119751
-0.5644868612289429, -1.136873483657837
-0.5820032358169556, -1.0852093696594238
-0.5967952609062195, -1.0216166973114014
-0.6117737889289856, -0.960419774055481
-0.6447385549545288, -0.8587124943733215
-0.6811686158180237, -0.7334105968475342
-0.6991347670555115, -0.6981312036514282
-0.7440089583396912, -0.5842694640159607
-0.7884822487831116, -0.49952879548072815
-0.8308566212654114, -0.3996897339820862
-0.858108639717102, -0.35502132773399353
-0.8910471200942993, -0.3070344626903534
-0.9263325929641724, -0.23639236390590668
-0.9531541466712952, -0.17408183217048645
-1.0465404987335205, -0.016827233135700226
-1.1113914251327515, 0.11753086000680923
-1.1746728420257568, 0.20436549186706543
-1.170204758644104, 0.32327425479888916
-1.2324756383895874, 0.3891352713108063
-1.2861698865890503, 0.4656654894351959
-1.3595958948135376, 0.5631658434867859
-1.407584547996521, 0.6480222344398499
-1.4915355443954468, 0.689429521560669
-1.541431188583374, 0.764298141002655
-1.6024620532989502, 0.834913969039917
-1.671388864517212, 0.9098072052001953
-1.7226877212524414, 0.9366580247879028
-1.797321081161499, 1.0345669984817505
-1.743764042854309, 1.1036090850830078
-1.8234097957611084, 1.2028169631958008
-1.8671364784240723, 1.327009677886963
-1.9417998790740967, 1.4281765222549438
-1.980143666267395, 1.547924518585205
-1.1924188137054443, 2.4322052001953125
-1.1613006591796875, 2.53633713722229
-0.858333170413971, 3.179213047027588
-0.30848607420921326, 3.0537123680114746
-0.2166311889886856, 2.2926011085510254
-0.2271062731742859, 2.0776448249816895
-0.26056161522865295, 1.8112064599990845
-0.26136353611946106, 1.8085249662399292
-0.858333170413971, 3.179213047027588
-0.8099609017372131, 3.281855583190918
-0.7825419306755066, 3.3307456970214844
-0.7306576371192932, 3.4112038612365723
-0.3721925914287567, 3.9656949043273926
0.22630563378334045, 4.807045936584473
0.25658324360847473, 4.848753929138184
0.4110156297683716, 4.790286540985107
0.14385776221752167, 3.583059310913086
0.08769988268613815, 3.4240734577178955
0.0033505128230899572, 3.2082836627960205
-0.044117700308561325, 3.1612865924835205
-0.08678434789180756, 3.129182815551758
-0.30848607420921326, 3.0537123680114746
0.25658324360847473, 4.848753929138184
0.3109486401081085, 4.923642635345459
0.5642864108085632, 5.223459720611572
0.6409212350845337, 5.305583953857422
0.6844518780708313, 5.350342750549316
0.7309128642082214, 5.380524635314941
0.7897682785987854, 5.278484344482422
0.7713239192962646, 5.231661319732666
0.5531002283096313, 4.925204753875732
0.4110156297683716, 4.790286540985107
-0.28769442439079285, -1.8887361288070679
1.2426718473434448, -1.6885995864868164
1.3246148824691772, -1.8047120571136475
1.6533030271530151, -3.2468667030334473
1.6560992002487183, -3.2791802883148193
1.61854887008667, -3.432638645172119
1.572933316230774, -3.5193426609039307
1.5066295862197876, -3.626314401626587
1.0904827117919922, -4.122485160827637
0.9876561760902405, -4.042253017425537
0.9095881581306458, -3.973233461380005
0.7669733166694641, -3.841707229614258
0.6825868487358093, -3.7225701808929443
0.6008368134498596, -3.5807065963745117
0.4959820806980133, -3.3965954780578613
-0.4890359044075012, -1.5075937509536743
0.6192721128463745, -0.37323442101478577
0.9574432969093323, -0.3770527243614197
1.2933629751205444, -0.6957982778549194
1.335412859916687, -0.8160836100578308
1.2426718473434448, -1.6885995864868164
-0.28769442439079285, -1.8887361288070679
-0.32025840878486633, -1.8340606689453125
-0.47449880838394165, -1.541522741317749
0.6192721128463745, -0.37323442101478577
0.8798691034317017, -0.10651198774576187
1.186806321144104, 0.07763709127902985
1.356473684310913, 0.025960983708500862
1.3792837858200073, 0.01799464225769043
1.350900650024414, -0.2831791341304779
1.2485443353652954, -0.32585805654525757
0.9574432969093323, -0.3770527243614197
1.350900650024414, -0.2831791341304779
1.3792837858200073, 0.01799464225769043
1.6447603702545166, -0.07472191005945206
1.691995620727539, -0.09997401386499405
1.5694870948791504, -0.2815331220626831
1.4456082582473755, -0.45110979676246643
-1.980143666267395, 1.547924518585205
-1.9156248569488525, 1.6615962982177734
-1.1924188137054443, 2.4322052001953125
-0.26136353611946106, 1.8085249662399292
0.10725470632314682, 0.9806997776031494
-1.170204758644104, 0.32327425479888916
-1.2324756383895874, 0.3891352713108063
-1.7226877212524414, 0.9366580247879028
-1.797321081161499, 1.0345669984817505
-1.9417998790740967, 1.4281765222549438
-1.1746728420257568, 0.20436549186706543
-1.170204758644104, 0.32327425479888916
0.10725470632314682, 0.9806997776031494
0.13056281208992004, 0.9500860571861267
0.8798691034317017, -0.10651198774576187
-0.4890359044075012, -1.5075937509536743
-0.4965847134590149, -1.489975094795227
