-0.14550210535526276, -0.029387861490249634
-0.12097284197807312, 0.023704063147306442
-0.0664057582616806, 0.07699654996395111
0.011994062922894955, 0.16209763288497925
0.05321318656206131, 0.17819376289844513
0.15194904804229736, 0.08145321905612946
0.1562318354845047, 0.004115202929824591
0.058586474508047104, -0.09433454275131226
-0.011903958395123482, -0.12265282869338989
-0.06452164798974991, -0.1356583535671234
-0.12789882719516754, -0.14041562378406525
-0.16524241864681244, -0.1129397302865982
-0.16672617197036743, -0.07895508408546448
-0.16672617197036743, -0.07895508408546448
-0.14550210535526276, -0.029387861490249634
-0.12097284197807312, 0.023704063147306442
0.011994062922894955, 0.16209763288497925
0.05321318656206131, 0.17819376289844513
0.15194904804229736, 0.08145321905612946
0.1562318354845047, 0.004115202929824591
0.058586474508047104, -0.09433454275131226
-0.011903958395123482, -0.12265282869338989
-0.06452164798974991, -0.1356583535671234
-0.12789882719516754, -0.14041562378406525
-0.16524241864681244, -0.1129397302865982
