-0.17948013544082642, 0.13494034111499786
-0.17058168351650238, 0.17093777656555176
-0.02207610011100769, 0.18287910521030426
0.013161266222596169, 0.16608597338199615
0.036900341510772705, 0.1323361098766327
0.06693249940872192, 0.04311275854706764
0.10403227061033249, -0.03381459414958954
0.10778820514678955, -0.08274193853139877
0.1462039202451706, -0.1992715299129486
0.18084372580051422, -0.21458260715007782
0.18044394254684448, -0.2664996385574341
0.14562258124351501, -0.2678722143173218
0.10023908317089081, -0.25678253173828125
0.022116225212812424, -0.19046741724014282
-0.026375144720077515, -0.06600473076105118
-0.05130748450756073, -0.02427828684449196
-0.12239919602870941, 0.051114097237586975
-0.18186594545841217, 0.10301714390516281
-0.18186594545841217, 0.10301714390516281
-0.17948013544082642, 0.13494034111499786
-0.17058168351650238, 0.17093777656555176
-0.02207610011100769, 0.18287910521030426
0.013161266222596169, 0.16608597338199615
0.036900341510772705, 0.1323361098766327
0.18084372580051422, -0.21458260715007782
0.18044394254684448, -0.2664996385574341
0.14562258124351501, -0.2678722143173218
0.10023908317089081, -0.25678253173828125
0.022116225212812424, -0.19046741724014282
