-0.09269392490386963, -0.06544780731201172
-0.08031107485294342, -0.009686212986707687
-0.034143105149269104, 0.09206755459308624
0.02918565273284912, 0.08205212652683258
0.11669059842824936, 0.026760226115584373
0.10287299007177353, -0.0164985079318285
0.06571445614099503, -0.0439729169011116
-0.03220958262681961, -0.1330818235874176
-0.09269392490386963, -0.06544780731201172
-0.08031107485294342, -0.009686212986707687
-0.034143105149269104, 0.09206755459308624
0.02918565273284912, 0.08205212652683258
0.11669059842824936, 0.026760226115584373
0.10287299007177353, -0.0164985079318285
-0.03220958262681961, -0.1330818235874176
