-0.175399050116539, 0.031093349680304527
-0.17174454033374786, 0.07569081336259842
-0.12077773362398148, 0.10038285702466965
-0.05082457885146141, 0.08615197241306305
0.08321323990821838, 0.05446550250053406
0.15527531504631042, -0.03970525786280632
0.13092845678329468, -0.10356126725673676
0.07756265997886658, -0.1147507056593895
0.04428936913609505, -0.10656341165304184
0.012984677217900753, -0.0775776281952858
-0.04836743697524071, -0.03455628082156181
-0.12639854848384857, 1.2018365669064224E-4
-0.175399050116539, 0.031093349680304527
-0.17174454033374786, 0.07569081336259842
-0.12077773362398148, 0.10038285702466965
-0.05082457885146141, 0.08615197241306305
0.08321323990821838, 0.05446550250053406
0.15527531504631042, -0.03970525786280632
0.13092845678329468, -0.10356126725673676
0.07756265997886658, -0.1147507056593895
0.04428936913609505, -0.10656341165304184
-0.12639854848384857, 1.2018365669064224E-4
