-0.4051775634288788, -0.05334177985787392
-0.3157815635204315, -0.0165531188249588
-0.2985028624534607, 0.09444019943475723
-0.3089074492454529, 0.13718965649604797
-0.2843487560749054, 0.18323948979377747
-0.2940708100795746, 0.2998877465724945
-0.3061477839946747, 0.35362282395362854
-0.2771441340446472, 0.37973475456237793
-0.15026886761188507, 0.3803132176399231
-0.18943463265895844, 0.32238680124282837
-0.0866377204656601, 0.2284051775932312
-0.027036188170313835, 0.24353842437267303
0.02968536503612995, 0.25945141911506653
0.07398047298192978, 0.2557591199874878
0.1505030393600464, 0.17520390450954437
0.2670108377933502, 0.09347332268953323
0.31953713297843933, 0.07441440224647522
0.46122005581855774, 0.0876389741897583
0.5289543271064758, 0.09074801206588745
0.640179455280304, 0.10959142446517944
0.6928970217704773, 0.14777667820453644
0.6652507781982422, 0.08764218538999557
0.6273787021636963, 0.056037191301584244
0.5968725681304932, 0.04680383950471878
0.388691246509552, 0.03226542845368385
0.2652849555015564, -0.021027743816375732
0.23647499084472656, -0.06922691315412521
0.1225113645195961, -0.14078685641288757
0.13039478659629822, -0.21304474771022797
0.08910907059907913, -0.2878214716911316
0.031984128057956696, -0.3680412471294403
-0.0181768499314785, -0.3588671088218689
-0.13646641373634338, -0.2888911962509155
-0.18440602719783783, -0.2570626139640808
-0.2952817976474762, -0.2211037576198578
-0.28799158334732056, -0.18513578176498413
-0.3881482779979706, -0.08456669747829437
0.29699140787124634, -0.007335267961025238
0.31953713297843933, 0.07441440224647522
0.6928970217704773, 0.14777667820453644
0.6652507781982422, 0.08764218538999557
0.6273787021636963, 0.056037191301584244
0.5968725681304932, 0.04680383950471878
-0.4051775634288788, -0.05334177985787392
-0.3061477839946747, 0.35362282395362854
-0.2771441340446472, 0.37973475456237793
-0.15026886761188507, 0.3803132176399231
0.07398047298192978, 0.2557591199874878
0.31953713297843933, 0.07441440224647522
0.29699140787124634, -0.007335267961025238
0.031984128057956696, -0.3680412471294403
-0.0181768499314785, -0.3588671088218689
-0.2952817976474762, -0.2211037576198578
-0.3881482779979706, -0.08456669747829437
