-0.03193242475390434, -0.023926418274641037
0.09374794363975525, 0.18746864795684814
0.04792077839374542, 0.013645591214299202
0.02329830825328827, -0.023882998153567314
-0.020289847627282143, -0.08666274696588516
-0.04806235432624817, -0.10799438506364822
-0.14638282358646393, -0.13322116434574127
-0.14638282358646393, -0.13322116434574127
0.09374794363975525, 0.18746864795684814
0.04792077839374542, 0.013645591214299202
0.02329830825328827, -0.023882998153567314
-0.020289847627282143, -0.08666274696588516
-0.04806235432624817, -0.10799438506364822
