-0.3499750792980194, -0.3207318186759949
-0.32313409447669983, -0.2705642879009247
-0.29623177647590637, -0.17020149528980255
-0.2630520462989807, -0.024567170068621635
-0.24063046276569366, 0.09801986813545227
-0.18683603405952454, 0.10307866334915161
-0.11931829154491425, 0.10788824409246445
-0.07032841444015503, 0.10713757574558258
0.039175812155008316, 0.1830167919397354
0.08681710809469223, 0.2721163332462311
0.14541904628276825, 0.37028229236602783
0.16544371843338013, 0.4295486807823181
0.19192351400852203, 0.458949476480484
0.23563110828399658, 0.46769818663597107
0.25134822726249695, 0.4119955599308014
0.25536826252937317, 0.3751305043697357
0.25640884041786194, 0.274800568819046
0.24203987419605255, 0.1892802119255066
0.23002371191978455, 0.10893867164850235
0.2379896491765976, 0.015358044765889645
0.21644242107868195, -0.04084429144859314
0.23077629506587982, -0.14159950613975525
0.14012299478054047, -0.237717866897583
0.10804080963134766, -0.24405835568904877
0.0648726373910904, -0.24936708807945251
-0.0304915439337492, -0.18063300848007202
-0.12004175782203674, -0.17931553721427917
-0.18059639632701874, -0.24711093306541443
-0.19351638853549957, -0.36492305994033813
-0.22003567218780518, -0.3963097035884857
-0.2701272666454315, -0.40121039748191833
-0.3265460431575775, -0.37358272075653076
-0.35138121247291565, -0.3557661175727844
-0.35138121247291565, -0.3557661175727844
-0.3499750792980194, -0.3207318186759949
-0.24120107293128967, 0.0958346575498581
-0.12004175782203674, -0.17931553721427917
-0.19351638853549957, -0.36492305994033813
-0.22003567218780518, -0.3963097035884857
-0.2701272666454315, -0.40121039748191833
-0.3265460431575775, -0.37358272075653076
-0.24120107293128967, 0.0958346575498581
-0.24063046276569366, 0.09801986813545227
0.19192351400852203, 0.458949476480484
0.23563110828399658, 0.46769818663597107
0.25134822726249695, 0.4119955599308014
0.25536826252937317, 0.3751305043697357
0.25640884041786194, 0.274800568819046
0.23077629506587982, -0.14159950613975525
0.14012299478054047, -0.237717866897583
0.10804080963134766, -0.24405835568904877
0.0648726373910904, -0.24936708807945251
-0.12004175782203674, -0.17931553721427917
