-1.2056893110275269, 0.0861281231045723
-1.1339914798736572, 0.12201696634292603
-1.0535023212432861, 0.1300935000181198
-0.9372254014015198, 0.1439659148454666
-0.8766198754310608, 0.1563819795846939
-0.8447321653366089, 0.1606285721063614
-0.777264416217804, 0.16115914285182953
-0.694097101688385, 0.18573935329914093
-0.5907989144325256, 0.20355258882045746
-0.5224535465240479, 0.22362947463989258
-0.38497626781463623, 0.2427024394273758
-0.2935357689857483, 0.2527625560760498
-0.14880545437335968, 0.2650333046913147
-0.06470796465873718, 0.29921039938926697
-0.0015855663223192096, 0.31227755546569824
0.07557222247123718, 0.28438714146614075
0.22784583270549774, 0.22187288105487823
0.32272735238075256, 0.21895113587379456
0.3559998869895935, 0.22077646851539612
0.43090683221817017, 0.21792273223400116
0.5482282638549805, 0.24177686870098114
0.5957012176513672, 0.27305614948272705
0.6636605858802795, 0.3134978413581848
0.7094424366950989, 0.3425053656101227
0.7639239430427551, 0.37460097670555115
0.8253938555717468, 0.39916500449180603
0.9286312460899353, 0.3013280928134918
0.9887071251869202, 0.2924805283546448
1.0077335834503174, 0.26858222484588623
1.0041760206222534, 0.211727574467659
0.9900479316711426, 0.1669791042804718
1.010280728340149, 0.037386734038591385
1.0582635402679443, -0.07813660055398941
1.0413782596588135, -0.1529577672481537
0.9824588298797607, -0.22285135090351105
0.9563593864440918, -0.247658833861351
0.8214014768600464, -0.25223907828330994
0.795289158821106, -0.2831366956233978
0.7681655883789062, -0.25795602798461914
0.6744587421417236, -0.14894551038742065
0.6091049313545227, -0.13395625352859497
0.48574844002723694, -0.14147883653640747
0.44929003715515137, -0.15408280491828918
0.4222652018070221, -0.16694678366184235
0.38852766156196594, -0.18488723039627075
0.27594465017318726, -0.217165008187294
0.1775355488061905, -0.2758495509624481
0.0460406132042408, -0.37491679191589355
-0.01034526340663433, -0.4158228039741516
-0.0752871111035347, -0.44037869572639465
-0.11381322145462036, -0.3813419044017792
-0.21391142904758453, -0.2893565595149994
-0.33125603199005127, -0.26325270533561707
-0.3723577558994293, -0.248499795794487
-0.4454350769519806, -0.24084046483039856
-0.5210931301116943, -0.30266186594963074
-0.6287469267845154, -0.33382681012153625
-0.6767270565032959, -0.33329951763153076
-0.7089754343032837, -0.3209168016910553
-0.7742541432380676, -0.28622162342071533
-0.8401831984519958, -0.24739065766334534
-0.8902953863143921, -0.1853378564119339
-0.9774637818336487, -0.10392621159553528
-1.0168499946594238, -0.08021311461925507
-1.1253327131271362, 0.019321970641613007
-1.2056893110275269, 0.0861281231045723
-1.1339914798736572, 0.12201696634292603
-0.0015855663223192096, 0.31227755546569824
0.3962422311306, 0.35407575964927673
0.48574844002723694, -0.14147883653640747
-0.01034526340663433, -0.4158228039741516
-0.0752871111035347, -0.44037869572639465
-0.6767270565032959, -0.33329951763153076
-0.7089754343032837, -0.3209168016910553
-0.7742541432380676, -0.28622162342071533
-0.8401831984519958, -0.24739065766334534
0.3962422311306, 0.35407575964927673
0.8253938555717468, 0.39916500449180603
0.9887071251869202, 0.2924805283546448
1.0077335834503174, 0.26858222484588623
1.0582635402679443, -0.07813660055398941
1.0413782596588135, -0.1529577672481537
0.9824588298797607, -0.22285135090351105
0.9563593864440918, -0.247658833861351
0.795289158821106, -0.2831366956233978
0.48574844002723694, -0.14147883653640747
