-0.0762418583035469, 0.021820425987243652
-0.0637112408876419, 0.09098295122385025
-0.01708277128636837, 0.07089561223983765
0.07040198892354965, 0.03709333389997482
0.08162035048007965, 0.0018923168536275625
0.08277996629476547, -0.06201429292559624
0.024076303467154503, -0.06729542464017868
-0.02922748029232025, -0.06191447004675865
-0.07490536570549011, -0.03651486337184906
-0.0762418583035469, 0.021820425987243652
-0.0637112408876419, 0.09098295122385025
0.07040198892354965, 0.03709333389997482
0.08162035048007965, 0.0018923168536275625
0.08277996629476547, -0.06201429292559624
0.024076303467154503, -0.06729542464017868
-0.02922748029232025, -0.06191447004675865
-0.07490536570549011, -0.03651486337184906
