-0.22313810884952545, -0.13276514410972595
-0.2226003259420395, -0.08666346222162247
-0.15763811767101288, 0.009348639287054539
-0.08026016503572464, 0.12741397321224213
-0.03728439286351204, 0.10051083564758301
-0.0163442213088274, 0.07759759575128555
0.12137561291456223, 0.11308681964874268
0.17084774374961853, 0.11211995035409927
0.20493794977664948, 0.08210110664367676
0.25676628947257996, 0.0014954973012208939
0.14331963658332825, -0.058017831295728683
-0.0441230833530426, -0.0743570551276207
-0.09009724855422974, -0.09839785099029541
-0.1788279265165329, -0.127598837018013
-0.22313810884952545, -0.13276514410972595
-0.2226003259420395, -0.08666346222162247
-0.08026016503572464, 0.12741397321224213
0.17084774374961853, 0.11211995035409927
0.20493794977664948, 0.08210110664367676
0.25676628947257996, 0.0014954973012208939
0.14331963658332825, -0.058017831295728683
-0.1788279265165329, -0.127598837018013
