-0.09027642011642456, 0.021347058936953545
-0.04340638592839241, 0.0788109079003334
-0.006843174807727337, 0.09940928965806961
0.051316481083631516, 0.07551588863134384
0.08176521956920624, 0.02882983908057213
0.09489569813013077, -0.003013289300724864
0.08808182924985886, -0.05236047878861427
0.03413708880543709, -0.07708358764648438
-0.010039291344583035, -0.08042356371879578
-0.07709143310785294, -0.06286831945180893
-0.10465957969427109, -0.048786211758852005
-0.11010539531707764, -0.016863295808434486
-0.11010539531707764, -0.016863295808434486
-0.09027642011642456, 0.021347058936953545
-0.04340638592839241, 0.0788109079003334
-0.006843174807727337, 0.09940928965806961
0.051316481083631516, 0.07551588863134384
0.08176521956920624, 0.02882983908057213
0.09489569813013077, -0.003013289300724864
0.08808182924985886, -0.05236047878861427
0.03413708880543709, -0.07708358764648438
-0.010039291344583035, -0.08042356371879578
-0.07709143310785294, -0.06286831945180893
-0.10465957969427109, -0.048786211758852005
