-0.2358655035495758, 0.19632109999656677
-0.22129210829734802, 0.26940369606018066
-0.18526719510555267, 0.3392772674560547
-0.06380399316549301, 0.394580602645874
-0.03324653580784798, 0.3879605531692505
0.04031794145703316, 0.3417169749736786
0.203464075922966, 0.24329717457294464
0.2612781226634979, 0.1780068725347519
0.2149975746870041, 0.14109466969966888
0.15411746501922607, 0.10703251510858536
0.13897033035755157, 0.09405495971441269
0.09341125190258026, 0.03333982452750206
0.07320927828550339, -0.05979739874601364
0.07147166132926941, -0.07553533464670181
0.08041786402463913, -0.12525559961795807
0.20611873269081116, -0.1778053641319275
0.29659631848335266, -0.2118625044822693
0.41782835125923157, -0.2466377168893814
0.404503732919693, -0.311492383480072
0.37882769107818604, -0.3506915867328644
0.2918749153614044, -0.39541396498680115
0.18853096663951874, -0.45381906628608704
0.09698112308979034, -0.3703070282936096
0.030899981036782265, -0.3391304910182953
-0.006278659217059612, -0.27174171805381775
-0.09255759418010712, -0.2247833013534546
-0.20900695025920868, -0.17405550181865692
-0.2506480813026428, -0.1607920527458191
-0.2912568747997284, -0.11611731350421906
-0.32300451397895813, -0.045828431844711304
-0.2804257273674011, 0.07963468879461288
-0.1370173841714859, -0.20541566610336304
0.08041786402463913, -0.12525559961795807
0.41782835125923157, -0.2466377168893814
0.404503732919693, -0.311492383480072
0.37882769107818604, -0.3506915867328644
0.18853096663951874, -0.45381906628608704
0.030899981036782265, -0.3391304910182953
-0.32300451397895813, -0.045828431844711304
-0.22129210829734802, 0.26940369606018066
-0.18526719510555267, 0.3392772674560547
-0.06380399316549301, 0.394580602645874
-0.03324653580784798, 0.3879605531692505
0.203464075922966, 0.24329717457294464
0.2612781226634979, 0.1780068725347519
0.08041786402463913, -0.12525559961795807
-0.1370173841714859, -0.20541566610336304
-0.2506480813026428, -0.1607920527458191
-0.2912568747997284, -0.11611731350421906
