-0.15119120478630066, 0.07161647826433182
-0.1052066758275032, 0.09022130817174911
-0.017020629718899727, 0.12333302199840546
0.07741444557905197, 0.0999305248260498
0.10213310271501541, 0.025301381945610046
0.16662052273750305, -0.10238777101039886
0.1186448484659195, -0.12486566603183746
0.01889920048415661, -0.10919619351625443
-0.04853646084666252, -0.09374771267175674
-0.0921350046992302, -0.06377501040697098
-0.1667705923318863, 0.041375622153282166
-0.1667705923318863, 0.041375622153282166
-0.15119120478630066, 0.07161647826433182
-0.1052066758275032, 0.09022130817174911
-0.017020629718899727, 0.12333302199840546
0.07741444557905197, 0.0999305248260498
0.16662052273750305, -0.10238777101039886
0.1186448484659195, -0.12486566603183746
0.01889920048415661, -0.10919619351625443
-0.04853646084666252, -0.09374771267175674
-0.0921350046992302, -0.06377501040697098
