-0.05583232268691063, 0.010459131561219692
0.0835387334227562, 0.10497503727674484
0.158277690410614, 0.1426839828491211
0.1944907307624817, 0.14447274804115295
0.1736597865819931, 0.10232166200876236
0.06843920797109604, 0.008807949721813202
-0.012263632379472256, -0.08988539129495621
-0.08702778071165085, -0.10735134780406952
-0.1502971351146698, -0.0739966407418251
-0.19768378138542175, -0.011697553098201752
-0.19768378138542175, -0.011697553098201752
0.158277690410614, 0.1426839828491211
0.1944907307624817, 0.14447274804115295
0.1736597865819931, 0.10232166200876236
-0.012263632379472256, -0.08988539129495621
-0.08702778071165085, -0.10735134780406952
-0.1502971351146698, -0.0739966407418251
