-0.8526585698127747, -0.5691044330596924
-0.8204261064529419, -0.44457894563674927
-0.7882962226867676, -0.38282275199890137
-0.7336353063583374, -0.25637686252593994
-0.7077358365058899, -0.20757614076137543
-0.6732499003410339, -0.1371660828590393
-0.5889755487442017, 0.06870002299547195
-0.5736681818962097, 0.13661544024944305
-0.5296359062194824, 0.19959601759910583
-0.4347957670688629, 0.30368560552597046
-0.3814988434314728, 0.3477023243904114
-0.32054534554481506, 0.4072624444961548
-0.23864340782165527, 0.47776803374290466
-0.19145400822162628, 0.5328875780105591
-0.07536476850509644, 0.6326631903648376
0.010448022745549679, 0.6856438517570496
0.0559643879532814, 0.7258128523826599
0.12472040951251984, 0.7832968831062317
0.19926011562347412, 0.795024573802948
0.32706373929977417, 0.7858816385269165
0.36293482780456543, 0.7805460691452026
0.46248623728752136, 0.7784504890441895
0.543198823928833, 0.8082451224327087
0.5524473786354065, 0.8135745525360107
0.5957434773445129, 0.8388614058494568
0.6724793910980225, 0.8733835816383362
0.7394118905067444, 0.9121342897415161
0.8202869296073914, 0.9597030282020569
0.9060875773429871, 1.0225718021392822
0.9979902505874634, 1.056496500968933
1.046766996383667, 1.0758088827133179
1.153611660003662, 1.1430634260177612
1.2143992185592651, 1.1627339124679565
1.3061319589614868, 1.193515658378601
1.3762420415878296, 1.2098100185394287
1.4971652030944824, 1.2622183561325073
1.6195635795593262, 1.2942441701889038
1.6431291103363037, 1.1906529664993286
1.5920881032943726, 1.138154149055481
1.5185075998306274, 1.122287631034851
1.40408194065094, 1.0678189992904663
1.3376243114471436, 1.0161089897155762
1.2994440793991089, 0.9787004590034485
1.2161117792129517, 0.9250726103782654
1.1482272148132324, 0.9062647223472595
1.0825527906417847, 0.8394135236740112
1.0549933910369873, 0.8148753046989441
0.9502026438713074, 0.7098341584205627
0.9002087712287903, 0.6462695598602295
0.8659725189208984, 0.6082838773727417
0.7663405537605286, 0.5163160562515259
0.684945285320282, 0.4210425615310669
0.6131082773208618, 0.31640323996543884
0.5819261074066162, 0.2559841573238373
0.5487257242202759, 0.19706757366657257
0.4570847451686859, 0.08582480996847153
0.3856511414051056, -0.0034690932370722294
0.3432638943195343, -0.07487737387418747
0.3085545301437378, -0.1446131318807602
0.23882004618644714, -0.21082744002342224
0.206285759806633, -0.23016397655010223
0.12447851896286011, -0.33254274725914
0.038514964282512665, -0.42122310400009155
-0.0026858351193368435, -0.4651133120059967
-0.04531315714120865, -0.5475962162017822
-0.12003649026155472, -0.6596803069114685
-0.1782243698835373, -0.7499552965164185
-0.3006560802459717, -0.8957429528236389
-0.3840908408164978, -1.0035934448242188
-0.4425240457057953, -1.085387110710144
-0.5121850371360779, -1.1653623580932617
-0.5091668963432312, -1.224705457687378
-0.5368410348892212, -1.3023327589035034
-0.5528647303581238, -1.3356961011886597
-0.6939731240272522, -1.3798710107803345
-0.7372791767120361, -1.3626389503479004
-0.8260807991027832, -1.2800289392471313
-0.8531140685081482, -1.2523893117904663
-0.8848506808280945, -1.2068241834640503
-0.8899429440498352, -1.1594456434249878
-0.8834407925605774, -1.0885967016220093
-0.8788193464279175, -0.9926026463508606
-0.8600592017173767, -0.890876054763794
-0.8636502027511597, -0.6941507458686829
-0.859760046005249, -0.6142984628677368
-0.8899429440498352, -1.1594456434249878
-0.859760046005249, -0.6142984628677368
-0.8526585698127747, -0.5691044330596924
-0.8204261064529419, -0.44457894563674927
-0.5736681818962097, 0.13661544024944305
-0.5296359062194824, 0.19959601759910583
-0.4347957670688629, 0.30368560552597046
-0.19145400822162628, 0.5328875780105591
-0.07536476850509644, 0.6326631903648376
0.12472040951251984, 0.7832968831062317
0.3632456958293915, 0.8667006492614746
0.7663405537605286, 0.5163160562515259
0.5487257242202759, 0.19706757366657257
0.3085545301437378, -0.1446131318807602
-0.5528647303581238, -1.3356961011886597
-0.6939731240272522, -1.3798710107803345
-0.7372791767120361, -1.3626389503479004
-0.8260807991027832, -1.2800289392471313
-0.8531140685081482, -1.2523893117904663
-0.8848506808280945, -1.2068241834640503
0.3632456958293915, 0.8667006492614746
1.153611660003662, 1.1430634260177612
1.4971652030944824, 1.2622183561325073
1.6195635795593262, 1.2942441701889038
1.6431291103363037, 1.1906529664993286
1.5920881032943726, 1.138154149055481
0.7663405537605286, 0.5163160562515259
