-0.052414458245038986, 0.047606032341718674
-0.04084203392267227, 0.14284534752368927
-0.0072118001990020275, 0.23069041967391968
0.02126292884349823, 0.21764583885669708
0.036607008427381516, 0.16791905462741852
0.06962499767541885, 0.04904773086309433
0.1014251634478569, 0.020365724340081215
0.08178096264600754, -0.05160887539386749
0.05518742650747299, -0.13454334437847137
0.03377152979373932, -0.15697667002677917
-0.02438519336283207, -0.16032381355762482
-0.06161198392510414, -0.1398954689502716
-0.06199638545513153, -0.08425067365169525
-0.06199638545513153, -0.08425067365169525
-0.052414458245038986, 0.047606032341718674
-0.04084203392267227, 0.14284534752368927
-0.0072118001990020275, 0.23069041967391968
0.02126292884349823, 0.21764583885669708
0.1014251634478569, 0.020365724340081215
0.08178096264600754, -0.05160887539386749
0.05518742650747299, -0.13454334437847137
0.03377152979373932, -0.15697667002677917
-0.02438519336283207, -0.16032381355762482
-0.06161198392510414, -0.1398954689502716
