-1.0324255228042603, 0.19087423384189606
-0.9094318151473999, 0.2104049026966095
-0.7873044610023499, 0.1860976219177246
-0.761339008808136, 0.1860019862651825
-0.7101049423217773, 0.18717218935489655
-0.5936717987060547, 0.16399765014648438
-0.5145054459571838, 0.18256665766239166
-0.4353179335594177, 0.18096838891506195
-0.3156801164150238, 0.19195514917373657
-0.17013126611709595, 0.21830715239048004
-0.021716179326176643, 0.2226458191871643
0.04587038606405258, 0.22561225295066833
0.15697099268436432, 0.26406803727149963
0.2438584566116333, 0.27767571806907654
0.3118337094783783, 0.2914814054965973
0.44809702038764954, 0.3039657771587372
0.4998837113380432, 0.34486788511276245
0.5534780025482178, 0.38039207458496094
0.6230941414833069, 0.4029825031757355
0.6823047995567322, 0.4223532974720001
0.752203106880188, 0.44056668877601624
0.8076677322387695, 0.45002228021621704
0.8897126317024231, 0.4581241309642792
0.9515563249588013, 0.4505390524864197
0.9724358320236206, 0.4285750389099121
0.9861627221107483, 0.4018242657184601
0.9681037068367004, 0.36438438296318054
0.9117668271064758, 0.2370714545249939
0.8978931307792664, 0.1660827398300171
0.8693044781684875, 0.04681171104311943
0.7612943649291992, -0.020089786499738693
0.7073297500610352, -0.06025630980730057
0.6343861222267151, -0.08980396389961243
0.5491362810134888, -0.1536005139350891
0.45314374566078186, -0.19561074674129486
0.3639751970767975, -0.25229522585868835
0.3317423462867737, -0.2605487108230591
0.2053193598985672, -0.31108206510543823
0.08573103696107864, -0.39328449964523315
0.05609319359064102, -0.41155359148979187
-0.0670393630862236, -0.46688538789749146
-0.11812131106853485, -0.4934639036655426
-0.15161822736263275, -0.5095861554145813
-0.19757995009422302, -0.49905234575271606
-0.27931293845176697, -0.4292525351047516
-0.29627174139022827, -0.3937647342681885
-0.32411035895347595, -0.3304167091846466
-0.41432997584342957, -0.26343464851379395
-0.4993988573551178, -0.24829809367656708
-0.5370410084724426, -0.20688481628894806
-0.5843794941902161, -0.17173327505588531
-0.61362624168396, -0.15222232043743134
-0.7225465178489685, -0.06267206370830536
-0.7446607947349548, -0.050172094255685806
-0.7708511352539062, -0.03905852138996124
-0.8860799074172974, -0.12493843585252762
-0.8692981004714966, -0.16107626259326935
-0.9558679461479187, -0.2310342788696289
-1.0020917654037476, -0.24902936816215515
-1.0058175325393677, -0.193913534283638
-0.9990537166595459, -0.16280558705329895
-1.0457791090011597, -0.02231665886938572
-1.0607682466506958, 0.13143543899059296
-1.0754741430282593, 0.19184871017932892
-1.0754741430282593, 0.19184871017932892
-0.682340681552887, 0.24574622511863708
-0.7708511352539062, -0.03905852138996124
-0.8692981004714966, -0.16107626259326935
-0.9558679461479187, -0.2310342788696289
-1.0020917654037476, -0.24902936816215515
-1.0457791090011597, -0.02231665886938572
-0.7708511352539062, -0.03905852138996124
-0.682340681552887, 0.24574622511863708
0.8076677322387695, 0.45002228021621704
0.8897126317024231, 0.4581241309642792
0.9515563249588013, 0.4505390524864197
0.9724358320236206, 0.4285750389099121
0.9861627221107483, 0.4018242657184601
0.8693044781684875, 0.04681171104311943
0.7073297500610352, -0.06025630980730057
0.5491362810134888, -0.1536005139350891
0.3639751970767975, -0.25229522585868835
0.05609319359064102, -0.41155359148979187
-0.15161822736263275, -0.5095861554145813
-0.19757995009422302, -0.49905234575271606
