-0.16627222299575806, -0.0804859846830368
-0.11645009368658066, -0.03693316876888275
-0.015302608720958233, 0.012264648452401161
0.08267566561698914, 0.10898088663816452
0.12325656414031982, 0.12894724309444427
0.2094517946243286, 0.09060051292181015
0.13593964278697968, 0.06246104836463928
0.05785645171999931, -0.004773342981934547
-0.0680452212691307, -0.07074185460805893
-0.11266923695802689, -0.11058226972818375
-0.14207857847213745, -0.124183289706707
-0.1852174997329712, -0.11791561543941498
-0.1852174997329712, -0.11791561543941498
-0.16627222299575806, -0.0804859846830368
-0.11645009368658066, -0.03693316876888275
0.08267566561698914, 0.10898088663816452
0.12325656414031982, 0.12894724309444427
0.2094517946243286, 0.09060051292181015
0.05785645171999931, -0.004773342981934547
-0.11266923695802689, -0.11058226972818375
-0.14207857847213745, -0.124183289706707
