-0.13209828734397888, 0.03602369502186775
-0.05938402935862541, 0.1620447188615799
-0.014365819282829762, 0.14163672924041748
0.0350111648440361, 0.10241855680942535
0.11083967983722687, 0.03660496696829796
0.13443243503570557, -0.003640528302639723
0.15685595571994781, -0.09886253625154495
0.12269603461027145, -0.10356071591377258
0.022185135632753372, -0.11826682090759277
-0.05550827831029892, -0.1213873028755188
-0.09803000092506409, -0.08329092711210251
-0.1355614960193634, -0.03978434205055237
-0.1355614960193634, -0.03978434205055237
-0.13209828734397888, 0.03602369502186775
-0.05938402935862541, 0.1620447188615799
-0.014365819282829762, 0.14163672924041748
0.0350111648440361, 0.10241855680942535
0.11083967983722687, 0.03660496696829796
0.13443243503570557, -0.003640528302639723
0.15685595571994781, -0.09886253625154495
0.022185135632753372, -0.11826682090759277
-0.05550827831029892, -0.1213873028755188
-0.09803000092506409, -0.08329092711210251
