-0.09667602181434631, 0.033811625093221664
-0.08421257138252258, 0.07420440018177032
-0.06005007401108742, 0.11304368823766708
0.0489216074347496, 0.057436611503362656
0.09300094842910767, 0.03914301097393036
0.1519499272108078, 0.009556750766932964
0.0662599578499794, -0.0380735844373703
0.03795129805803299, -0.05116700381040573
-0.059975553303956985, -0.0928078144788742
-0.09667602181434631, 0.033811625093221664
-0.08421257138252258, 0.07420440018177032
-0.06005007401108742, 0.11304368823766708
0.09300094842910767, 0.03914301097393036
0.1519499272108078, 0.009556750766932964
0.0662599578499794, -0.0380735844373703
0.03795129805803299, -0.05116700381040573
-0.059975553303956985, -0.0928078144788742
