-1.3663315773010254, -0.531397819519043
-1.3433725833892822, -0.48051944375038147
-1.296127200126648, -0.381562739610672
-1.2397340536117554, -0.32090890407562256
-1.2094793319702148, -0.23774753510951996
-1.1488052606582642, -0.14346319437026978
-1.0819464921951294, -0.1470802128314972
-1.0424751043319702, -0.021277137100696564
-1.071316123008728, 0.05533742532134056
-0.9606015086174011, 0.16723023355007172
-0.9727867841720581, 0.3116825222969055
-0.9668564200401306, 0.4045047461986542
-0.909645140171051, 0.4370247423648834
-0.788719654083252, 0.5136918425559998
-0.6846134662628174, 0.5333905220031738
-0.6319609880447388, 0.6165796518325806
-0.5719397664070129, 0.6752960085868835
-0.5030149221420288, 0.7974720001220703
-0.4791215658187866, 0.8270019292831421
-0.4238949418067932, 0.950435221195221
-0.39851295948028564, 0.9944784641265869
-0.3506101965904236, 1.0291153192520142
-0.2600495219230652, 1.1095657348632812
-0.24642018973827362, 1.1447914838790894
-0.20401951670646667, 1.2251994609832764
-0.18020527064800262, 1.2558737993240356
-0.062329500913619995, 1.341077446937561
0.0744229108095169, 1.3811190128326416
0.13058307766914368, 1.3856722116470337
0.2453077882528305, 1.4283958673477173
0.2712786793708801, 1.471943736076355
0.3286612331867218, 1.5396965742111206
0.3633374273777008, 1.6018424034118652
0.43829384446144104, 1.6677134037017822
0.5193051099777222, 1.727073073387146
0.5988715887069702, 1.7358020544052124
0.679291844367981, 1.7341077327728271
0.7304463982582092, 1.7309129238128662
0.7590999007225037, 1.7032928466796875
0.7968989014625549, 1.6449894905090332
0.8795227408409119, 1.6050807237625122
0.9131762385368347, 1.5899702310562134
0.9686769843101501, 1.519068956375122
1.0736961364746094, 1.4224265813827515
1.1071655750274658, 1.4016207456588745
1.1384679079055786, 1.375840663909912
1.1538715362548828, 1.3383005857467651
1.1781678199768066, 1.2106090784072876
1.1214284896850586, 1.1919094324111938
1.1266871690750122, 1.0513534545898438
1.1530035734176636, 1.0072733163833618
1.1642528772354126, 0.862160325050354
1.1661916971206665, 0.7423056960105896
1.192225694656372, 0.7110134959220886
1.1910561323165894, 0.6766214966773987
1.1795463562011719, 0.5305384397506714
1.1920015811920166, 0.49312928318977356
1.1736708879470825, 0.43626847863197327
1.1556788682937622, 0.3163941204547882
1.2051907777786255, 0.27382469177246094
1.2412359714508057, 0.250741571187973
1.26375412940979, 0.200409933924675
1.2677839994430542, 0.1204589307308197
1.2657240629196167, 0.04800700396299362
1.2583633661270142, -0.0693279281258583
1.1882950067520142, -0.1437598019838333
1.1455097198486328, -0.1759163737297058
1.0310786962509155, -0.21075892448425293
0.9926930069923401, -0.21460674703121185
0.8726235032081604, -0.2852230668067932
0.758886992931366, -0.35979968309402466
0.7052903175354004, -0.38769975304603577
0.6210223436355591, -0.44221970438957214
0.5663356184959412, -0.46824681758880615
0.49769091606140137, -0.510262668132782
0.42093971371650696, -0.5792782306671143
0.3707180321216583, -0.671500027179718
0.35846632719039917, -0.7129136919975281
0.3367449641227722, -0.7740016579627991
0.3058328628540039, -0.8215406537055969
0.26035580039024353, -0.8860511779785156
0.20405949652194977, -0.9620540142059326
0.1799079179763794, -1.0557031631469727
0.19127510488033295, -1.1378363370895386
0.12489287555217743, -1.2634178400039673
0.06744653731584549, -1.3486796617507935
0.03835510462522507, -1.3635238409042358
-0.017420032992959023, -1.3896719217300415
-0.05904943495988846, -1.4840701818466187
-0.10852894186973572, -1.5553141832351685
-0.15408267080783844, -1.6842831373214722
-0.17457441985607147, -1.7495356798171997
-0.28341737389564514, -1.8234798908233643
-0.35360413789749146, -1.871954083442688
-0.383238822221756, -1.8877512216567993
-0.46603307127952576, -1.9148204326629639
-0.5570007562637329, -1.9426802396774292
-0.623680591583252, -1.9519685506820679
-0.6485560536384583, -1.9215962886810303
-0.6556471586227417, -1.825951099395752
-0.6879069209098816, -1.69758939743042
-0.7158700823783875, -1.640967607498169
-0.7486051321029663, -1.53464937210083
-0.765010416507721, -1.4849047660827637
-0.804190993309021, -1.3949521780014038
-0.8540971875190735, -1.3443013429641724
-0.8997290730476379, -1.2883505821228027
-0.9101556539535522, -1.2535998821258545
-0.9450374841690063, -1.1643285751342773
-0.976624071598053, -1.0998860597610474
-1.0284698009490967, -1.0103765726089478
-1.0864832401275635, -0.9502368569374084
-1.1542484760284424, -0.8903759121894836
-1.2441765069961548, -0.8056204915046692
-1.2742284536361694, -0.7864673137664795
-1.3597484827041626, -0.7001097202301025
-1.3897879123687744, -0.6701623797416687
-1.4070775508880615, -0.6438307166099548
-1.4070775508880615, -0.6438307166099548
-1.3663315773010254, -0.531397819519043
-0.9668564200401306, 0.4045047461986542
-0.8636183738708496, 0.5162362456321716
0.42093971371650696, -0.5792782306671143
0.19127510488033295, -1.1378363370895386
0.12489287555217743, -1.2634178400039673
-0.17457441985607147, -1.7495356798171997
-0.35360413789749146, -1.871954083442688
-0.383238822221756, -1.8877512216567993
-0.46603307127952576, -1.9148204326629639
-0.5570007562637329, -1.9426802396774292
-0.623680591583252, -1.9519685506820679
-0.6485560536384583, -1.9215962886810303
-0.8636183738708496, 0.5162362456321716
-0.18020527064800262, 1.2558737993240356
-0.062329500913619995, 1.341077446937561
0.5193051099777222, 1.727073073387146
0.5988715887069702, 1.7358020544052124
0.679291844367981, 1.7341077327728271
0.7304463982582092, 1.7309129238128662
0.9131762385368347, 1.5899702310562134
1.1384679079055786, 1.375840663909912
1.1538715362548828, 1.3383005857467651
1.1781678199768066, 1.2106090784072876
1.26375412940979, 0.200409933924675
1.2677839994430542, 0.1204589307308197
1.2657240629196167, 0.04800700396299362
1.2583633661270142, -0.0693279281258583
1.1882950067520142, -0.1437598019838333
1.1455097198486328, -0.1759163737297058
0.42093971371650696, -0.5792782306671143
