-0.33380675315856934, 0.1644759625196457
-0.23213160037994385, 0.18415048718452454
-0.13309425115585327, 0.1917230188846588
-0.07044253498315811, 0.22582827508449554
-0.04695490002632141, 0.24729454517364502
0.04344511777162552, 0.28992509841918945
0.15088942646980286, 0.30307599902153015
0.2567315101623535, 0.3094532787799835
0.2609793245792389, 0.23348034918308258
0.25999414920806885, 0.1937006562948227
0.22786666452884674, 0.07635572552680969
0.233905628323555, -0.04001221805810928
0.33177462220191956, -0.13250885903835297
0.3844970762729645, -0.1819983422756195
0.3588968813419342, -0.2049151360988617
0.22561031579971313, -0.222303569316864
0.126060351729393, -0.2632919251918793
0.05130757391452789, -0.31113529205322266
-0.05736509710550308, -0.33980792760849
-0.09403464198112488, -0.3253612518310547
-0.1440851390361786, -0.237153559923172
-0.17042601108551025, -0.17665927112102509
-0.2292655110359192, -0.08743101358413696
-0.260111004114151, -0.04937593266367912
-0.28492823243141174, -0.00772465392947197
-0.34778735041618347, 0.07839876413345337
-0.3537311255931854, 0.10953003168106079
-0.3537311255931854, 0.10953003168106079
-0.33380675315856934, 0.1644759625196457
0.04344511777162552, 0.28992509841918945
0.15088942646980286, 0.30307599902153015
0.2567315101623535, 0.3094532787799835
0.3844970762729645, -0.1819983422756195
0.3588968813419342, -0.2049151360988617
0.05130757391452789, -0.31113529205322266
-0.05736509710550308, -0.33980792760849
-0.09403464198112488, -0.3253612518310547
-0.34778735041618347, 0.07839876413345337
