-0.04673656076192856, 0.09890932589769363
-0.00944608822464943, 0.08432050794363022
0.06263972818851471, 0.007625278551131487
0.07737927883863449, -0.045318491756916046
0.0638328343629837, -0.08315670490264893
-0.03730364516377449, -0.10370008647441864
-0.05723113566637039, 0.0336826853454113
-0.05723113566637039, 0.0336826853454113
-0.04673656076192856, 0.09890932589769363
-0.00944608822464943, 0.08432050794363022
0.06263972818851471, 0.007625278551131487
0.07737927883863449, -0.045318491756916046
0.0638328343629837, -0.08315670490264893
-0.03730364516377449, -0.10370008647441864
