-0.1157616376876831, 0.061740197241306305
-0.10181072354316711, 0.11586598306894302
-3.9147096686065197E-4, 0.06343048810958862
0.0872373878955841, 0.044395532459020615
0.11369865387678146, 0.02708359993994236
0.21966680884361267, -0.06092663109302521
0.23043759167194366, -0.09699458628892899
0.16801254451274872, -0.05949351564049721
0.14190062880516052, -0.044762641191482544
0.02081083320081234, -0.03309953957796097
-0.07178521901369095, -0.09102381765842438
-0.10004788637161255, -0.10422802716493607
-0.10751866549253464, -0.06928418576717377
-0.1157616376876831, 0.061740197241306305
-0.10181072354316711, 0.11586598306894302
0.0872373878955841, 0.044395532459020615
0.11369865387678146, 0.02708359993994236
0.21966680884361267, -0.06092663109302521
0.23043759167194366, -0.09699458628892899
-0.10004788637161255, -0.10422802716493607
-0.10751866549253464, -0.06928418576717377
