-0.21192291378974915, -0.05697903409600258
-0.10939390957355499, 0.0016911188140511513
-0.09513957053422928, 0.013084963895380497
-0.06153210252523422, 0.04664113372564316
-0.006530611775815487, 0.15387043356895447
0.004884216468781233, 0.21085143089294434
0.008705880492925644, 0.2805652320384979
0.02894342690706253, 0.31221863627433777
0.07019073516130447, 0.2928163409233093
0.19570067524909973, 0.25761842727661133
0.16712041199207306, 0.16551178693771362
0.13959114253520966, 0.08471673727035522
0.10862083733081818, -0.08558087795972824
0.057532139122486115, -0.1888299584388733
-0.028324203565716743, -0.2730465829372406
-0.06995657831430435, -0.2892865538597107
-0.09308084845542908, -0.26544925570487976
-0.17337296903133392, -0.15748471021652222
-0.22949835658073425, -0.1318209171295166
-0.24069903790950775, -0.10067826509475708
-0.24069903790950775, -0.10067826509475708
0.02894342690706253, 0.31221863627433777
0.19570067524909973, 0.25761842727661133
0.10862083733081818, -0.08558087795972824
0.057532139122486115, -0.1888299584388733
-0.028324203565716743, -0.2730465829372406
-0.06995657831430435, -0.2892865538597107
-0.22949835658073425, -0.1318209171295166
