-0.10328415036201477, 0.1809665560722351
-0.032202016562223434, 0.1457829773426056
0.0023460376542061567, 0.11227014660835266
0.07861234992742538, 0.042413368821144104
0.11117823421955109, 0.00664437236264348
0.16525281965732574, -0.11191726475954056
0.10361568629741669, -0.20428892970085144
-0.014652710407972336, -0.13006070256233215
-0.038116488605737686, -0.10744241625070572
-0.05812007188796997, -0.07335835695266724
-0.08663799613714218, -0.020769499242305756
-0.11218807101249695, 0.044414181262254715
-0.16002382338047028, 0.1339603215456009
-0.17475928366184235, 0.18988676369190216
-0.17475928366184235, 0.18988676369190216
-0.10328415036201477, 0.1809665560722351
-0.032202016562223434, 0.1457829773426056
0.07861234992742538, 0.042413368821144104
0.11117823421955109, 0.00664437236264348
0.16525281965732574, -0.11191726475954056
0.10361568629741669, -0.20428892970085144
-0.014652710407972336, -0.13006070256233215
-0.038116488605737686, -0.10744241625070572
-0.05812007188796997, -0.07335835695266724
-0.08663799613714218, -0.020769499242305756
-0.16002382338047028, 0.1339603215456009
