-4.424544811248779, -1.0649170875549316
-4.37086296081543, -1.0092220306396484
-4.269063949584961, -0.949578046798706
-4.238584995269775, -0.9130498170852661
-4.208881855010986, -0.8718904256820679
-4.153648853302002, -0.7756525874137878
-4.109801292419434, -0.7319982051849365
-4.07222843170166, -0.6903925538063049
-3.9990484714508057, -0.6045746803283691
-3.959378480911255, -0.47003117203712463
-3.9547033309936523, -0.4068964123725891
-3.949310064315796, -0.3144693970680237
-3.916290283203125, -0.24501246213912964
-3.8901078701019287, -0.303207129240036
-3.890432834625244, -0.34512022137641907
-3.8883697986602783, -0.5241053104400635
-3.9237582683563232, -0.6009928584098816
-3.9431114196777344, -0.6989493370056152
-3.957028388977051, -0.7440345287322998
-3.9562926292419434, -0.7933325171470642
-3.8867883682250977, -0.8811843395233154
-3.829374074935913, -0.9127198457717896
-3.792372941970825, -0.9269154667854309
-3.716538190841675, -0.9714394807815552
-3.554851531982422, -1.0277587175369263
-3.4480676651000977, -1.067531943321228
-3.329948902130127, -1.1371711492538452
-3.252716302871704, -1.1553841829299927
-3.1889874935150146, -1.1661381721496582
-3.119574785232544, -1.1878875494003296
-3.0015504360198975, -1.2464193105697632
-2.869846820831299, -1.301196575164795
-2.7904441356658936, -1.3381272554397583
-2.7053062915802, -1.3747626543045044
-2.596348524093628, -1.392575740814209
-2.5414295196533203, -1.4465466737747192
-2.459482192993164, -1.4728327989578247
-2.3511581420898438, -1.4256848096847534
-2.2731659412384033, -1.4362246990203857
-2.2109649181365967, -1.4657657146453857
-2.0863683223724365, -1.5231491327285767
-2.034677267074585, -1.4959899187088013
-1.9642423391342163, -1.5220445394515991
-1.8827579021453857, -1.5173707008361816
-1.8519424200057983, -1.5065268278121948
-1.7974082231521606, -1.4977431297302246
-1.7091038227081299, -1.4794968366622925
-1.6413054466247559, -1.4713222980499268
-1.5521272420883179, -1.4576290845870972
-1.4840185642242432, -1.4387717247009277
-1.4066106081008911, -1.4286094903945923
-1.2907965183258057, -1.3955795764923096
-1.2550913095474243, -1.3881884813308716
-1.1540164947509766, -1.3695591688156128
-1.0852807760238647, -1.3449336290359497
-1.0076655149459839, -1.326488733291626
-0.9600364565849304, -1.3195643424987793
-0.8613982796669006, -1.3016778230667114
-0.7973729372024536, -1.2865569591522217
-0.7022117972373962, -1.259339451789856
-0.6257340312004089, -1.2287449836730957
-0.5292389392852783, -1.211653470993042
-0.40361979603767395, -1.1405465602874756
-0.33368760347366333, -1.0663551092147827
-0.2728560268878937, -1.0079354047775269
-0.2165934145450592, -0.9704856276512146
-0.1300671547651291, -0.9286448955535889
-0.07834146171808243, -0.8749426007270813
0.007958613336086273, -0.8283275961875916
0.041378993541002274, -0.7687958478927612
0.09506437927484512, -0.7323143482208252
0.19773729145526886, -0.64033442735672
0.25564974546432495, -0.6068179607391357
0.3251729905605316, -0.5505145192146301
0.38676634430885315, -0.4594586193561554
0.42704853415489197, -0.4047577977180481
0.49927234649658203, -0.2780781686306
0.5399882793426514, -0.22225971519947052
0.5608221292495728, -0.2003553956747055
0.5764538049697876, -0.18158861994743347
0.6313140988349915, -0.08701026439666748
0.6986185312271118, -0.017834318801760674
0.661186695098877, 0.11113594472408295
0.6364185810089111, 0.17326350510120392
0.6409041881561279, 0.2280636727809906
0.6692178249359131, 0.3227849006652832
0.7109726667404175, 0.43526676297187805
0.8170900940895081, 0.5101699233055115
0.8273743987083435, 0.5844787359237671
0.8747841715812683, 0.6598215103149414
0.8432436585426331, 0.7716852426528931
0.8511480093002319, 0.8391352891921997
0.8564896583557129, 0.877552330493927
0.9036543965339661, 1.0066853761672974
0.937645673751831, 1.1176782846450806
0.9397929310798645, 1.228708267211914
0.9361454844474792, 1.3524924516677856
0.9318897724151611, 1.4209195375442505
0.9379525184631348, 1.4747170209884644
0.9442537426948547, 1.575818419456482
0.9453455209732056, 1.6124732494354248
0.958031177520752, 1.749570608139038
0.9620227217674255, 1.8546851873397827
0.971145510673523, 2.001858949661255
0.9831905961036682, 2.0879900455474854
0.9794849157333374, 2.2181217670440674
0.9677615165710449, 2.2551887035369873
0.9499276876449585, 2.3325271606445312
0.9303112030029297, 2.4168107509613037
0.8920109868049622, 2.5762739181518555
0.8583101034164429, 2.693213939666748
0.809529185295105, 2.8331823348999023
0.7760418653488159, 2.941908597946167
0.7665549516677856, 2.9796905517578125
0.7581741809844971, 3.080049991607666
0.7215532064437866, 3.1392126083374023
0.6912594437599182, 3.2265424728393555
0.6503642201423645, 3.3277230262756348
0.632910430431366, 3.413336992263794
0.5957831144332886, 3.5495216846466064
0.5692687034606934, 3.6002840995788574
0.5380865931510925, 3.703723907470703
0.5212212800979614, 3.798845052719116
0.49595773220062256, 3.858755588531494
0.4867851734161377, 3.9019501209259033
0.4800611734390259, 3.9310531616210938
0.46039193868637085, 4.007782936096191
0.42639023065567017, 4.17846155166626
0.3595738112926483, 4.273126602172852
0.38439181447029114, 4.386852741241455
0.3476221263408661, 4.456534385681152
0.3198718726634979, 4.576952934265137
0.2932666540145874, 4.599121570587158
0.2894955277442932, 4.663857936859131
0.22968555986881256, 4.758551597595215
0.19547982513904572, 4.801714897155762
0.16654793918132782, 4.84881067276001
0.15279145538806915, 4.883081912994385
0.07923729717731476, 4.985379695892334
0.03493161499500275, 5.0842719078063965
0.001781764323823154, 5.14381742477417
-0.03270786628127098, 5.22200870513916
-0.06536329537630081, 5.322206020355225
-0.10083503276109695, 5.370079517364502
-0.13530342280864716, 5.420953750610352
-0.1874794065952301, 5.555252552032471
-0.2331417053937912, 5.689328670501709
-0.2481873333454132, 5.75239372253418
-0.27761024236679077, 5.8465352058410645
-0.29590240120887756, 5.91044282913208
-0.2999410331249237, 5.94080924987793
-0.32095715403556824, 6.050747871398926
-0.37349987030029297, 6.206458568572998
-0.39668458700180054, 6.28542423248291
-0.48040640354156494, 6.394815921783447
-0.5065825581550598, 6.514007091522217
-0.502591609954834, 6.636526107788086
-0.509520947933197, 6.675307750701904
-0.5281929969787598, 6.777591228485107
-0.5398874282836914, 6.822811603546143
-0.55478435754776, 6.936041831970215
-0.5282799601554871, 7.07524299621582
-0.53702312707901, 7.1141204833984375
-0.536701500415802, 7.271442890167236
-0.5348788499832153, 7.3348774909973145
-0.5746407508850098, 7.455095291137695
-0.5568610429763794, 7.574155330657959
-0.5595824718475342, 7.60521936416626
-0.5565767884254456, 7.677085876464844
-0.5431941747665405, 7.788455486297607
-0.5386393666267395, 7.862386703491211
-0.5381067991256714, 7.872005939483643
-0.5318090319633484, 8.079754829406738
-0.5171409249305725, 8.201430320739746
-0.513725757598877, 8.271973609924316
-0.4934934079647064, 8.362659454345703
-0.47614648938179016, 8.442961692810059
-0.43935418128967285, 8.558209419250488
-0.4368244707584381, 8.604095458984375
-0.428341269493103, 8.658849716186523
-0.4093971252441406, 8.746562957763672
-0.38968101143836975, 8.858246803283691
-0.38164663314819336, 8.967330932617188
-0.3743972182273865, 9.086613655090332
-0.37978556752204895, 9.201469421386719
-0.3848312497138977, 9.257295608520508
-0.38530805706977844, 9.333627700805664
-0.3724678158760071, 9.461882591247559
-0.37159672379493713, 9.534043312072754
-0.32933905720710754, 9.609682083129883
-0.3481598496437073, 9.692562103271484
-0.3575369715690613, 9.726264953613281
-0.359508752822876, 9.845172882080078
-0.34731823205947876, 9.888081550598145
-0.31850236654281616, 9.959794998168945
-0.23570580780506134, 10.009537696838379
-0.2148706316947937, 9.968361854553223
-0.19586093723773956, 9.914933204650879
-0.17763900756835938, 9.858221054077148
-0.12458119541406631, 9.667699813842773
-0.09770317375659943, 9.595365524291992
-0.078203946352005, 9.52696418762207
-0.0603896901011467, 9.440140724182129
-0.04347480461001396, 9.374829292297363
-0.01335833128541708, 9.297102928161621
0.0011585995089262724, 9.255965232849121
0.020094985142350197, 9.18665885925293
0.03930142521858215, 9.13943099975586
0.08122599869966507, 9.059989929199219
0.14930227398872375, 8.99335765838623
0.15112479031085968, 8.875539779663086
0.14436326920986176, 8.758039474487305
0.14226116240024567, 8.656172752380371
0.15837089717388153, 8.559197425842285
0.16617678105831146, 8.45162582397461
0.17946411669254303, 8.364585876464844
0.21201568841934204, 8.302980422973633
0.2200390100479126, 8.245870590209961
0.2167327105998993, 8.175162315368652
0.21014973521232605, 8.031967163085938
0.1988658756017685, 7.983922958374023
0.1944073587656021, 7.878792762756348
0.19791914522647858, 7.787716388702393
0.1969546228647232, 7.730269432067871
0.18808959424495697, 7.670441150665283
0.1817632019519806, 7.564244747161865
0.1872652918100357, 7.461705684661865
0.18436014652252197, 7.397644519805908
0.1751088798046112, 7.3116374015808105
0.17831850051879883, 7.209966659545898
0.16300323605537415, 6.985597133636475
0.1603364497423172, 6.873988151550293
0.16805599629878998, 6.7624945640563965
0.18592503666877747, 6.713221549987793
0.20272648334503174, 6.604249477386475
0.21215078234672546, 6.54632043838501
0.23785020411014557, 6.415270805358887
0.25253525376319885, 6.305088043212891
0.26152777671813965, 6.238649368286133
0.29193833470344543, 6.098144054412842
0.31439340114593506, 6.00044584274292
0.345722496509552, 5.866606712341309
0.3849122226238251, 5.759950637817383
0.3979816436767578, 5.714596748352051
0.4472714364528656, 5.579687118530273
0.4546070098876953, 5.538346767425537
0.4656984806060791, 5.487346649169922
0.5234946608543396, 5.383575916290283
0.5731400847434998, 5.3099517822265625
0.5901129841804504, 5.257046699523926
0.6370062828063965, 5.153095245361328
0.6608115434646606, 5.087282180786133
0.7023734450340271, 4.993227005004883
0.7321912050247192, 4.931564807891846
0.7847800254821777, 4.825345993041992
0.8243904709815979, 4.721203804016113
0.8603317737579346, 4.642014503479004
0.9183946847915649, 4.537230014801025
0.9419080018997192, 4.503045558929443
0.9828219413757324, 4.400146961212158
1.003859043121338, 4.359227657318115
1.0666292905807495, 4.254421710968018
1.0741865634918213, 4.135799884796143
1.114766240119934, 4.0236616134643555
1.124785304069519, 3.9811313152313232
1.1347508430480957, 3.898470640182495
1.15615975856781, 3.7710301876068115
1.1802946329116821, 3.6735308170318604
1.2060633897781372, 3.543121099472046
1.2129613161087036, 3.4683306217193604
1.2478021383285522, 3.353282928466797
1.2539117336273193, 3.31005597114563
1.246616244316101, 3.2387847900390625
1.2891994714736938, 3.1447126865386963
1.300233244895935, 3.109102725982666
1.3855565786361694, 2.7965340614318848
1.4094609022140503, 2.660146713256836
1.4523228406906128, 2.5887248516082764
1.4681882858276367, 2.5216002464294434
1.4693348407745361, 2.474942207336426
1.5143531560897827, 2.3753068447113037
1.539802074432373, 2.2889180183410645
1.5388544797897339, 2.2349350452423096
1.5522047281265259, 2.130276918411255
1.5595483779907227, 2.099026679992676
1.5872876644134521, 1.9894105195999146
1.600058674812317, 1.920494794845581
1.6049164533615112, 1.8619158267974854
1.6320337057113647, 1.747559666633606
1.676073670387268, 1.6450778245925903
1.6905741691589355, 1.5736085176467896
1.72110116481781, 1.4397590160369873
1.7268909215927124, 1.331263780593872
1.7426068782806396, 1.2743721008300781
1.748610258102417, 1.1668274402618408
1.7640058994293213, 1.0866131782531738
1.7603096961975098, 0.9578730463981628
1.7639859914779663, 0.9184489250183105
1.8200432062149048, 0.6471028327941895
1.8492777347564697, 0.5803480744361877
1.8556326627731323, 0.514940619468689
1.858465313911438, 0.4597952663898468
1.8616472482681274, 0.41024091839790344
1.8731707334518433, 0.3099439740180969
1.8729990720748901, 0.16049326956272125
1.8773534297943115, 0.12011846899986267
1.8779218196868896, 0.08040382713079453
1.8747035264968872, -0.06867394596338272
1.8808069229125977, -0.11503493785858154
1.8814302682876587, -0.22079560160636902
1.882360816001892, -0.3579356074333191
1.8841683864593506, -0.40326425433158875
1.867567777633667, -0.48650529980659485
1.8763015270233154, -0.5686568021774292
1.8986377716064453, -0.6569181680679321
1.9263787269592285, -0.7540284991264343
1.942455530166626, -0.8304741978645325
1.9658546447753906, -0.9115506410598755
1.991426706314087, -1.0088149309158325
2.119096279144287, -1.078574538230896
2.205514430999756, -1.0860772132873535
2.3118622303009033, -1.1016433238983154
2.3807179927825928, -1.1135458946228027
2.424651861190796, -1.1166197061538696
2.421308994293213, -1.2235679626464844
2.4229719638824463, -1.3378857374191284
2.419989585876465, -1.4002857208251953
2.418318510055542, -1.5148730278015137
2.4223365783691406, -1.5770926475524902
2.424966812133789, -1.6780833005905151
2.424607992172241, -1.808213710784912
2.446706771850586, -1.937172532081604
2.4407765865325928, -1.9682364463806152
2.457322120666504, -2.0947811603546143
2.469273567199707, -2.20861554145813
2.4674394130706787, -2.2462708950042725
2.458491086959839, -2.3172383308410645
2.476393938064575, -2.4210760593414307
2.475234031677246, -2.579817533493042
2.380394458770752, -2.627302885055542
2.2921106815338135, -2.667224407196045
2.198739528656006, -2.7193257808685303
2.1202080249786377, -2.7661640644073486
2.0069591999053955, -2.8248257637023926
1.9610567092895508, -2.8419129848480225
1.859704852104187, -2.9105002880096436
1.7876582145690918, -2.9468820095062256
1.727604627609253, -2.98252010345459
1.6845273971557617, -2.9914963245391846
1.599021315574646, -3.023613929748535
1.5331193208694458, -3.074892044067383
1.505793571472168, -3.104971408843994
1.3778049945831299, -3.1666059494018555
1.2846219539642334, -3.2217636108398438
1.197076678276062, -3.2748513221740723
1.124521255493164, -3.312760591506958
1.0354431867599487, -3.360598087310791
0.9421828389167786, -3.4142072200775146
0.8252039551734924, -3.531501054763794
0.7951353788375854, -3.538813591003418
0.7305084466934204, -3.554868698120117
0.6928966641426086, -3.561420202255249
0.6006917357444763, -3.5733461380004883
0.5013760328292847, -3.6133475303649902
0.42163312435150146, -3.658526659011841
0.3515661358833313, -3.701079845428467
0.2806262969970703, -3.7493743896484375
0.23868529498577118, -3.7757327556610107
0.13446207344532013, -3.842529296875
0.04271283373236656, -3.9034667015075684
0.004929875023663044, -3.929142713546753
-0.053731612861156464, -3.966067314147949
-0.16299325227737427, -4.028588771820068
-0.3000450134277344, -4.11863374710083
-0.4255286157131195, -4.18540620803833
-0.5225411057472229, -4.226062297821045
-0.5702105164527893, -4.246708393096924
-0.6055992245674133, -4.261153221130371
-0.6582842469215393, -4.2483062744140625
-0.759776771068573, -4.173503875732422
-0.8211249709129333, -4.112600326538086
-0.9110926389694214, -4.049935340881348
-0.9897388815879822, -3.9846625328063965
-1.0790683031082153, -3.9013965129852295
-1.1186902523040771, -3.8759379386901855
-1.1623365879058838, -3.8386778831481934
-1.2268365621566772, -3.7743172645568848
-1.2190459966659546, -3.7106592655181885
-1.2057850360870361, -3.6350178718566895
-1.2063202857971191, -3.5073130130767822
-1.20051109790802, -3.4423158168792725
-1.1963564157485962, -3.358088493347168
-1.2378737926483154, -3.2500555515289307
-1.299923062324524, -3.2323968410491943
-1.3598461151123047, -3.2039265632629395
-1.3963903188705444, -3.1922357082366943
-1.4911545515060425, -3.152560234069824
-1.5959208011627197, -3.105020761489868
-1.693814992904663, -3.069389820098877
-1.842751383781433, -2.999629259109497
-1.9171241521835327, -2.9813072681427
-2.042890787124634, -2.932082414627075
-2.12076997756958, -2.894979238510132
-2.217724323272705, -2.851351737976074
-2.271130084991455, -2.8326919078826904
-2.335181713104248, -2.772608757019043
-2.368842363357544, -2.7439637184143066
-2.4829697608947754, -2.6981775760650635
-2.5372517108917236, -2.691715717315674
-2.652198076248169, -2.6883208751678467
-2.7568180561065674, -2.6806979179382324
-2.8397164344787598, -2.653721809387207
-2.9087719917297363, -2.6537928581237793
-2.9544565677642822, -2.6644933223724365
-3.0416438579559326, -2.67121958732605
-3.1208300590515137, -2.6923961639404297
-3.1982944011688232, -2.7174465656280518
-3.255948543548584, -2.7148964405059814
-3.286761999130249, -2.643868923187256
-3.294832229614258, -2.581690549850464
-3.2934043407440186, -2.4995691776275635
-3.2961668968200684, -2.443122625350952
-3.302082061767578, -2.3819169998168945
-3.3011653423309326, -2.3438494205474854
-3.325000286102295, -2.2260100841522217
-3.35917329788208, -2.15653395652771
-3.4670252799987793, -1.9124560356140137
-3.495079755783081, -1.8159343004226685
-3.522361993789673, -1.7480336427688599
-3.5885329246520996, -1.6144678592681885
-3.661238431930542, -1.5463346242904663
-3.7427010536193848, -1.4986492395401
-3.780202627182007, -1.4678782224655151
-3.876009702682495, -1.3816180229187012
-3.929129123687744, -1.3426594734191895
-4.0101847648620605, -1.308843970298767
-4.048011302947998, -1.2969675064086914
-4.127941608428955, -1.2496283054351807
-4.251903533935547, -1.1911593675613403
-4.317323207855225, -1.1899439096450806
-4.457748889923096, -1.1565065383911133
-4.526288032531738, -1.149774193763733
-0.5229942798614502, 6.65770149230957
0.16805599629878998, 6.7624945640563965
0.18592503666877747, 6.713221549987793
0.7798385620117188, 4.835326671600342
0.2894955277442932, 4.663857936859131
0.19547982513904572, 4.801714897155762
0.07923729717731476, 4.985379695892334
-0.13530342280864716, 5.420953750610352
-0.1874794065952301, 5.555252552032471
-0.48040640354156494, 6.394815921783447
-0.5065825581550598, 6.514007091522217
-0.5746407508850098, 7.455095291137695
-0.5318090319633484, 8.079754829406738
-0.513725757598877, 8.271973609924316
-0.359508752822876, 9.845172882080078
-0.34731823205947876, 9.888081550598145
-0.31850236654281616, 9.959794998168945
-0.23570580780506134, 10.009537696838379
-0.2148706316947937, 9.968361854553223
0.14930227398872375, 8.99335765838623
0.2200390100479126, 8.245870590209961
0.16805599629878998, 6.7624945640563965
-0.5229942798614502, 6.65770149230957
-0.55478435754776, 6.936041831970215
0.2894955277442932, 4.663857936859131
0.7798385620117188, 4.835326671600342
0.7847800254821777, 4.825345993041992
1.0666292905807495, 4.254421710968018
1.531351923942566, 2.31760311126709
0.9794849157333374, 2.2181217670440674
0.9677615165710449, 2.2551887035369873
0.3595738112926483, 4.273126602172852
0.2932666540145874, 4.599121570587158
0.8432436585426331, 0.7716852426528931
0.9794849157333374, 2.2181217670440674
1.531351923942566, 2.31760311126709
1.539802074432373, 2.2889180183410645
1.72110116481781, 1.4397590160369873
1.8492777347564697, 0.5803480744361877
1.8556326627731323, 0.514940619468689
1.8575422763824463, 0.4926188588142395
0.8747841715812683, 0.6598215103149414
0.6364185810089111, 0.17326350510120392
0.6409041881561279, 0.2280636727809906
0.6692178249359131, 0.3227849006652832
0.7109726667404175, 0.43526676297187805
0.8747841715812683, 0.6598215103149414
1.8575422763824463, 0.4926188588142395
1.8731707334518433, 0.3099439740180969
1.8773534297943115, 0.12011846899986267
1.8808069229125977, -0.11503493785858154
1.8841683864593506, -0.40326425433158875
1.8724079132080078, -0.4622350335121155
0.6986185312271118, -0.017834318801760674
-1.2268365621566772, -3.7743172645568848
-1.220071792602539, -3.719041109085083
1.991426706314087, -1.0088149309158325
2.424651861190796, -1.1166197061538696
2.469273567199707, -2.20861554145813
2.476393938064575, -2.4210760593414307
2.475234031677246, -2.579817533493042
0.8252039551734924, -3.531501054763794
-0.4255286157131195, -4.18540620803833
-0.5702105164527893, -4.246708393096924
-0.6055992245674133, -4.261153221130371
-0.6582842469215393, -4.2483062744140625
-0.759776771068573, -4.173503875732422
-0.9110926389694214, -4.049935340881348
-0.9897388815879822, -3.9846625328063965
-1.1186902523040771, -3.8759379386901855
-1.1623365879058838, -3.8386778831481934
-4.31673002243042, -1.2536183595657349
-3.8867883682250977, -0.8811843395233154
-3.119574785232544, -1.1878875494003296
-3.084434986114502, -1.2053142786026
-3.5885329246520996, -1.6144678592681885
-4.526288032531738, -1.149774193763733
-3.916290283203125, -0.24501246213912964
-3.8901078701019287, -0.303207129240036
-3.8883697986602783, -0.5241053104400635
-3.8867883682250977, -0.8811843395233154
-4.31673002243042, -1.2536183595657349
-3.5885329246520996, -1.6144678592681885
-3.084434986114502, -1.2053142786026
-2.2731659412384033, -1.4362246990203857
-2.1621205806732178, -1.488261103630066
-2.4829697608947754, -2.6981775760650635
-3.1982944011688232, -2.7174465656280518
-3.255948543548584, -2.7148964405059814
-3.286761999130249, -2.643868923187256
-0.5292389392852783, -1.211653470993042
-0.2728560268878937, -1.0079354047775269
-0.07834146171808243, -0.8749426007270813
-0.06207626685500145, -0.8661569356918335
-0.4178854525089264, -1.5875507593154907
-2.4829697608947754, -2.6981775760650635
-2.1621205806732178, -1.488261103630066
-0.5292389392852783, -1.211653470993042
-0.4178854525089264, -1.5875507593154907
-1.2378737926483154, -3.2500555515289307
-1.299923062324524, -3.2323968410491943
-2.042890787124634, -2.932082414627075
-2.271130084991455, -2.8326919078826904
-1.2378737926483154, -3.2500555515289307
-0.06207626685500145, -0.8661569356918335
0.6313140988349915, -0.08701026439666748
0.6986185312271118, -0.017834318801760674
1.8724079132080078, -0.4622350335121155
1.991426706314087, -1.0088149309158325
-1.220071792602539, -3.719041109085083
