-0.15152446925640106, 0.4437181353569031
-0.11073263734579086, 0.43393605947494507
-0.09930077195167542, 0.4024817645549774
-0.07340139895677567, 0.33676573634147644
0.017525188624858856, 0.25161752104759216
0.15281812846660614, 0.2734413743019104
0.24392902851104736, 0.3553098440170288
0.2494165003299713, 0.39014360308647156
0.2831041216850281, 0.4197143614292145
0.34293198585510254, 0.4641914963722229
0.36614206433296204, 0.4843180179595947
0.41762787103652954, 0.4663146138191223
0.4340769946575165, 0.42191025614738464
0.3649059236049652, 0.30817025899887085
0.3055133521556854, 0.22374339401721954
0.28064221143722534, 0.200805202126503
0.2620617151260376, 0.1821458786725998
0.2404002547264099, 0.1597975194454193
0.19364680349826813, 0.11802998930215836
0.07604127377271652, 0.15995265543460846
0.04174824431538582, 0.15162940323352814
-0.049389325082302094, 0.07486669719219208
-0.05050821974873543, 0.007318304385989904
-0.04850970208644867, -0.016644271090626717
-0.016670146957039833, -0.10308510810136795
-0.005832398310303688, -0.2038806974887848
0.00560168968513608, -0.30027806758880615
0.11327061057090759, -0.3475970923900604
0.09751260280609131, -0.4130365550518036
0.022538943216204643, -0.5501886010169983
-0.03521018847823143, -0.6105457544326782
-0.0809314027428627, -0.5608586668968201
-0.12684491276741028, -0.4861416518688202
-0.1769157499074936, -0.28969770669937134
-0.1774034947156906, -0.18928717076778412
-0.17571097612380981, -0.11663379520177841
-0.17592543363571167, -0.09803023934364319
-0.1926102191209793, 0.04500360041856766
-0.1853777915239334, 0.08816666901111603
-0.17726583778858185, 0.16498638689517975
-0.17696194350719452, 0.26752030849456787
-0.2118794023990631, 0.3986450731754303
0.017525188624858856, 0.25161752104759216
0.36614206433296204, 0.4843180179595947
0.41762787103652954, 0.4663146138191223
0.4340769946575165, 0.42191025614738464
0.3649059236049652, 0.30817025899887085
0.3055133521556854, 0.22374339401721954
0.2404002547264099, 0.1597975194454193
0.19364680349826813, 0.11802998930215836
0.02638217620551586, 0.13868696987628937
-0.2118794023990631, 0.3986450731754303
-0.15152446925640106, 0.4437181353569031
-0.11073263734579086, 0.43393605947494507
0.017525188624858856, 0.25161752104759216
0.11327061057090759, -0.3475970923900604
0.09751260280609131, -0.4130365550518036
0.022538943216204643, -0.5501886010169983
-0.03521018847823143, -0.6105457544326782
-0.0809314027428627, -0.5608586668968201
-0.12684491276741028, -0.4861416518688202
-0.1769157499074936, -0.28969770669937134
