-0.0562751479446888, 0.04657113179564476
0.04619711637496948, 0.0704018697142601
0.07339675724506378, 0.05700245872139931
0.06557656079530716, 0.009489492513239384
0.05227648839354515, -0.032717764377593994
0.031444039195775986, -0.0842345580458641
-0.07479892671108246, -0.05553809553384781
-0.09528910368680954, 0.0024504163302481174
-0.09528910368680954, 0.0024504163302481174
-0.0562751479446888, 0.04657113179564476
0.04619711637496948, 0.0704018697142601
0.07339675724506378, 0.05700245872139931
0.06557656079530716, 0.009489492513239384
0.05227648839354515, -0.032717764377593994
0.031444039195775986, -0.0842345580458641
-0.07479892671108246, -0.05553809553384781
