-1.4890732765197754, -0.5813416838645935
-1.4618803262710571, -0.5332955718040466
-1.4524482488632202, -0.43375635147094727
-1.3926793336868286, -0.3984261155128479
-1.3111191987991333, -0.3357149362564087
-1.273017406463623, -0.2914336621761322
-1.1886780261993408, -0.1785111427307129
-1.1442902088165283, -0.10794118046760559
-1.0845879316329956, -0.02540091797709465
-1.0358878374099731, 0.04900246113538742
-1.0081769227981567, 0.10468965023756027
-0.9700695276260376, 0.16425317525863647
-0.8770601749420166, 0.26675304770469666
-0.7896983027458191, 0.3399274945259094
-0.7617341876029968, 0.36492082476615906
-0.6987102031707764, 0.4185163676738739
-0.6674702167510986, 0.4370364546775818
-0.5373350381851196, 0.4723718464374542
-0.4380858838558197, 0.5479404330253601
-0.4204561710357666, 0.6069720983505249
-0.40683841705322266, 0.6443076729774475
-0.35100695490837097, 0.7566736936569214
-0.33370596170425415, 0.7826837301254272
-0.30748245120048523, 0.8202890157699585
-0.2618338465690613, 0.9193282723426819
-0.19460920989513397, 1.0250309705734253
-0.1421802043914795, 1.1309939622879028
-0.05321454629302025, 1.248832106590271
0.10239934176206589, 1.5097934007644653
0.1902134120464325, 1.6309354305267334
0.24334079027175903, 1.7043768167495728
0.2679002583026886, 1.7253183126449585
0.31088775396347046, 1.7537806034088135
0.3886127769947052, 1.8585540056228638
0.35780614614486694, 1.940741777420044
0.46422791481018066, 2.2111923694610596
0.506965160369873, 2.324575901031494
0.5668225288391113, 2.451977014541626
0.582106351852417, 2.5040690898895264
0.6324365735054016, 2.6131410598754883
0.6458497643470764, 2.698392868041992
0.691413402557373, 2.7818009853363037
0.7470443844795227, 2.9140655994415283
0.7848902940750122, 2.9496376514434814
0.8266574740409851, 2.984931468963623
0.8774489164352417, 2.983351230621338
0.8941646814346313, 2.9550399780273438
0.9074978232383728, 2.9004788398742676
0.8856069445610046, 2.8500564098358154
0.8451634049415588, 2.7345852851867676
0.8229019045829773, 2.621846914291382
0.8151400685310364, 2.5640270709991455
0.8098300099372864, 2.5061771869659424
0.7773798704147339, 2.377146005630493
0.7617389559745789, 2.3259546756744385
0.734039306640625, 2.194289207458496
0.7335965037345886, 2.1530985832214355
0.7263045310974121, 2.1233556270599365
0.7001477479934692, 2.002528429031372
0.685692310333252, 1.9097743034362793
0.6638475060462952, 1.8367607593536377
0.6046546101570129, 1.739046573638916
0.5934883952140808, 1.6966536045074463
0.548588216304779, 1.5818873643875122
0.578490674495697, 1.5271806716918945
0.5940043926239014, 1.4887402057647705
0.5976709723472595, 1.4813653230667114
0.637925386428833, 1.4098548889160156
0.6617204546928406, 1.37862229347229
0.6807258725166321, 1.3266830444335938
0.7527796626091003, 1.2271920442581177
0.834236741065979, 1.193033218383789
0.941967785358429, 1.1355113983154297
0.9905897974967957, 1.1250792741775513
1.137808918952942, 1.1294509172439575
1.2486616373062134, 1.1573776006698608
1.295346975326538, 1.155704140663147
1.337924838066101, 1.1394785642623901
1.34348726272583, 1.0929619073867798
1.3315703868865967, 1.0550897121429443
1.3119724988937378, 1.0125172138214111
1.2946505546569824, 0.9623132944107056
1.2819000482559204, 0.8272422552108765
1.2810941934585571, 0.8071863651275635
1.2809075117111206, 0.7210738062858582
1.2839839458465576, 0.6782650351524353
1.2568168640136719, 0.6037346720695496
1.2310669422149658, 0.4767940640449524
1.2083795070648193, 0.4011554419994354
1.1659998893737793, 0.3318101167678833
1.0798544883728027, 0.2242508977651596
1.050409197807312, 0.15484949946403503
0.9752954840660095, 0.07261963188648224
0.9579406380653381, 0.022236106917262077
0.9726321697235107, -0.1148875430226326
0.9304574728012085, -0.20897847414016724
0.8588554263114929, -0.3102509081363678
0.8423061370849609, -0.34016162157058716
0.8087138533592224, -0.3777538239955902
0.7390273213386536, -0.5060640573501587
0.7349423766136169, -0.5362774729728699
0.7035335302352905, -0.5737318396568298
0.6349253058433533, -0.6419655084609985
0.6146886348724365, -0.7048718929290771
0.5001392960548401, -0.8489612936973572
0.4485350549221039, -0.9107367992401123
0.4079623222351074, -1.0107922554016113
0.3610987663269043, -1.1132458448410034
0.3349604308605194, -1.1596379280090332
0.28854891657829285, -1.2189160585403442
0.24667225778102875, -1.2584749460220337
0.19531871378421783, -1.3417372703552246
0.12881220877170563, -1.4300960302352905
0.027016323059797287, -1.5278998613357544
-0.002778752474114299, -1.6180369853973389
-0.005323669407516718, -1.761025309562683
0.038077980279922485, -1.7925866842269897
-0.03502922132611275, -1.8215008974075317
-0.09900020062923431, -1.8435946702957153
-0.15212318301200867, -1.8679585456848145
-0.21320179104804993, -1.9762554168701172
-0.2801792621612549, -2.0763754844665527
-0.30352550745010376, -2.12395977973938
-0.3725926876068115, -2.2316813468933105
-0.39878717064857483, -2.276956796646118
-0.4158940613269806, -2.306999683380127
-0.42982929944992065, -2.26284122467041
-0.4504190683364868, -2.119138240814209
-0.44844862818717957, -2.085322856903076
-0.45171189308166504, -1.9992694854736328
-0.4531819224357605, -1.9756965637207031
-0.5477713346481323, -1.864627718925476
-0.568200945854187, -1.835544228553772
-0.6159074306488037, -1.7591500282287598
-0.6934158802032471, -1.628147006034851
-0.7181645631790161, -1.5994277000427246
-0.8012932538986206, -1.5065537691116333
-0.8528322577476501, -1.4376046657562256
-0.9499271512031555, -1.336319923400879
-0.9712409377098083, -1.296197772026062
-1.0601760149002075, -1.2097358703613281
-1.1201825141906738, -1.1372240781784058
-1.2101068496704102, -1.0365487337112427
-1.2764580249786377, -0.9650958776473999
-1.3583260774612427, -0.8674758672714233
-1.4020237922668457, -0.8248441219329834
-1.4246166944503784, -0.797248363494873
-1.4760793447494507, -0.7055814266204834
-1.5192400217056274, -0.6148459911346436
0.35780614614486694, 1.940741777420044
0.6458497643470764, 2.698392868041992
0.7470443844795227, 2.9140655994415283
0.7848902940750122, 2.9496376514434814
0.8266574740409851, 2.984931468963623
0.8774489164352417, 2.983351230621338
0.8941646814346313, 2.9550399780273438
0.9074978232383728, 2.9004788398742676
0.685692310333252, 1.9097743034362793
0.6638475060462952, 1.8367607593536377
0.6090756058692932, 1.7463446855545044
0.3886127769947052, 1.8585540056228638
-0.03389579430222511, 0.2823907732963562
0.7527796626091003, 1.2271920442581177
1.295346975326538, 1.155704140663147
1.337924838066101, 1.1394785642623901
1.34348726272583, 1.0929619073867798
1.2839839458465576, 0.6782650351524353
1.2310669422149658, 0.4767940640449524
1.2083795070648193, 0.4011554419994354
0.9304574728012085, -0.20897847414016724
0.8618057370185852, -0.3060780465602875
-0.4380858838558197, 0.5479404330253601
-0.4204561710357666, 0.6069720983505249
-0.40683841705322266, 0.6443076729774475
-0.35100695490837097, 0.7566736936569214
-0.2618338465690613, 0.9193282723426819
-0.1421802043914795, 1.1309939622879028
0.10239934176206589, 1.5097934007644653
0.24334079027175903, 1.7043768167495728
0.3886127769947052, 1.8585540056228638
0.6090756058692932, 1.7463446855545044
0.7527796626091003, 1.2271920442581177
-0.03389579430222511, 0.2823907732963562
-1.5192400217056274, -0.6148459911346436
-1.4524482488632202, -0.43375635147094727
-0.9700695276260376, 0.16425317525863647
-0.8770601749420166, 0.26675304770469666
-0.7617341876029968, 0.36492082476615906
-0.6987102031707764, 0.4185163676738739
-0.6674702167510986, 0.4370364546775818
-0.4380858838558197, 0.5479404330253601
0.8618057370185852, -0.3060780465602875
0.7349423766136169, -0.5362774729728699
0.1659744828939438, -1.5620145797729492
-0.4531819224357605, -1.9756965637207031
-0.5477713346481323, -1.864627718925476
-1.4020237922668457, -0.8248441219329834
-1.4246166944503784, -0.797248363494873
-1.4760793447494507, -0.7055814266204834
-0.4531819224357605, -1.9756965637207031
0.1659744828939438, -1.5620145797729492
0.038077980279922485, -1.7925866842269897
-0.4158940613269806, -2.306999683380127
-0.42982929944992065, -2.26284122467041
-0.4504190683364868, -2.119138240814209
