-0.6260082721710205, 0.26918044686317444
-0.5649667382240295, 0.2724587619304657
-0.4355410933494568, 0.2955273985862732
-0.37621116638183594, 0.324552983045578
-0.3214733302593231, 0.3328865170478821
-0.20896530151367188, 0.34583136439323425
-0.08353101462125778, 0.36196765303611755
-0.05019452050328255, 0.37359189987182617
0.032207097858190536, 0.37105944752693176
0.13292910158634186, 0.3577926754951477
0.1717711240053177, 0.32440072298049927
0.19792479276657104, 0.293425053358078
0.2997080981731415, 0.10135885328054428
0.3229927718639374, 0.04868169128894806
0.3353799879550934, 0.026664840057492256
0.37457358837127686, -0.03634914755821228
0.4617089629173279, -0.0886949896812439
0.5600126385688782, -0.1455824375152588
0.6345449686050415, -0.19202108681201935
0.6932774782180786, -0.23669366538524628
0.7077000737190247, -0.269624263048172
0.6588382124900818, -0.26436319947242737
0.5765929818153381, -0.2640693485736847
0.47466427087783813, -0.2807866334915161
0.40570953488349915, -0.3183947205543518
0.35256248712539673, -0.3011952042579651
0.21337400376796722, -0.2745388448238373
0.13398829102516174, -0.27691248059272766
0.003685900242999196, -0.31634026765823364
-0.03941931203007698, -0.33062034845352173
-0.07150629907846451, -0.3416929244995117
-0.15802526473999023, -0.35723844170570374
-0.25578194856643677, -0.33356478810310364
-0.3405784070491791, -0.292385071516037
-0.25473445653915405, -0.2731420397758484
-0.22101423144340515, -0.21684423089027405
-0.31003499031066895, -0.1322803497314453
-0.32657021284103394, -0.12071318179368973
-0.41892075538635254, -0.0916244313120842
-0.4484182596206665, -0.07808441668748856
-0.4783984124660492, -0.024302294477820396
-0.4682997763156891, 0.11096315085887909
-0.5130877494812012, 0.17579589784145355
-0.5946892499923706, 0.21802522242069244
-0.6260082721710205, 0.26918044686317444
-0.37621116638183594, 0.324552983045578
-0.3214733302593231, 0.3328865170478821
-0.05019452050328255, 0.37359189987182617
0.032207097858190536, 0.37105944752693176
0.13292910158634186, 0.3577926754951477
0.1717711240053177, 0.32440072298049927
0.6932774782180786, -0.23669366538524628
0.7077000737190247, -0.269624263048172
0.40570953488349915, -0.3183947205543518
-0.15802526473999023, -0.35723844170570374
-0.25578194856643677, -0.33356478810310364
-0.3405784070491791, -0.292385071516037
-0.4783984124660492, -0.024302294477820396
