-0.15910086035728455, 0.17127810418605804
-0.07977750897407532, 0.1792905181646347
-0.011947901919484138, 0.12576884031295776
0.035230156034231186, 0.022116629406809807
0.08254864066839218, 0.0041176495142281055
0.14742930233478546, -0.05830113962292671
0.1757374405860901, -0.1328633427619934
0.15183499455451965, -0.17012742161750793
0.11686897277832031, -0.1688227355480194
0.023931991308927536, -0.12537017464637756
-0.08099005371332169, -0.06217731162905693
-0.15924997627735138, 0.07654322683811188
-0.185260608792305, 0.14859704673290253
-0.185260608792305, 0.14859704673290253
-0.15910086035728455, 0.17127810418605804
-0.07977750897407532, 0.1792905181646347
-0.011947901919484138, 0.12576884031295776
0.14742930233478546, -0.05830113962292671
0.1757374405860901, -0.1328633427619934
0.15183499455451965, -0.17012742161750793
0.11686897277832031, -0.1688227355480194
0.023931991308927536, -0.12537017464637756
-0.08099005371332169, -0.06217731162905693
-0.15924997627735138, 0.07654322683811188
