-0.10336320847272873, -0.0017494844505563378
-0.00616795988753438, 0.08362990617752075
0.05116759613156319, 0.113848477602005
0.09836754202842712, 0.12462976574897766
0.11777230352163315, 0.05945448577404022
0.12785427272319794, -0.0048920633271336555
0.05098661035299301, -0.04843025282025337
-0.007674417924135923, -0.07686015963554382
-0.058867331594228745, -0.09330032765865326
-0.11998896300792694, -0.08397183567285538
-0.13823895156383514, -0.03544117510318756
-0.13823895156383514, -0.03544117510318756
-0.10336320847272873, -0.0017494844505563378
-0.00616795988753438, 0.08362990617752075
0.05116759613156319, 0.113848477602005
0.09836754202842712, 0.12462976574897766
0.11777230352163315, 0.05945448577404022
0.12785427272319794, -0.0048920633271336555
0.05098661035299301, -0.04843025282025337
-0.007674417924135923, -0.07686015963554382
-0.058867331594228745, -0.09330032765865326
-0.11998896300792694, -0.08397183567285538
