-0.12887145578861237, 0.015746332705020905
-0.01294597890228033, 0.062343038618564606
0.01354632992297411, 0.08459693938493729
0.08466771245002747, 0.10986169427633286
0.11623506247997284, -0.0389493890106678
0.086469367146492, -0.06173870712518692
0.016442708671092987, -0.07715984433889389
-0.031905654817819595, -0.0773310586810112
-0.14510640501976013, -0.039884839206933975
-0.15718117356300354, -0.005235176533460617
-0.15718117356300354, -0.005235176533460617
-0.12887145578861237, 0.015746332705020905
0.01354632992297411, 0.08459693938493729
0.08466771245002747, 0.10986169427633286
0.11623506247997284, -0.0389493890106678
0.086469367146492, -0.06173870712518692
0.016442708671092987, -0.07715984433889389
-0.031905654817819595, -0.0773310586810112
-0.14510640501976013, -0.039884839206933975
