-0.08561082184314728, 0.09659767150878906
0.05229085311293602, 0.04884175956249237
0.08788538724184036, 0.008209669962525368
0.099147267639637, -0.06321091204881668
0.051935575902462006, -0.10629601031541824
0.013968132436275482, -0.1077481135725975
-0.0333426333963871, -0.0459396094083786
-0.07835201174020767, 0.031201299279928207
-0.08561082184314728, 0.09659767150878906
0.05229085311293602, 0.04884175956249237
0.08788538724184036, 0.008209669962525368
0.099147267639637, -0.06321091204881668
0.051935575902462006, -0.10629601031541824
0.013968132436275482, -0.1077481135725975
-0.0333426333963871, -0.0459396094083786
-0.07835201174020767, 0.031201299279928207
