-0.09470357745885849, -0.011284712702035904
-0.004109777510166168, 0.053676847368478775
0.03373200446367264, 0.09556704014539719
0.11181259900331497, 0.11758949607610703
0.1554415225982666, 0.09505334496498108
0.11738524585962296, 0.03417612239718437
0.06971738487482071, -6.380105041898787E-4
0.012171554379165173, -0.07831988483667374
-0.07153365761041641, -0.13945117592811584
-0.10337561368942261, -0.0724298506975174
-0.10337561368942261, -0.0724298506975174
-0.09470357745885849, -0.011284712702035904
0.03373200446367264, 0.09556704014539719
0.11181259900331497, 0.11758949607610703
0.1554415225982666, 0.09505334496498108
0.11738524585962296, 0.03417612239718437
0.012171554379165173, -0.07831988483667374
-0.07153365761041641, -0.13945117592811584
