-0.2164914458990097, -0.02333417907357216
-0.2066495567560196, 0.015192393213510513
-0.1711721271276474, 0.08185772597789764
-0.14670315384864807, 0.11107001453638077
-0.06877219676971436, 0.10838489234447479
0.0677584856748581, 0.04958398640155792
0.16544505953788757, 0.10450362414121628
0.20807629823684692, 0.11982617527246475
0.298568457365036, 0.11824975162744522
0.21877756714820862, 0.06078135594725609
0.16166597604751587, -0.02443135343492031
0.086682990193367, -0.06465025246143341
0.006900925654917955, -0.11677390336990356
-0.06038651242852211, -0.12790176272392273
-0.13034744560718536, -0.0833451896905899
-0.2164914458990097, -0.02333417907357216
-0.2066495567560196, 0.015192393213510513
-0.1711721271276474, 0.08185772597789764
-0.14670315384864807, 0.11107001453638077
0.20807629823684692, 0.11982617527246475
0.298568457365036, 0.11824975162744522
0.16166597604751587, -0.02443135343492031
0.006900925654917955, -0.11677390336990356
-0.06038651242852211, -0.12790176272392273
-0.13034744560718536, -0.0833451896905899
