-0.08290446549654007, 0.09497910737991333
-0.03740662336349487, 0.11543727666139603
0.013067147694528103, 0.12509004771709442
0.11237864941358566, 0.09376456588506699
0.2276645004749298, 0.04512199014425278
0.21461807191371918, 0.017284955829381943
0.16534782946109772, -0.026954924687743187
0.09456764906644821, -0.039126891642808914
0.02498718537390232, -0.09317877143621445
-0.11869844794273376, -0.11782793700695038
-0.1486443132162094, -0.07082242518663406
-0.15728646516799927, -0.01595933549106121
-0.15728646516799927, -0.01595933549106121
-0.08290446549654007, 0.09497910737991333
-0.03740662336349487, 0.11543727666139603
0.013067147694528103, 0.12509004771709442
0.11237864941358566, 0.09376456588506699
0.2276645004749298, 0.04512199014425278
0.21461807191371918, 0.017284955829381943
0.16534782946109772, -0.026954924687743187
0.02498718537390232, -0.09317877143621445
-0.11869844794273376, -0.11782793700695038
-0.1486443132162094, -0.07082242518663406
