-0.10258571803569794, -0.03345923498272896
-0.05851328745484352, 0.035627059638500214
0.03259310498833656, 0.10188832134008408
0.08815209567546844, 0.12282910197973251
0.17825880646705627, 0.06294028460979462
0.13397085666656494, 0.04669201001524925
0.08250707387924194, 0.02915680781006813
-0.0010865525109693408, -0.05247312784194946
-0.04125065356492996, -0.08276380598545074
-0.13493165373802185, -0.16659434139728546
-0.16582858562469482, -0.14663822948932648
-0.16582858562469482, -0.14663822948932648
-0.10258571803569794, -0.03345923498272896
-0.05851328745484352, 0.035627059638500214
0.03259310498833656, 0.10188832134008408
0.08815209567546844, 0.12282910197973251
0.17825880646705627, 0.06294028460979462
-0.13493165373802185, -0.16659434139728546
