-0.20521728694438934, 0.1309911012649536
-0.198658287525177, 0.17720746994018555
-0.13424788415431976, 0.27564018964767456
-0.026554709300398827, 0.1817028522491455
-0.0020968709141016006, 0.1277696043252945
0.10987797379493713, 0.06195687875151634
0.16741341352462769, 0.08250156790018082
0.21743127703666687, 0.03513630852103233
0.20693740248680115, -9.40355530474335E-4
0.1345752477645874, -0.07228071242570877
0.13416770100593567, -0.19894401729106903
0.12707547843456268, -0.24767039716243744
0.0775710716843605, -0.2552596628665924
0.035952236503362656, -0.22782833874225616
0.015023672953248024, -0.19327646493911743
-0.006788655184209347, -0.14413420855998993
-0.10190161317586899, -0.07154548168182373
-0.16100525856018066, 0.02339758537709713
-0.20521728694438934, 0.1309911012649536
-0.198658287525177, 0.17720746994018555
-0.13424788415431976, 0.27564018964767456
0.16741341352462769, 0.08250156790018082
0.21743127703666687, 0.03513630852103233
0.20693740248680115, -9.40355530474335E-4
0.12707547843456268, -0.24767039716243744
0.0775710716843605, -0.2552596628665924
0.035952236503362656, -0.22782833874225616
-0.10190161317586899, -0.07154548168182373
-0.16100525856018066, 0.02339758537709713
