-0.14682427048683167, -0.11264511942863464
-0.14517413079738617, -0.057618290185928345
-0.11278723925352097, -0.006569904275238514
-0.06096374988555908, 0.06233416125178337
-0.012540166266262531, 0.12011584639549255
0.02512321062386036, 0.1663309633731842
0.0698736160993576, 0.138654887676239
0.13654828071594238, 0.02676626667380333
0.14054346084594727, -0.00940603669732809
0.09806445240974426, -0.07230318337678909
0.05250045284628868, -0.0471055768430233
-0.059942908585071564, -0.10097090154886246
-0.11943487077951431, -0.14984525740146637
-0.14682427048683167, -0.11264511942863464
-0.14517413079738617, -0.057618290185928345
-0.11278723925352097, -0.006569904275238514
-0.06096374988555908, 0.06233416125178337
0.02512321062386036, 0.1663309633731842
0.0698736160993576, 0.138654887676239
0.13654828071594238, 0.02676626667380333
0.14054346084594727, -0.00940603669732809
0.09806445240974426, -0.07230318337678909
-0.11943487077951431, -0.14984525740146637
