-0.12211423367261887, -0.17742954194545746
-0.060083579272031784, -0.04246790334582329
0.028266118839383125, 0.054438266903162
0.05469295382499695, 0.10747897624969482
0.09306245297193527, 0.1491316705942154
0.10743559896945953, 0.24873597919940948
0.14385908842086792, 0.3177078068256378
0.16282662749290466, 0.2734692096710205
0.13399682939052582, 0.1856973022222519
0.09639296680688858, 0.11221261322498322
0.016105908900499344, 0.013791329227387905
-0.009254863485693932, -0.04065323993563652
-0.061569761484861374, -0.13450145721435547
-0.11135891079902649, -0.24741244316101074
-0.15195247530937195, -0.2966466248035431
-0.16108174622058868, -0.254902720451355
-0.16108174622058868, -0.254902720451355
-0.060083579272031784, -0.04246790334582329
0.14385908842086792, 0.3177078068256378
0.16282662749290466, 0.2734692096710205
0.13399682939052582, 0.1856973022222519
0.09639296680688858, 0.11221261322498322
-0.11135891079902649, -0.24741244316101074
-0.15195247530937195, -0.2966466248035431
