-0.5125007033348083, 0.14035962522029877
-0.5016536116600037, 0.17531824111938477
-0.3643380403518677, 0.22325754165649414
-0.28830164670944214, 0.20066815614700317
-0.15793532133102417, 0.22801651060581207
-0.11555767059326172, 0.27190423011779785
-0.06706719100475311, 0.35323092341423035
0.0474962517619133, 0.3498966693878174
0.10048511624336243, 0.3291473686695099
0.15436704456806183, 0.28680887818336487
0.1623552143573761, 0.2453317791223526
0.15232981741428375, 0.21127158403396606
0.11100807785987854, 0.17130476236343384
0.07880118489265442, 0.12109795212745667
0.16979999840259552, 0.027056001126766205
0.29684126377105713, -0.04389384016394615
0.3188020884990692, -0.11651816964149475
0.3199821710586548, -0.15764230489730835
0.30852219462394714, -0.1952960193157196
0.30735307931900024, -0.23994962871074677
0.3638094365596771, -0.37832435965538025
0.3894568085670471, -0.3757093548774719
0.5164730548858643, -0.34227442741394043
0.569247841835022, -0.35497352480888367
0.5897420644760132, -0.38356250524520874
0.5597851872444153, -0.4045684337615967
0.5268823504447937, -0.4044046700000763
0.38384565711021423, -0.41150709986686707
0.2877376973628998, -0.4097820222377777
0.202291339635849, -0.415312260389328
0.16488470137119293, -0.3958530128002167
0.11707301437854767, -0.27170777320861816
0.0768006220459938, -0.21966920793056488
-0.03263295441865921, -0.1545121967792511
-0.02936677820980549, -0.10331804305315018
-0.13397687673568726, -0.022504834458231926
-0.1623343974351883, -0.028898172080516815
-0.22643941640853882, -0.11684289574623108
-0.26463747024536133, -0.13704712688922882
-0.31393906474113464, -0.08567444235086441
-0.37808048725128174, 0.02599146217107773
-0.4131584167480469, 0.07149965316057205
0.31462907791137695, -0.4102647006511688
0.3638094365596771, -0.37832435965538025
0.5164730548858643, -0.34227442741394043
0.569247841835022, -0.35497352480888367
0.5897420644760132, -0.38356250524520874
0.5597851872444153, -0.4045684337615967
0.38384565711021423, -0.41150709986686707
-0.5125007033348083, 0.14035962522029877
-0.5016536116600037, 0.17531824111938477
-0.06706719100475311, 0.35323092341423035
0.0474962517619133, 0.3498966693878174
0.08221878111362457, 0.3363000750541687
-0.13397687673568726, -0.022504834458231926
-0.22643941640853882, -0.11684289574623108
-0.26463747024536133, -0.13704712688922882
-0.31393906474113464, -0.08567444235086441
-0.13397687673568726, -0.022504834458231926
0.08221878111362457, 0.3363000750541687
0.10048511624336243, 0.3291473686695099
0.15436704456806183, 0.28680887818336487
0.29684126377105713, -0.04389384016394615
0.3188020884990692, -0.11651816964149475
0.3638094365596771, -0.37832435965538025
0.31462907791137695, -0.4102647006511688
0.202291339635849, -0.415312260389328
0.16488470137119293, -0.3958530128002167
-0.03263295441865921, -0.1545121967792511
