-0.09778208285570145, 0.15753929316997528
-0.03978792205452919, 0.14818310737609863
0.017700865864753723, 0.09530497342348099
0.03953041881322861, 0.06549812108278275
0.06734515726566315, -0.01150416862219572
0.10148162394762039, -0.1646081954240799
0.07264798879623413, -0.1302085667848587
-0.05338546633720398, -0.16457509994506836
-0.05722755566239357, -0.13273613154888153
-0.027366438880562782, -0.04952297359704971
-0.062325552105903625, 0.03508138284087181
-0.09308712184429169, 0.07302580028772354
-0.13377054035663605, 0.12278061360120773
-0.13377054035663605, 0.12278061360120773
-0.09778208285570145, 0.15753929316997528
-0.03978792205452919, 0.14818310737609863
0.017700865864753723, 0.09530497342348099
0.03953041881322861, 0.06549812108278275
0.06734515726566315, -0.01150416862219572
0.10148162394762039, -0.1646081954240799
-0.05338546633720398, -0.16457509994506836
