-0.04850655421614647, 0.018297728151082993
-0.007079928647726774, 0.10854007303714752
0.01823190227150917, 0.19173599779605865
0.053167764097452164, 0.07853145897388458
0.06864285469055176, -0.049439687281847
0.06894166022539139, -0.08299383521080017
-0.032798439264297485, -0.12101522833108902
-0.08338329195976257, -0.07797722518444061
-0.08338329195976257, -0.07797722518444061
-0.04850655421614647, 0.018297728151082993
0.01823190227150917, 0.19173599779605865
0.053167764097452164, 0.07853145897388458
0.06864285469055176, -0.049439687281847
0.06894166022539139, -0.08299383521080017
-0.032798439264297485, -0.12101522833108902
