-0.07957905530929565, -0.01879449561238289
-0.07590930908918381, 0.09417998790740967
-0.014335748739540577, 0.09956119954586029
0.06293725222349167, 0.037880104035139084
0.0947103500366211, -0.020882803946733475
-0.031110836192965508, -0.08858821541070938
-0.07957905530929565, -0.01879449561238289
-0.07590930908918381, 0.09417998790740967
-0.014335748739540577, 0.09956119954586029
0.06293725222349167, 0.037880104035139084
0.0947103500366211, -0.020882803946733475
-0.031110836192965508, -0.08858821541070938
