-0.14649924635887146, 0.08448747545480728
-0.11852139234542847, 0.09993214905261993
-0.08093918114900589, 0.10777918249368668
-0.00854677427560091, 0.06535886228084564
0.06722085177898407, 0.02814403921365738
0.17669613659381866, -0.03296360373497009
0.15093770623207092, -0.12574094533920288
0.008050216361880302, -0.04374859109520912
-0.048768557608127594, -0.015524720773100853
-0.1813485473394394, -0.013805592432618141
-0.23282268643379211, 0.0033338668290525675
-0.23282268643379211, 0.0033338668290525675
-0.14649924635887146, 0.08448747545480728
-0.11852139234542847, 0.09993214905261993
-0.08093918114900589, 0.10777918249368668
0.06722085177898407, 0.02814403921365738
0.17669613659381866, -0.03296360373497009
0.15093770623207092, -0.12574094533920288
