-3.3474812507629395, 2.3111491203308105
-3.336818218231201, 2.3596765995025635
-3.2855615615844727, 2.3876094818115234
-3.1640465259552, 2.4178056716918945
-3.071958065032959, 2.4356002807617188
-2.946324110031128, 2.465954065322876
-2.885188579559326, 2.4628875255584717
-2.81150221824646, 2.439368963241577
-2.721611261367798, 2.401949167251587
-2.6790480613708496, 2.3736021518707275
-2.630068063735962, 2.334785223007202
-2.6148810386657715, 2.289494514465332
-2.5988850593566895, 2.2505617141723633
-2.4571194648742676, 2.2490487098693848
-2.4129183292388916, 2.292891502380371
-2.3214492797851562, 2.3577961921691895
-2.280337333679199, 2.4007081985473633
-2.1880483627319336, 2.4602880477905273
-2.114213705062866, 2.503002882003784
-2.0565969944000244, 2.540336847305298
-1.9614956378936768, 2.624718427658081
-1.9322565793991089, 2.6549806594848633
-1.8815618753433228, 2.704241991043091
-1.7591150999069214, 2.766054630279541
-1.716048240661621, 2.809826612472534
-1.6187371015548706, 2.869426727294922
-1.5391576290130615, 2.8971147537231445
-1.5051637887954712, 2.8754844665527344
-1.452399492263794, 2.835911512374878
-1.410192608833313, 2.7927374839782715
-1.350146770477295, 2.696359157562256
-1.2998512983322144, 2.6420226097106934
-1.2352509498596191, 2.5125482082366943
-1.1716707944869995, 2.4349067211151123
-1.1323332786560059, 2.3723132610321045
-1.0766828060150146, 2.3009634017944336
-1.0114777088165283, 2.20656156539917
-0.9395850300788879, 2.117819309234619
-0.8852954506874084, 2.063120126724243
-0.7948687672615051, 1.9592030048370361
-0.7550345063209534, 1.885335087776184
-0.7158642411231995, 1.813205599784851
-0.6641058325767517, 1.7465765476226807
-0.6251479983329773, 1.6817984580993652
-0.5981342792510986, 1.6383869647979736
-0.572475790977478, 1.6023463010787964
-0.5502941012382507, 1.5787886381149292
-0.43546077609062195, 1.525635004043579
-0.3584016263484955, 1.5453011989593506
-0.2836627960205078, 1.5789645910263062
-0.230186328291893, 1.5823677778244019
-0.13677537441253662, 1.520383358001709
-0.11130218207836151, 1.4858100414276123
-0.0864906907081604, 1.4372397661209106
-0.050474364310503006, 1.3481091260910034
0.005462522152811289, 1.3024638891220093
0.04083598405122757, 1.2839429378509521
0.1265510767698288, 1.206892728805542
0.15188632905483246, 1.1443055868148804
0.19980065524578094, 1.0598986148834229
0.26561468839645386, 0.9747695922851562
0.3507404923439026, 0.8516595363616943
0.41301581263542175, 0.7867985963821411
0.5069921612739563, 0.6757415533065796
0.5922282934188843, 0.5802409648895264
0.633328378200531, 0.5264164805412292
0.6893747448921204, 0.4587046802043915
0.745744526386261, 0.3843761086463928
0.7933412790298462, 0.3271564841270447
0.8681602478027344, 0.19157609343528748
0.930324375629425, 0.1092057079076767
0.9527260065078735, 0.07818873226642609
1.0169188976287842, -0.00788853969424963
1.0913864374160767, -0.09535576403141022
1.1593635082244873, -0.18264490365982056
1.204992413520813, -0.25175538659095764
1.2467907667160034, -0.31398284435272217
1.307633399963379, -0.38812366127967834
1.368064045906067, -0.47774916887283325
1.3990180492401123, -0.5282476544380188
1.4642735719680786, -0.6104846000671387
1.5367714166641235, -0.6873224973678589
1.5712751150131226, -0.7568798065185547
1.6155446767807007, -0.8152652978897095
1.684921145439148, -0.9134939908981323
1.7373087406158447, -0.954999566078186
1.8063092231750488, -1.0349953174591064
1.8652070760726929, -1.1019659042358398
1.9330551624298096, -1.1732614040374756
2.01643705368042, -1.2678676843643188
2.0604257583618164, -1.3258637189865112
2.1196448802948, -1.3928834199905396
2.19756817817688, -1.46722412109375
2.2722673416137695, -1.5252652168273926
2.3038170337677, -1.5709813833236694
2.3320188522338867, -1.6179852485656738
2.4271163940429688, -1.7243322134017944
2.496868133544922, -1.8160014152526855
2.540864944458008, -1.8790781497955322
2.574148416519165, -1.9334744215011597
2.59297513961792, -1.9939364194869995
2.609125852584839, -2.0520436763763428
2.5663304328918457, -2.1055338382720947
2.5229239463806152, -2.1522340774536133
2.4932007789611816, -2.182013988494873
2.424302816390991, -2.2479236125946045
2.320072650909424, -2.315333127975464
2.209188461303711, -2.4035143852233887
2.1240439414978027, -2.459646701812744
1.9976564645767212, -2.5296521186828613
1.929316520690918, -2.5942296981811523
1.8825374841690063, -2.642219066619873
1.812139630317688, -2.6851000785827637
1.7024768590927124, -2.762885570526123
1.6026514768600464, -2.8419735431671143
1.5295149087905884, -2.865588665008545
1.487824559211731, -2.8743326663970947
1.4520710706710815, -2.85231614112854
1.4264980554580688, -2.820183277130127
1.398444652557373, -2.7708771228790283
1.360141634941101, -2.696843147277832
1.2460628747940063, -2.7214086055755615
1.2075079679489136, -2.68282413482666
1.0831632614135742, -2.700150489807129
1.0095850229263306, -2.5892367362976074
0.9580748081207275, -2.4926912784576416
0.9119613170623779, -2.4292843341827393
0.8490614295005798, -2.3577332496643066
0.7745627164840698, -2.2604658603668213
0.7462295293807983, -2.2258474826812744
0.6855659484863281, -2.127220630645752
0.6115697622299194, -2.012924909591675
0.5112264156341553, -1.9012435674667358
0.45613130927085876, -1.8153090476989746
0.41928809881210327, -1.7680593729019165
0.3689842224121094, -1.7067753076553345
0.32847797870635986, -1.638973593711853
0.23720090091228485, -1.546278953552246
0.1794808954000473, -1.448728084564209
0.1627674251794815, -1.4063189029693604
0.09594488143920898, -1.307906985282898
0.038384709507226944, -1.2457085847854614
-0.03103187307715416, -1.1599135398864746
-0.07050586491823196, -1.1238937377929688
-0.1432153433561325, -1.0143777132034302
-0.17903658747673035, -0.9629332423210144
-0.2117532342672348, -0.8962414264678955
-0.3635561168193817, -0.7094870209693909
-0.40531349182128906, -0.6647213697433472
-0.4512566328048706, -0.6028869152069092
-0.43277934193611145, -0.5395637154579163
-0.3838188946247101, -0.5017250180244446
-0.3417365849018097, -0.4342988431453705
-0.3718086779117584, -0.33623796701431274
-0.4808853268623352, -0.27318471670150757
-0.5461822152137756, -0.2864772081375122
-0.6017565727233887, -0.2584531605243683
-0.7042815685272217, -0.24064727127552032
-0.7515785694122314, -0.1830630898475647
-0.7668406963348389, -0.15432430803775787
-0.8382914662361145, -0.05021033063530922
-0.8725929856300354, 0.023614590987563133
-0.9649825692176819, 0.11680648475885391
-1.0147171020507812, 0.18120890855789185
-1.0760223865509033, 0.27498286962509155
-1.1285372972488403, 0.3417383134365082
-1.150262713432312, 0.37865328788757324
-1.1794921159744263, 0.4213874638080597
-1.2504750490188599, 0.48486000299453735
-1.3288931846618652, 0.5162855386734009
-1.3946787118911743, 0.6321254372596741
-1.418230414390564, 0.657878041267395
-1.444414496421814, 0.6875841617584229
-1.4733519554138184, 0.7297765016555786
-1.5593345165252686, 0.8788869976997375
-1.587072491645813, 0.9258659482002258
-1.695807933807373, 0.9943113923072815
-1.7243661880493164, 1.016091227531433
-1.7718833684921265, 1.0954331159591675
-1.8258394002914429, 1.1961750984191895
-1.8822916746139526, 1.262451410293579
-1.9241421222686768, 1.3239699602127075
-1.964446783065796, 1.39695405960083
-2.049546241760254, 1.4910356998443604
-2.1183974742889404, 1.6007109880447388
-2.199352979660034, 1.689195156097412
-2.2617921829223633, 1.7746001482009888
-2.334275960922241, 1.8284595012664795
-2.4033584594726562, 1.9161670207977295
-2.4897615909576416, 1.9798191785812378
-2.5360405445098877, 1.988050103187561
-2.661393404006958, 1.9721806049346924
-2.7131052017211914, 1.9780595302581787
-2.7604761123657227, 1.9854062795639038
-2.8375661373138428, 2.033498525619507
-2.8613767623901367, 2.052128791809082
-2.8993875980377197, 2.084656000137329
-2.9411404132843018, 2.127422332763672
-3.0275754928588867, 2.174316883087158
-3.0801022052764893, 2.1950602531433105
-3.1709015369415283, 2.244969367980957
-3.2504429817199707, 2.2445929050445557
-3.2778637409210205, 2.257188320159912
-1.443017840385437, 0.6859996914863586
-0.5502941012382507, 1.5787886381149292
-0.230186328291893, 1.5823677778244019
-0.13677537441253662, 1.520383358001709
0.1265510767698288, 1.206892728805542
0.7045408487319946, 0.4709336757659912
-0.3718086779117584, -0.33623796701431274
-0.5461822152137756, -0.2864772081375122
-0.7042815685272217, -0.24064727127552032
-1.3288931846618652, 0.5162855386734009
-0.4512566328048706, -0.6028869152069092
-0.43277934193611145, -0.5395637154579163
-0.3718086779117584, -0.33623796701431274
0.7045408487319946, 0.4709336757659912
2.2722673416137695, -1.5252652168273926
2.4271163940429688, -1.7243322134017944
2.496868133544922, -1.8160014152526855
2.540864944458008, -1.8790781497955322
2.574148416519165, -1.9334744215011597
2.59297513961792, -1.9939364194869995
2.609125852584839, -2.0520436763763428
2.5663304328918457, -2.1055338382720947
2.5229239463806152, -2.1522340774536133
2.4932007789611816, -2.182013988494873
2.424302816390991, -2.2479236125946045
1.8825374841690063, -2.642219066619873
1.6026514768600464, -2.8419735431671143
1.5295149087905884, -2.865588665008545
1.487824559211731, -2.8743326663970947
1.0831632614135742, -2.700150489807129
0.23720090091228485, -1.546278953552246
-2.4571194648742676, 2.2490487098693848
-2.4129183292388916, 2.292891502380371
-2.280337333679199, 2.4007081985473633
-1.8815618753433228, 2.704241991043091
-1.716048240661621, 2.809826612472534
-1.6187371015548706, 2.869426727294922
-1.5391576290130615, 2.8971147537231445
-1.5051637887954712, 2.8754844665527344
-1.452399492263794, 2.835911512374878
-1.410192608833313, 2.7927374839782715
-0.7948687672615051, 1.9592030048370361
-0.5502941012382507, 1.5787886381149292
-1.443017840385437, 0.6859996914863586
-1.444414496421814, 0.6875841617584229
-1.7243661880493164, 1.016091227531433
-2.334496021270752, 1.8287389278411865
-3.3474812507629395, 2.3111491203308105
-3.336818218231201, 2.3596765995025635
-3.2855615615844727, 2.3876094818115234
-3.1640465259552, 2.4178056716918945
-2.946324110031128, 2.465954065322876
-2.885188579559326, 2.4628875255584717
-2.81150221824646, 2.439368963241577
-2.721611261367798, 2.401949167251587
-2.4571194648742676, 2.2490487098693848
-2.334496021270752, 1.8287389278411865
-2.7604761123657227, 1.9854062795639038
-3.2778637409210205, 2.257188320159912
