-0.1960262507200241, -0.027868669480085373
-0.14791180193424225, 0.015193594619631767
-0.12490113824605942, 0.03947507217526436
-0.10283080488443375, 0.07851024717092514
-0.11281421035528183, 0.1873927116394043
-0.05093606933951378, 0.1580936759710312
-0.0030321618542075157, 0.12133665382862091
0.12380004674196243, 0.20101681351661682
0.14830443263053894, 0.23552031815052032
0.20765043795108795, 0.2497282326221466
0.21112246811389923, 0.2175864279270172
0.20749588310718536, 0.18408527970314026
0.16028538346290588, 0.0935707613825798
0.12493855506181717, 0.01410126406699419
0.07014475762844086, -0.06961683183908463
0.04067616164684296, -0.10891588032245636
-0.012164616025984287, -0.17315922677516937
-0.06349018961191177, -0.2288009226322174
-0.13673026859760284, -0.28862878680229187
-0.11006318777799606, -0.2062864899635315
-0.11745922267436981, -0.13653625547885895
-0.21266844868659973, -0.0757923573255539
-0.21266844868659973, -0.0757923573255539
-0.1960262507200241, -0.027868669480085373
-0.11281421035528183, 0.1873927116394043
0.20765043795108795, 0.2497282326221466
0.21112246811389923, 0.2175864279270172
0.20749588310718536, 0.18408527970314026
0.12493855506181717, 0.01410126406699419
0.07014475762844086, -0.06961683183908463
0.04067616164684296, -0.10891588032245636
-0.012164616025984287, -0.17315922677516937
-0.06349018961191177, -0.2288009226322174
-0.13673026859760284, -0.28862878680229187
