-0.16731712222099304, 0.08897452056407928
-0.12967295944690704, 0.12175167351961136
-0.06126861274242401, 0.0840495303273201
0.06936047226190567, 0.037050340324640274
0.09746801108121872, 0.010505582205951214
0.14008352160453796, -0.10335548222064972
0.08526761084794998, -0.11682035773992538
0.001310438383370638, -0.03524317964911461
-0.0352463461458683, -0.005443243309855461
-0.1445057988166809, 0.03245788812637329
-0.19273698329925537, 0.04252166673541069
-0.19273698329925537, 0.04252166673541069
-0.16731712222099304, 0.08897452056407928
-0.12967295944690704, 0.12175167351961136
0.06936047226190567, 0.037050340324640274
0.09746801108121872, 0.010505582205951214
0.14008352160453796, -0.10335548222064972
0.08526761084794998, -0.11682035773992538
