-0.10366342961788177, 0.12492606788873672
0.04142531380057335, 0.1036711260676384
0.06732579320669174, 0.06995289772748947
0.04949475824832916, -0.07664969563484192
0.06276144832372665, -0.12610124051570892
0.002762537682428956, -0.1405433565378189
-0.044575802981853485, -0.0350310243666172
-0.0893045961856842, 0.051925256848335266
-0.10366342961788177, 0.12492606788873672
0.04142531380057335, 0.1036711260676384
0.06732579320669174, 0.06995289772748947
0.06276144832372665, -0.12610124051570892
0.002762537682428956, -0.1405433565378189
-0.0893045961856842, 0.051925256848335266
