-0.4618997275829315, 0.35753321647644043
-0.4348258972167969, 0.33886080980300903
-0.33193129301071167, 0.26369547843933105
-0.24260719120502472, 0.22140119969844818
-0.1767871230840683, 0.2546481788158417
-0.09595244377851486, 0.36871370673179626
-0.05959529057145119, 0.37602466344833374
-0.0805913656949997, 0.31028175354003906
-0.0987619161605835, 0.2642930746078491
-0.13790257275104523, 0.21680539846420288
-0.12569834291934967, 0.068524070084095
-0.0960642620921135, 0.05599837750196457
-0.06256262958049774, 0.03719395399093628
-0.03910986706614494, 0.012421293184161186
0.0676778256893158, -0.05680173635482788
0.13869859278202057, -0.0983075350522995
0.24074798822402954, -0.186504065990448
0.2773059010505676, -0.21419477462768555
0.3789057731628418, -0.28222185373306274
0.4668352007865906, -0.3222423493862152
0.510977029800415, -0.3553507924079895
0.5812348127365112, -0.40728822350502014
0.6584587097167969, -0.45337939262390137
0.6644355654716492, -0.49470970034599304
0.6201450228691101, -0.4860835373401642
0.5486894845962524, -0.43995362520217896
0.4309009611606598, -0.3683658540248871
0.3255041837692261, -0.2865774929523468
0.2526038587093353, -0.25414755940437317
0.14302587509155273, -0.1731802523136139
0.061141155660152435, -0.09983652085065842
0.002487002871930599, -0.06631715595722198
-0.11959105730056763, 0.01671643555164337
-0.19547078013420105, 0.09419181197881699
-0.2787538468837738, 0.1743786484003067
-0.3156892955303192, 0.19393175840377808
-0.3466035723686218, 0.2073637992143631
-0.4032190442085266, 0.24603435397148132
-0.44906485080718994, 0.2772883176803589
-0.5202283263206482, 0.3459283411502838
-0.5877593159675598, 0.39313799142837524
-0.5952473878860474, 0.42820030450820923
-0.14985167980194092, 0.04761339724063873
-0.12569834291934967, 0.068524070084095
-0.0960642620921135, 0.05599837750196457
-0.06256262958049774, 0.03719395399093628
0.13869859278202057, -0.0983075350522995
0.4668352007865906, -0.3222423493862152
0.6584587097167969, -0.45337939262390137
0.6644355654716492, -0.49470970034599304
0.6201450228691101, -0.4860835373401642
0.4309009611606598, -0.3683658540248871
0.2526038587093353, -0.25414755940437317
-0.11959105730056763, 0.01671643555164337
-0.24989406764507294, 0.14659178256988525
-0.24260719120502472, 0.22140119969844818
-0.09595244377851486, 0.36871370673179626
-0.05959529057145119, 0.37602466344833374
-0.12569834291934967, 0.068524070084095
-0.14985167980194092, 0.04761339724063873
-0.5952473878860474, 0.42820030450820923
-0.4618997275829315, 0.35753321647644043
-0.24260719120502472, 0.22140119969844818
-0.24989406764507294, 0.14659178256988525
-0.3466035723686218, 0.2073637992143631
-0.44906485080718994, 0.2772883176803589
-0.5877593159675598, 0.39313799142837524
