-0.100746288895607, 0.13792969286441803
-0.048130154609680176, 0.139600932598114
-0.01271062158048153, 0.0804067924618721
0.10031621158123016, -0.001254178350791335
0.15462280809879303, -0.06180867180228233
0.05266689509153366, -0.08634766936302185
-0.001012445893138647, -0.08092080801725388
-0.07499530911445618, -0.029168065637350082
-0.14055956900119781, 0.014379731379449368
-0.1422613114118576, 0.05308890715241432
-0.1422613114118576, 0.05308890715241432
-0.100746288895607, 0.13792969286441803
-0.048130154609680176, 0.139600932598114
0.10031621158123016, -0.001254178350791335
0.15462280809879303, -0.06180867180228233
0.05266689509153366, -0.08634766936302185
-0.001012445893138647, -0.08092080801725388
-0.14055956900119781, 0.014379731379449368
