-0.48427072167396545, 0.15651541948318481
-0.4193122684955597, 0.1127021387219429
-0.3595840036869049, 0.08080971240997314
-0.2924480438232422, 0.028647923842072487
-0.2046607881784439, 0.015791334211826324
-0.09946241229772568, 0.01683800481259823
0.0020736991427838802, 0.04065253958106041
0.07499709725379944, 0.026824600994586945
0.16051410138607025, 0.032023265957832336
0.2526804804801941, 0.013255558907985687
0.35057076811790466, -0.03471912443637848
0.405927449464798, -0.046826768666505814
0.46334677934646606, -0.10356462746858597
0.42628762125968933, -0.11731619387865067
0.3173046112060547, -0.07574532926082611
0.20175021886825562, -0.04359309375286102
0.14188796281814575, -0.01945328153669834
-0.05348973721265793, -0.02471064031124115
-0.16179566085338593, -0.031040465459227562
-0.28092342615127563, -0.02958359383046627
-0.3699115216732025, 0.027016479521989822
-0.424287885427475, 0.07271458208560944
-0.46585702896118164, 0.11575262993574142
-0.5457640290260315, 0.17154355347156525
-0.5457640290260315, 0.17154355347156525
0.16051410138607025, 0.032023265957832336
0.2526804804801941, 0.013255558907985687
0.405927449464798, -0.046826768666505814
0.46334677934646606, -0.10356462746858597
0.42628762125968933, -0.11731619387865067
-0.28092342615127563, -0.02958359383046627
-0.3699115216732025, 0.027016479521989822
