-0.11062011867761612, -0.052070751786231995
-0.0726897269487381, 0.024633293971419334
-0.03463162109255791, 0.07318682223558426
0.034451600164175034, 0.1456829160451889
0.08927466720342636, 0.1668095588684082
0.08257336169481277, 0.12349803000688553
0.07272881269454956, 0.06738747656345367
0.05847594887018204, -0.05016486346721649
0.05949228256940842, -0.12542463839054108
0.008251859806478024, -0.11166981607675552
-0.11387187987565994, -0.08418307453393936
-0.11387187987565994, -0.08418307453393936
-0.11062011867761612, -0.052070751786231995
-0.0726897269487381, 0.024633293971419334
-0.03463162109255791, 0.07318682223558426
0.034451600164175034, 0.1456829160451889
0.08927466720342636, 0.1668095588684082
0.05949228256940842, -0.12542463839054108
