-0.03756206855177879, 0.05029571056365967
-0.019285891205072403, 0.11116745322942734
0.04850352928042412, 0.10122423619031906
0.09009639918804169, 0.0616743266582489
0.028964538127183914, -0.04629812389612198
-0.01227559894323349, -0.09042376279830933
-0.05557461455464363, -0.12947271764278412
-0.06577593088150024, -0.07714066654443741
-0.06577593088150024, -0.07714066654443741
-0.03756206855177879, 0.05029571056365967
-0.019285891205072403, 0.11116745322942734
0.04850352928042412, 0.10122423619031906
0.09009639918804169, 0.0616743266582489
0.028964538127183914, -0.04629812389612198
-0.01227559894323349, -0.09042376279830933
-0.05557461455464363, -0.12947271764278412
