-0.4157058000564575, 0.25630491971969604
-0.3841460347175598, 0.3134569227695465
-0.31789901852607727, 0.3696539103984833
-0.24647457897663116, 0.3893667459487915
-0.1336347907781601, 0.4211447834968567
-0.03811594471335411, 0.4308611750602722
0.0446208231151104, 0.426407128572464
0.044107478111982346, 0.3494797945022583
0.11630327254533768, 0.2559625804424286
0.17226089537143707, 0.20304051041603088
0.2570883631706238, 0.1732112467288971
0.31568461656570435, 0.05457834154367447
0.40422317385673523, 0.01826542802155018
0.40099260210990906, -0.056558847427368164
0.38680675625801086, -0.10438202321529388
0.3962874710559845, -0.2282945215702057
0.4481007754802704, -0.3632355332374573
0.4335114359855652, -0.4069165885448456
0.40985581278800964, -0.4308452606201172
0.37227046489715576, -0.4377613365650177
0.2604641914367676, -0.4095815420150757
0.13158923387527466, -0.38861986994743347
0.08675036579370499, -0.37698787450790405
-0.03058479167521, -0.34696704149246216
-0.08253125846385956, -0.2931392788887024
-0.1828664094209671, -0.2278815507888794
-0.25980517268180847, -0.17241615056991577
-0.31577038764953613, -0.1026325672864914
-0.41030555963516235, -0.05677693337202072
-0.4303598403930664, 0.01715896651148796
-0.4000609815120697, 0.11558686941862106
-0.4303598403930664, 0.01715896651148796
-0.4157058000564575, 0.25630491971969604
-0.3841460347175598, 0.3134569227695465
-0.31789901852607727, 0.3696539103984833
-0.1336347907781601, 0.4211447834968567
-0.03811594471335411, 0.4308611750602722
0.0446208231151104, 0.426407128572464
0.40422317385673523, 0.01826542802155018
0.4481007754802704, -0.3632355332374573
0.4335114359855652, -0.4069165885448456
0.40985581278800964, -0.4308452606201172
0.37227046489715576, -0.4377613365650177
0.13158923387527466, -0.38861986994743347
-0.03058479167521, -0.34696704149246216
-0.25980517268180847, -0.17241615056991577
-0.41030555963516235, -0.05677693337202072
