-0.29448509216308594, 0.26998504996299744
-0.24368596076965332, 0.31452107429504395
-0.14528733491897583, 0.36595264077186584
-0.10059523582458496, 0.2962861657142639
-0.06547513604164124, 0.21142686903476715
0.024684246629476547, 0.11379171162843704
0.06808565557003021, 0.11660932004451752
0.12078000605106354, 0.08041096478700638
0.16332238912582397, 0.013556278310716152
0.18384180963039398, -0.10893210768699646
0.18708109855651855, -0.17786873877048492
0.18908101320266724, -0.29587650299072266
0.17761778831481934, -0.3590334951877594
0.14544722437858582, -0.3797723352909088
0.10394468903541565, -0.3733022212982178
0.04774047061800957, -0.2761644423007965
0.01550571620464325, -0.2107735425233841
-0.02359669655561447, -0.08600451052188873
-0.039694804698228836, -0.002343184547498822
-0.034758489578962326, 0.03912657871842384
-0.0386543869972229, 0.09618031978607178
-0.17522366344928741, 0.1581675410270691
-0.25003084540367126, 0.1473686546087265
-0.27418410778045654, 0.16785790026187897
-0.29448509216308594, 0.26998504996299744
-0.24368596076965332, 0.31452107429504395
-0.14528733491897583, 0.36595264077186584
0.04900963231921196, 0.15743443369865417
-0.0386543869972229, 0.09618031978607178
-0.25003084540367126, 0.1473686546087265
-0.27418410778045654, 0.16785790026187897
-0.039694804698228836, -0.002343184547498822
-0.0386543869972229, 0.09618031978607178
0.04900963231921196, 0.15743443369865417
0.12078000605106354, 0.08041096478700638
0.16332238912582397, 0.013556278310716152
0.18384180963039398, -0.10893210768699646
0.18708109855651855, -0.17786873877048492
0.18908101320266724, -0.29587650299072266
0.17761778831481934, -0.3590334951877594
0.14544722437858582, -0.3797723352909088
0.10394468903541565, -0.3733022212982178
0.04774047061800957, -0.2761644423007965
0.01550571620464325, -0.2107735425233841
-0.02359669655561447, -0.08600451052188873
