-0.08343055844306946, 0.12655264139175415
-0.02482767216861248, 0.16786180436611176
0.08020931482315063, 0.18653573095798492
0.12657485902309418, 0.1510445922613144
0.14823274314403534, 0.11716163903474808
0.08972322940826416, 0.10031675547361374
0.04604622349143028, -0.026252899318933487
0.07855155318975449, -0.07988817244768143
0.08290044963359833, -0.17750680446624756
0.04162311926484108, -0.1829349249601364
-0.04171295464038849, -0.1943812370300293
-0.08684579282999039, -0.14816291630268097
-0.09385419636964798, -0.04367334768176079
-0.10560709983110428, 0.02260015718638897
-0.10716074705123901, 0.08410682529211044
-0.10716074705123901, 0.08410682529211044
-0.08343055844306946, 0.12655264139175415
-0.02482767216861248, 0.16786180436611176
0.08020931482315063, 0.18653573095798492
0.12657485902309418, 0.1510445922613144
0.14823274314403534, 0.11716163903474808
0.08290044963359833, -0.17750680446624756
-0.04171295464038849, -0.1943812370300293
-0.08684579282999039, -0.14816291630268097
-0.10560709983110428, 0.02260015718638897
