-0.17165343463420868, -0.011590385809540749
-0.11440399289131165, 0.025822918862104416
-0.11375164985656738, 0.12924601137638092
-0.051049113273620605, 0.13407441973686218
-9.354794747196138E-4, 0.12164575606584549
0.05246041715145111, 0.07294284552335739
0.143228217959404, -0.030874162912368774
0.21973209083080292, -0.11001959443092346
0.15602827072143555, -0.09793191403150558
0.033937014639377594, -0.07953256368637085
-0.003250713925808668, -0.08323326706886292
-0.12326467037200928, -0.07098720967769623
-0.17165343463420868, -0.011590385809540749
-0.11375164985656738, 0.12924601137638092
-0.051049113273620605, 0.13407441973686218
-9.354794747196138E-4, 0.12164575606584549
0.05246041715145111, 0.07294284552335739
0.21973209083080292, -0.11001959443092346
-0.12326467037200928, -0.07098720967769623
