-0.21734745800495148, -0.12250500172376633
-0.18260906636714935, -0.08116237819194794
-0.15108931064605713, -0.09059235453605652
-0.038675885647535324, -0.07659836858510971
-0.011033599264919758, -0.009635822847485542
0.007292591966688633, 0.04560400918126106
0.026902711018919945, 0.12671872973442078
0.03611919283866882, 0.26558828353881836
0.05484538525342941, 0.2983784079551697
0.13739922642707825, 0.2958083152770996
0.17715534567832947, 0.2361658662557602
0.12958934903144836, 0.1125277578830719
0.07255520671606064, -0.022297024726867676
0.07715479284524918, -0.06952454894781113
0.06110205873847008, -0.12416022270917892
-0.006208376027643681, -0.23309579491615295
-0.05261107161641121, -0.22179360687732697
-0.12984949350357056, -0.19955749809741974
-0.22922024130821228, -0.19557781517505646
-0.24159912765026093, -0.16374659538269043
-0.24159912765026093, -0.16374659538269043
-0.21734745800495148, -0.12250500172376633
0.05484538525342941, 0.2983784079551697
0.13739922642707825, 0.2958083152770996
0.17715534567832947, 0.2361658662557602
0.06110205873847008, -0.12416022270917892
-0.006208376027643681, -0.23309579491615295
-0.22922024130821228, -0.19557781517505646
