-0.32916349172592163, -0.3213019371032715
-0.2638888359069824, -0.21920469403266907
-0.23973913490772247, -0.18509715795516968
-0.1701001077890396, -0.08044532686471939
-0.13361243903636932, -0.014824938029050827
-0.1025429368019104, 0.03118896484375
-0.020674781873822212, 0.20247435569763184
0.036216676235198975, 0.31447169184684753
0.05068705603480339, 0.35707035660743713
0.07620973140001297, 0.40886420011520386
0.13443435728549957, 0.48932668566703796
0.14718379080295563, 0.5632664561271667
0.15946708619594574, 0.6141519546508789
0.1844937801361084, 0.7024258375167847
0.2542368471622467, 0.618497371673584
0.2770918309688568, 0.5899481177330017
0.37043824791908264, 0.5062625408172607
0.390750914812088, 0.43180418014526367
0.35909542441368103, 0.4176025092601776
0.2520406246185303, 0.37183767557144165
0.22448232769966125, 0.29969364404678345
0.22441594302654266, 0.2636342942714691
0.18885500729084015, 0.19659098982810974
0.16729845106601715, 0.06926436722278595
0.18229477107524872, 0.0051535023376345634
0.16133514046669006, -0.022048646584153175
0.09714024513959885, -0.11677657812833786
0.07237491011619568, -0.18153923749923706
0.02873723767697811, -0.2977888286113739
-0.04365301504731178, -0.42852944135665894
-0.07559992372989655, -0.4894064664840698
-0.12594713270664215, -0.5218062996864319
-0.1843779981136322, -0.5207569003105164
-0.23241662979125977, -0.5127888321876526
-0.3264797329902649, -0.45414015650749207
-0.34237420558929443, -0.42701300978660583
-0.3489201068878174, -0.3718625605106354
-0.3489201068878174, -0.3718625605106354
-0.32916349172592163, -0.3213019371032715
0.1844937801361084, 0.7024258375167847
0.37043824791908264, 0.5062625408172607
0.390750914812088, 0.43180418014526367
0.18229477107524872, 0.0051535023376345634
0.02873723767697811, -0.2977888286113739
-0.07559992372989655, -0.4894064664840698
-0.12594713270664215, -0.5218062996864319
-0.1843779981136322, -0.5207569003105164
-0.23241662979125977, -0.5127888321876526
-0.3264797329902649, -0.45414015650749207
-0.34237420558929443, -0.42701300978660583
