-0.20168623328208923, -0.006557389162480831
-0.0947604700922966, 0.09090431779623032
0.03663534298539162, 0.04275650158524513
0.17029771208763123, 0.0340341292321682
0.15670175850391388, -0.008517613634467125
0.12262554466724396, -0.13650964200496674
0.06588812917470932, -0.0874696671962738
-0.024533377960324287, 0.014790604822337627
-0.09654075652360916, -0.023879965767264366
-0.15221287310123444, -0.028964389115571976
-0.20168623328208923, -0.006557389162480831
-0.0947604700922966, 0.09090431779623032
0.17029771208763123, 0.0340341292321682
0.12262554466724396, -0.13650964200496674
-0.15221287310123444, -0.028964389115571976
