-0.15202878415584564, 0.07945937663316727
-0.11794020980596542, 0.08558163791894913
-0.009135750122368336, 0.0701749250292778
0.06729435175657272, 0.03906673938035965
0.07588876783847809, 0.035654883831739426
0.11650586873292923, 0.019811036065220833
0.16177429258823395, -0.03316834568977356
0.06772459298372269, -0.0636315569281578
-0.009926529601216316, -0.06561118364334106
-0.09790623188018799, -0.03772952780127525
-0.17048873007297516, -0.046251434832811356
-0.21320177614688873, -0.00441772909834981
-0.21320177614688873, -0.00441772909834981
-0.15202878415584564, 0.07945937663316727
-0.11794020980596542, 0.08558163791894913
-0.009135750122368336, 0.0701749250292778
0.11650586873292923, 0.019811036065220833
0.16177429258823395, -0.03316834568977356
0.06772459298372269, -0.0636315569281578
-0.009926529601216316, -0.06561118364334106
-0.17048873007297516, -0.046251434832811356
