-0.24219109117984772, -0.14488758146762848
-0.2230345904827118, -0.025647031143307686
-0.16120749711990356, 0.12658798694610596
-0.08956418186426163, 0.18676425516605377
-0.02655380591750145, 0.24623966217041016
0.05321434512734413, 0.26119959354400635
0.10035581141710281, 0.26305216550827026
0.1362060010433197, 0.2073400616645813
0.14319507777690887, 0.16013099253177643
0.20955242216587067, 0.03805241361260414
0.2546502351760864, 0.018115974962711334
0.2840340733528137, -0.016642112284898758
0.20810887217521667, -0.08850781619548798
0.15152546763420105, -0.13924944400787354
0.06434280425310135, -0.2065068781375885
-0.007883519865572453, -0.21404649317264557
-0.14121021330356598, -0.21303604543209076
-0.19784334301948547, -0.1935710608959198
-0.24219109117984772, -0.14488758146762848
-0.2230345904827118, -0.025647031143307686
-0.16120749711990356, 0.12658798694610596
-0.02655380591750145, 0.24623966217041016
0.05321434512734413, 0.26119959354400635
0.10035581141710281, 0.26305216550827026
0.2840340733528137, -0.016642112284898758
0.20810887217521667, -0.08850781619548798
0.15152546763420105, -0.13924944400787354
0.06434280425310135, -0.2065068781375885
-0.007883519865572453, -0.21404649317264557
-0.14121021330356598, -0.21303604543209076
-0.19784334301948547, -0.1935710608959198
