-0.47407257556915283, 0.10633497685194016
-0.4627964496612549, 0.16841648519039154
-0.4397645592689514, 0.2360258549451828
-0.4385213255882263, 0.3494207561016083
-0.39600762724876404, 0.3696289360523224
-0.2854064106941223, 0.37454062700271606
-0.19767111539840698, 0.3467143476009369
-0.09517291188240051, 0.3427940309047699
-0.04651469737291336, 0.33322808146476746
0.03261767700314522, 0.2829877436161041
0.12020137906074524, 0.2500091791152954
0.21020616590976715, 0.2304445505142212
0.2777918577194214, 0.19926637411117554
0.31949782371520996, 0.17855873703956604
0.3787609934806824, 0.136812224984169
0.4696239233016968, 0.11704879254102707
0.5128605365753174, 0.0697755217552185
0.5156184434890747, 0.032550472766160965
0.49235057830810547, -0.04287842661142349
0.4368380606174469, -0.21223561465740204
0.37973377108573914, -0.3321983218193054
0.3504793345928192, -0.38688939809799194
0.3016868233680725, -0.4380057156085968
0.2663554549217224, -0.4304231107234955
0.22223986685276031, -0.3949967324733734
0.12474849820137024, -0.35921764373779297
-0.007071307860314846, -0.31169649958610535
-0.06206539645791054, -0.2880780100822449
-0.16437363624572754, -0.22177307307720184
-0.2255651205778122, -0.20378795266151428
-0.3668859601020813, -0.21771717071533203
-0.39793825149536133, -0.18204711377620697
-0.49601349234580994, -0.07953271269798279
-0.4868497848510742, 0.0050901505164802074
-0.49601349234580994, -0.07953271269798279
-0.4868497848510742, 0.0050901505164802074
-0.47407257556915283, 0.10633497685194016
-0.4385213255882263, 0.3494207561016083
-0.39600762724876404, 0.3696289360523224
-0.2854064106941223, 0.37454062700271606
-0.09517291188240051, 0.3427940309047699
-0.04651469737291336, 0.33322808146476746
0.21020616590976715, 0.2304445505142212
0.4696239233016968, 0.11704879254102707
0.5128605365753174, 0.0697755217552185
0.5156184434890747, 0.032550472766160965
0.49235057830810547, -0.04287842661142349
0.4368380606174469, -0.21223561465740204
0.37973377108573914, -0.3321983218193054
0.3504793345928192, -0.38688939809799194
0.3016868233680725, -0.4380057156085968
0.2663554549217224, -0.4304231107234955
-0.3668859601020813, -0.21771717071533203
