-0.0445915050804615, -0.13186563551425934
0.03450092300772667, -0.00943384412676096
0.020919548347592354, 0.2329595983028412
0.008087696507573128, 0.26984113454818726
0.04789162427186966, 0.24876023828983307
0.07479147613048553, 0.18734954297542572
0.05940871685743332, 0.10299848765134811
0.06672566384077072, 0.03416965529322624
0.06886589527130127, -0.034878358244895935
0.03519166260957718, -0.09361022710800171
-0.016979467123746872, -0.15660303831100464
-0.07094816863536835, -0.17803657054901123
-0.11495640873908997, -0.1881898194551468
-0.16376547515392303, -0.18909046053886414
-0.16376547515392303, -0.18909046053886414
0.008087696507573128, 0.26984113454818726
0.04789162427186966, 0.24876023828983307
0.07479147613048553, 0.18734954297542572
0.06886589527130127, -0.034878358244895935
0.03519166260957718, -0.09361022710800171
-0.016979467123746872, -0.15660303831100464
-0.07094816863536835, -0.17803657054901123
-0.11495640873908997, -0.1881898194551468
