-0.06946893781423569, 0.10975450277328491
-0.009363955818116665, 0.08914483338594437
0.03752512484788895, 0.03792377933859825
0.10502408444881439, -0.07126818597316742
0.10335350036621094, -0.12197359651327133
0.05382908135652542, -0.12005646526813507
-0.02342939004302025, -0.039927057921886444
-0.06111576408147812, -0.019673634320497513
-0.11758667230606079, 0.06809800118207932
-0.11758667230606079, 0.06809800118207932
-0.06946893781423569, 0.10975450277328491
-0.009363955818116665, 0.08914483338594437
0.03752512484788895, 0.03792377933859825
0.10502408444881439, -0.07126818597316742
0.10335350036621094, -0.12197359651327133
0.05382908135652542, -0.12005646526813507
-0.06111576408147812, -0.019673634320497513
