-0.05902200937271118, 0.488132119178772
-0.015583616681396961, 0.46067744493484497
-0.006920565851032734, 0.42740339040756226
-0.01926490105688572, 0.29392486810684204
-0.016397880390286446, 0.2427707463502884
0.05751222372055054, 0.1585008054971695
0.09553586691617966, 0.004844540264457464
0.10164237022399902, -0.1266462206840515
0.11346979439258575, -0.15663418173789978
0.08000528812408447, -0.2367592453956604
0.03549397364258766, -0.3174162209033966
-0.02381778508424759, -0.34396106004714966
-0.050368405878543854, -0.3297143280506134
-0.0383380725979805, -0.19003760814666748
-0.059795886278152466, -0.09419818222522736
-0.08406784385442734, 0.03080626204609871
-0.07313144207000732, 0.11776532232761383
-0.07125812768936157, 0.142497718334198
-0.08032834529876709, 0.27389562129974365
-0.08811622858047485, 0.46373456716537476
-0.08811622858047485, 0.46373456716537476
-0.05902200937271118, 0.488132119178772
-0.015583616681396961, 0.46067744493484497
-0.006920565851032734, 0.42740339040756226
0.09553586691617966, 0.004844540264457464
0.11346979439258575, -0.15663418173789978
0.08000528812408447, -0.2367592453956604
0.03549397364258766, -0.3174162209033966
-0.02381778508424759, -0.34396106004714966
-0.050368405878543854, -0.3297143280506134
-0.08406784385442734, 0.03080626204609871
