-0.12770000100135803, 0.1445622593164444
-0.0628899335861206, 0.17210079729557037
-0.005054669454693794, 0.18639804422855377
0.0675363689661026, 0.12157401442527771
0.1408359557390213, 0.061043158173561096
0.21265500783920288, -0.024637389928102493
0.15509270131587982, -0.10000325739383698
0.10350724309682846, -0.1647598147392273
0.02491990476846695, -0.2205260694026947
-0.015276054851710796, -0.1816662847995758
-0.0436551533639431, -0.1399594396352768
-0.12865407764911652, -0.0640934631228447
-0.16664807498455048, 0.007507383357733488
-0.18766111135482788, 0.07420572638511658
-0.19307294487953186, 0.10585979372262955
-0.19307294487953186, 0.10585979372262955
-0.12770000100135803, 0.1445622593164444
-0.0628899335861206, 0.17210079729557037
-0.005054669454693794, 0.18639804422855377
0.1408359557390213, 0.061043158173561096
0.21265500783920288, -0.024637389928102493
0.15509270131587982, -0.10000325739383698
0.10350724309682846, -0.1647598147392273
0.02491990476846695, -0.2205260694026947
-0.015276054851710796, -0.1816662847995758
-0.12865407764911652, -0.0640934631228447
-0.16664807498455048, 0.007507383357733488
-0.18766111135482788, 0.07420572638511658
