-0.1810077428817749, 0.04016018286347389
-0.06571792811155319, 0.06434397399425507
-0.018261298537254333, 0.06592831760644913
0.054202642291784286, 0.05290495604276657
0.14289537072181702, 0.06803613156080246
0.14417211711406708, 0.03732655197381973
0.11928926408290863, -0.04143739491701126
0.09743821620941162, -0.1371375471353531
-0.004870395641773939, -0.04836423322558403
-0.2328459769487381, 0.008594255894422531
-0.265480101108551, 0.02647598274052143
-0.265480101108551, 0.02647598274052143
-0.06571792811155319, 0.06434397399425507
-0.018261298537254333, 0.06592831760644913
0.14289537072181702, 0.06803613156080246
0.14417211711406708, 0.03732655197381973
0.09743821620941162, -0.1371375471353531
-0.2328459769487381, 0.008594255894422531
