-0.1977921575307846, 0.1620057374238968
-0.13336315751075745, 0.16326086223125458
-0.09098530560731888, 0.15605324506759644
-0.04942982643842697, 0.09445231407880783
0.04252179339528084, 0.04776978865265846
0.17104998230934143, 0.05237098038196564
0.2540312707424164, 0.08909161388874054
0.3050763010978699, 0.056558337062597275
0.27641674876213074, 0.027797820046544075
0.20484450459480286, -0.03157951310276985
0.17696207761764526, -0.05104672163724899
0.14231900870800018, -0.07534024119377136
0.030537929385900497, -0.12953698635101318
-0.061970632523298264, -0.1499902307987213
-0.1377987563610077, -0.15653306245803833
-0.15909576416015625, -0.05515767261385918
-0.20933382213115692, 0.006276607513427734
-0.2525411546230316, 0.13066834211349487
-0.2525411546230316, 0.13066834211349487
-0.1977921575307846, 0.1620057374238968
-0.13336315751075745, 0.16326086223125458
-0.09098530560731888, 0.15605324506759644
0.2540312707424164, 0.08909161388874054
0.3050763010978699, 0.056558337062597275
0.27641674876213074, 0.027797820046544075
0.20484450459480286, -0.03157951310276985
0.14231900870800018, -0.07534024119377136
0.030537929385900497, -0.12953698635101318
-0.061970632523298264, -0.1499902307987213
-0.1377987563610077, -0.15653306245803833
-0.20933382213115692, 0.006276607513427734
