-0.14555129408836365, 0.07775995880365372
-0.10362284630537033, 0.10498271882534027
-0.039167072623968124, 0.10701216757297516
0.06415127217769623, 0.15308035910129547
0.10480742156505585, 0.14002349972724915
0.13869744539260864, 0.1021067351102829
0.13877737522125244, 0.044203631579875946
0.09119757264852524, -0.08445171266794205
0.08737732470035553, -0.14297856390476227
0.028266966342926025, -0.19993367791175842
-0.016548337414860725, -0.18189267814159393
-0.05721530318260193, -0.1343243420124054
-0.11215289682149887, -0.061521753668785095
-0.16571952402591705, -0.01783847063779831
-0.1774856597185135, 0.05150304734706879
-0.1774856597185135, 0.05150304734706879
-0.14555129408836365, 0.07775995880365372
-0.10362284630537033, 0.10498271882534027
0.06415127217769623, 0.15308035910129547
0.10480742156505585, 0.14002349972724915
0.13869744539260864, 0.1021067351102829
0.13877737522125244, 0.044203631579875946
0.08737732470035553, -0.14297856390476227
0.028266966342926025, -0.19993367791175842
-0.016548337414860725, -0.18189267814159393
-0.16571952402591705, -0.01783847063779831
