-0.279389888048172, 0.2028631567955017
-0.17856186628341675, 0.28640270233154297
-0.13760414719581604, 0.2655899226665497
-0.03224913030862808, 0.2400532066822052
0.008948852308094501, 0.2351728230714798
0.05650906637310982, 0.2133234590291977
0.10334984213113785, 0.1662621796131134
0.08329148590564728, 0.14132924377918243
0.09757779538631439, -0.0015487599885091186
0.20054186880588531, -0.04705505073070526
0.23898035287857056, -0.048631131649017334
0.2629987299442291, -0.10826665163040161
0.21886126697063446, -0.2205124795436859
0.2365434616804123, -0.30149418115615845
0.24491102993488312, -0.3623464107513428
0.1730859875679016, -0.3315710723400116
0.10069432854652405, -0.2493772655725479
-0.009418086148798466, -0.15518882870674133
-0.0871104896068573, -0.1490217000246048
-0.124608114361763, -0.12192302942276001
-0.16419455409049988, -0.0702250599861145
-0.14580029249191284, -0.0026363639626652002
-0.18401382863521576, 0.13071002066135406
-0.23509915173053741, 0.13882982730865479
-0.2862686514854431, 0.12084856629371643
-0.3208964467048645, 0.13272838294506073
-0.3208964467048645, 0.13272838294506073
-0.279389888048172, 0.2028631567955017
-0.17856186628341675, 0.28640270233154297
0.008948852308094501, 0.2351728230714798
0.05650906637310982, 0.2133234590291977
0.10334984213113785, 0.1662621796131134
0.23898035287857056, -0.048631131649017334
0.2629987299442291, -0.10826665163040161
0.24491102993488312, -0.3623464107513428
0.1730859875679016, -0.3315710723400116
-0.0871104896068573, -0.1490217000246048
-0.124608114361763, -0.12192302942276001
