-0.031207803636789322, 0.07194522768259048
0.025995464995503426, 0.08235538005828857
0.05405215173959732, 0.05122238025069237
0.08048593997955322, 0.014394351281225681
0.058315083384513855, -0.037685148417949677
0.027384066954255104, -0.06010061874985695
-0.058625590056180954, -0.08632010966539383
-0.06536828726530075, 0.006754544097930193
-0.06536828726530075, 0.006754544097930193
-0.031207803636789322, 0.07194522768259048
0.025995464995503426, 0.08235538005828857
0.05405215173959732, 0.05122238025069237
0.08048593997955322, 0.014394351281225681
0.058315083384513855, -0.037685148417949677
0.027384066954255104, -0.06010061874985695
-0.058625590056180954, -0.08632010966539383
