-0.11596470326185226, 0.02607467770576477
-0.0655280128121376, 0.08376912027597427
0.06634493172168732, 0.15148235857486725
0.09516270458698273, 0.04699338600039482
0.23656246066093445, 0.00788823887705803
0.23253855109214783, -0.027888374403119087
0.1181466206908226, -0.07478641718626022
0.0323115736246109, -0.04981426149606705
-0.11032889038324356, -0.13130629062652588
-0.1547631323337555, -0.11935391277074814
-0.16070933640003204, -0.07372141629457474
-0.16070933640003204, -0.07372141629457474
-0.11596470326185226, 0.02607467770576477
-0.0655280128121376, 0.08376912027597427
0.06634493172168732, 0.15148235857486725
0.23656246066093445, 0.00788823887705803
0.23253855109214783, -0.027888374403119087
0.1181466206908226, -0.07478641718626022
-0.11032889038324356, -0.13130629062652588
-0.1547631323337555, -0.11935391277074814
