-0.12383591383695602, 0.06361374258995056
0.018498893827199936, 0.041766926646232605
0.12601058185100555, 0.026919079944491386
0.06685545295476913, -0.056646887212991714
-0.032293424010276794, -0.0687323808670044
-0.09089731425046921, -0.0415351502597332
-0.12762579321861267, 0.0017966254381462932
-0.14890533685684204, 0.035889338701963425
-0.14890533685684204, 0.035889338701963425
-0.12383591383695602, 0.06361374258995056
0.12601058185100555, 0.026919079944491386
0.06685545295476913, -0.056646887212991714
-0.032293424010276794, -0.0687323808670044
-0.09089731425046921, -0.0415351502597332
-0.12762579321861267, 0.0017966254381462932
