-0.09129621088504791, 0.22041571140289307
-0.061171289533376694, 0.18029268085956573
-0.041439760476350784, 0.14482763409614563
-0.017465388402342796, 0.11337949335575104
0.08180245012044907, 0.04621705785393715
0.11144857108592987, 0.030734464526176453
0.11909988522529602, -0.0070666600950062275
0.10260704904794693, -0.07048029452562332
0.07991772145032883, -0.11654122173786163
0.05708656832575798, -0.14659763872623444
0.01925695687532425, -0.17166250944137573
-0.025196723639965057, -0.15391837060451508
-0.06635008752346039, -0.03974760323762894
-0.0833689346909523, 0.046235062181949615
-0.12074680626392365, 0.16452258825302124
-0.12074680626392365, 0.16452258825302124
-0.09129621088504791, 0.22041571140289307
0.11144857108592987, 0.030734464526176453
0.11909988522529602, -0.0070666600950062275
0.10260704904794693, -0.07048029452562332
0.07991772145032883, -0.11654122173786163
0.05708656832575798, -0.14659763872623444
0.01925695687532425, -0.17166250944137573
-0.025196723639965057, -0.15391837060451508
-0.06635008752346039, -0.03974760323762894
