-0.041887324303388596, 0.2135845273733139
0.0010875368025153875, 0.22041505575180054
0.09743981063365936, 0.0994773656129837
0.12281689047813416, 0.07302290201187134
0.11249206960201263, -0.02215983346104622
0.06942253559827805, -0.1161239892244339
0.05023687332868576, -0.24579934775829315
0.033333707600831985, -0.27103105187416077
-0.03727000951766968, -0.25926023721694946
-0.048581838607788086, -0.22768986225128174
-0.04571082442998886, -0.07827280461788177
-0.10023678094148636, -2.2666739823762327E-5
-0.12079008668661118, 0.06289920955896378
-0.13458409905433655, 0.14858375489711761
-0.13458409905433655, 0.14858375489711761
-0.041887324303388596, 0.2135845273733139
0.0010875368025153875, 0.22041505575180054
0.12281689047813416, 0.07302290201187134
0.11249206960201263, -0.02215983346104622
0.05023687332868576, -0.24579934775829315
0.033333707600831985, -0.27103105187416077
-0.03727000951766968, -0.25926023721694946
-0.048581838607788086, -0.22768986225128174
-0.12079008668661118, 0.06289920955896378
