-0.10190677642822266, -0.012239939533174038
-0.005538272671401501, 0.08785028010606766
0.014363369904458523, 0.11775916069746017
0.03520650789141655, 0.14971573650836945
0.06676913797855377, 0.11466699838638306
0.10022443532943726, -0.008624454028904438
0.06478295475244522, -0.05691145360469818
0.024416333064436913, -0.10290976613759995
-0.06494006514549255, -0.08800651133060455
-0.09599492698907852, -0.07881511002779007
-0.10190677642822266, -0.012239939533174038
0.03520650789141655, 0.14971573650836945
0.06676913797855377, 0.11466699838638306
0.10022443532943726, -0.008624454028904438
0.06478295475244522, -0.05691145360469818
0.024416333064436913, -0.10290976613759995
-0.06494006514549255, -0.08800651133060455
-0.09599492698907852, -0.07881511002779007
