-0.1260126829147339, -0.26100948452949524
-0.0729573518037796, -0.1871449202299118
-0.018452759832143784, -0.0740637481212616
-0.013281379826366901, 0.020653290674090385
-0.03921176493167877, 0.10871710628271103
-0.08823941648006439, 0.15174849331378937
-0.023564530536532402, 0.1784428507089615
0.07111681997776031, 0.15071867406368256
0.06927413493394852, 0.10875648260116577
0.06550530344247818, 0.07637710869312286
0.05565809831023216, 0.005308185704052448
0.039748113602399826, -0.064449243247509
-0.0028511411510407925, -0.17189733684062958
-0.1260126829147339, -0.26100948452949524
-0.08823941648006439, 0.15174849331378937
-0.023564530536532402, 0.1784428507089615
0.07111681997776031, 0.15071867406368256
0.06927413493394852, 0.10875648260116577
0.06550530344247818, 0.07637710869312286
0.05565809831023216, 0.005308185704052448
0.039748113602399826, -0.064449243247509
-0.0028511411510407925, -0.17189733684062958
