-0.15151964128017426, 0.026097645983099937
-0.06660200655460358, 0.13860338926315308
-0.03923441469669342, 0.15819750726222992
-0.0065024178475141525, 0.15260347723960876
0.03472365066409111, 0.11347658932209015
0.05924958363175392, 0.07868947088718414
0.12549620866775513, -0.05038444697856903
0.15588703751564026, -0.07187745720148087
0.1089223176240921, -0.12360265105962753
0.08013324439525604, -0.14287373423576355
0.046276867389678955, -0.15250618755817413
-0.03171565383672714, -0.07643043994903564
-0.08107355237007141, -0.028314754366874695
-0.15151964128017426, 0.026097645983099937
-0.06660200655460358, 0.13860338926315308
-0.03923441469669342, 0.15819750726222992
-0.0065024178475141525, 0.15260347723960876
0.03472365066409111, 0.11347658932209015
0.05924958363175392, 0.07868947088718414
0.15588703751564026, -0.07187745720148087
0.1089223176240921, -0.12360265105962753
0.08013324439525604, -0.14287373423576355
0.046276867389678955, -0.15250618755817413
