0.5311785936355591, -0.1393638253211975
0.43670499324798584, -0.21985827386379242
0.37974295020103455, -0.17156259715557098
0.3632637858390808, -0.14044013619422913
0.2809149920940399, -0.06674351543188095
0.22113990783691406, -0.045012738555669785
0.10099023580551147, -0.07762336730957031
-0.02914501167833805, -0.09694376587867737
-0.13183267414569855, -0.09368035942316055
-0.1696368306875229, -0.08914143592119217
-0.2927935719490051, -0.09876605868339539
-0.35911622643470764, -0.12784618139266968
-0.4425497353076935, -0.08020560443401337
-0.5375177264213562, -0.03292785957455635
-0.5929038524627686, 0.038368478417396545
-0.5933408737182617, 0.07002663612365723
-0.5409353375434875, 0.12895943224430084
-0.4807351231575012, 0.18753613531589508
-0.44523102045059204, 0.2009103149175644
-0.33792415261268616, 0.18839958310127258
-0.2617907226085663, 0.1629786342382431
-0.1435949057340622, 0.14871618151664734
-0.04281264543533325, 0.13364897668361664
0.09738695621490479, 0.09297429025173187
0.13186535239219666, 0.05983506888151169
0.24754124879837036, 0.015258381143212318
0.3075849711894989, 0.029421977698802948
0.37311965227127075, 0.07999089360237122
0.42490723729133606, 0.12161818891763687
0.4522055983543396, 0.10742240399122238
0.5084133744239807, 0.07625541090965271
0.5315968990325928, 0.05498513579368591
0.5763481259346008, 0.003551467088982463
0.5857582688331604, -0.06938780099153519
0.5911359786987305, -0.1632089465856552
-0.5933408737182617, 0.07002663612365723
-0.5409353375434875, 0.12895943224430084
-0.4807351231575012, 0.18753613531589508
-0.44523102045059204, 0.2009103149175644
0.42490723729133606, 0.12161818891763687
0.4522055983543396, 0.10742240399122238
0.5084133744239807, 0.07625541090965271
0.5315968990325928, 0.05498513579368591
0.5763481259346008, 0.003551467088982463
0.5857582688331604, -0.06938780099153519
0.5911359786987305, -0.1632089465856552
0.43670499324798584, -0.21985827386379242
-0.35911622643470764, -0.12784618139266968
-0.5375177264213562, -0.03292785957455635
-0.5929038524627686, 0.038368478417396545
