-0.7018880844116211, -0.5788711309432983
-0.6509976983070374, -0.5056648254394531
-0.618559718132019, -0.4433593451976776
-0.5800309777259827, -0.3784360885620117
-0.5115480422973633, -0.28149843215942383
-0.4289010763168335, -0.2136937528848648
-0.38867855072021484, -0.1552647352218628
-0.19392290711402893, 0.10591839253902435
-0.1398572027683258, 0.179937481880188
-0.06338422000408173, 0.27735191583633423
-0.02485901676118374, 0.319101482629776
0.05006736144423485, 0.4289991855621338
0.07523132115602493, 0.4728240966796875
0.15993501245975494, 0.5685459971427917
0.3213638961315155, 0.6924443244934082
0.3507842421531677, 0.7176108956336975
0.45018118619918823, 0.8244919180870056
0.5237951278686523, 0.822892427444458
0.6221532821655273, 0.7628171443939209
0.6615461111068726, 0.6196332573890686
0.6661595702171326, 0.5351272225379944
0.634541392326355, 0.4993447959423065
0.5884021520614624, 0.4255603849887848
0.5645266175270081, 0.3732554614543915
0.5449453592300415, 0.2388768047094345
0.5296006202697754, 0.17884093523025513
0.6160396337509155, 0.0968659445643425
0.6316803097724915, 0.06720142066478729
0.5940046906471252, 0.031854357570409775
0.5134667754173279, 0.030983446165919304
0.43348318338394165, 0.02417350932955742
0.2860803008079529, 0.03931703045964241
0.22002573311328888, -0.0070124599151313305
0.18309234082698822, -0.044144630432128906
0.11709967255592346, -0.13366545736789703
0.10294022411108017, -0.16231492161750793
0.030964232981204987, -0.2664147913455963
-0.0048750583082437515, -0.3029496967792511
-0.10035975277423859, -0.39616042375564575
-0.15251946449279785, -0.4703398048877716
-0.21907930076122284, -0.5995301008224487
-0.2408027946949005, -0.6389095783233643
-0.2893452048301697, -0.6768509745597839
-0.3609153926372528, -0.7558010816574097
-0.3788939118385315, -0.7766351699829102
-0.42268142104148865, -0.8313109278678894
-0.49890363216400146, -0.8532784581184387
-0.5214427709579468, -0.8315734267234802
-0.574230968952179, -0.7838500142097473
-0.696342945098877, -0.7083288431167603
-0.7330805659294128, -0.6192207336425781
-0.7330805659294128, -0.6192207336425781
-0.5800309777259827, -0.3784360885620117
-0.5115480422973633, -0.28149843215942383
-0.05032311752438545, 0.3114200830459595
0.22002573311328888, -0.0070124599151313305
0.030964232981204987, -0.2664147913455963
-0.2408027946949005, -0.6389095783233643
-0.42268142104148865, -0.8313109278678894
-0.49890363216400146, -0.8532784581184387
-0.696342945098877, -0.7083288431167603
-0.05032311752438545, 0.3114200830459595
0.07523132115602493, 0.4728240966796875
0.15993501245975494, 0.5685459971427917
0.45018118619918823, 0.8244919180870056
0.5237951278686523, 0.822892427444458
0.6221532821655273, 0.7628171443939209
0.6615461111068726, 0.6196332573890686
0.6661595702171326, 0.5351272225379944
0.6316803097724915, 0.06720142066478729
0.5940046906471252, 0.031854357570409775
0.22002573311328888, -0.0070124599151313305
