-0.07418975979089737, 0.002664069412276149
-0.04989365115761757, 0.10247022658586502
0.06484510004520416, 0.106410451233387
0.1582387536764145, 0.09389685839414597
0.14402376115322113, 0.046425048261880875
0.09007419645786285, 0.010648897849023342
0.05390648916363716, -0.011020813137292862
-0.0453721322119236, -0.11471392959356308
-0.11278920620679855, -0.10418099910020828
-0.11278920620679855, -0.10418099910020828
-0.04989365115761757, 0.10247022658586502
0.06484510004520416, 0.106410451233387
0.1582387536764145, 0.09389685839414597
0.14402376115322113, 0.046425048261880875
-0.0453721322119236, -0.11471392959356308
