-0.16243226826190948, 0.26415112614631653
-0.1461559385061264, 0.23825481534004211
-0.10970964282751083, 0.16970066726207733
-0.05847834050655365, 0.09963309019804001
-0.029280684888362885, 0.06471441686153412
0.07913520187139511, -0.016303176060318947
0.1463526040315628, -0.13310444355010986
0.1879623979330063, -0.14948922395706177
0.2035239189863205, -0.2123330533504486
0.18698841333389282, -0.23898135125637054
0.145606130361557, -0.2393401563167572
0.09427930414676666, -0.1878819614648819
0.054384876042604446, -0.12173023819923401
-0.02221427485346794, -0.016370154917240143
-0.09281176328659058, 0.047201789915561676
-0.1434336006641388, 0.1227007731795311
-0.18603910505771637, 0.17713358998298645
-0.2178206741809845, 0.24812071025371552
-0.19799019396305084, 0.28736796975135803
-0.2178206741809845, 0.24812071025371552
-0.19799019396305084, 0.28736796975135803
-0.16243226826190948, 0.26415112614631653
0.07913520187139511, -0.016303176060318947
0.1879623979330063, -0.14948922395706177
0.2035239189863205, -0.2123330533504486
0.18698841333389282, -0.23898135125637054
0.145606130361557, -0.2393401563167572
0.09427930414676666, -0.1878819614648819
-0.09281176328659058, 0.047201789915561676
-0.18603910505771637, 0.17713358998298645
