-0.36260926723480225, 0.06579167395830154
-0.33204221725463867, 0.08719899505376816
-0.3052578866481781, 0.10510387271642685
-0.1920572966337204, 0.13713006675243378
-0.07611162215471268, 0.14476236701011658
0.011181225068867207, 0.1779536008834839
0.06905140727758408, 0.18541616201400757
0.17784205079078674, 0.20656853914260864
0.372274786233902, 0.22883757948875427
0.4602121412754059, 0.29696139693260193
0.510757565498352, 0.35050663352012634
0.5837740898132324, 0.4190300703048706
0.6222700476646423, 0.253203809261322
0.6116961240768433, 0.22128884494304657
0.5120230913162231, 0.1703319251537323
0.4771924912929535, 0.1573779135942459
0.38743242621421814, 0.13358263671398163
0.28728553652763367, 0.10578083246946335
0.19780386984348297, -0.01051523070782423
0.14980722963809967, -0.14147023856639862
0.12737558782100677, -0.1730514019727707
0.0866086333990097, -0.22357802093029022
0.058546822518110275, -0.2463875412940979
-0.0483618900179863, -0.27068305015563965
-0.16076545417308807, -0.263932466506958
-0.28529441356658936, -0.2834465503692627
-0.37987595796585083, -0.28165706992149353
-0.3922204077243805, -0.21311955153942108
-0.4053656756877899, -0.08745373785495758
-0.4108297824859619, -0.0012781082186847925
-0.4108297824859619, -0.0012781082186847925
-0.36260926723480225, 0.06579167395830154
-0.33204221725463867, 0.08719899505376816
-0.3052578866481781, 0.10510387271642685
0.5837740898132324, 0.4190300703048706
0.6222700476646423, 0.253203809261322
0.6116961240768433, 0.22128884494304657
0.0866086333990097, -0.22357802093029022
0.058546822518110275, -0.2463875412940979
-0.0483618900179863, -0.27068305015563965
-0.28529441356658936, -0.2834465503692627
-0.37987595796585083, -0.28165706992149353
-0.3922204077243805, -0.21311955153942108
-0.4053656756877899, -0.08745373785495758
