-0.05706847459077835, 0.05108380690217018
-0.03785760700702667, 0.07689639180898666
0.037476759403944016, 0.05847066268324852
0.06006902828812599, 0.0374695360660553
0.07108509540557861, -0.018425818532705307
0.0500403568148613, -0.04798172414302826
-0.05803018435835838, -0.06142234429717064
-0.07445179671049118, 0.013005443848669529
-0.07445179671049118, 0.013005443848669529
-0.05706847459077835, 0.05108380690217018
-0.03785760700702667, 0.07689639180898666
0.037476759403944016, 0.05847066268324852
0.06006902828812599, 0.0374695360660553
0.07108509540557861, -0.018425818532705307
0.0500403568148613, -0.04798172414302826
-0.05803018435835838, -0.06142234429717064
