-0.09514599293470383, -2.7786020655184984E-4
-0.05560525506734848, 0.09048407524824142
0.01641272008419037, 0.1400032937526703
0.07358506321907043, 0.024751830846071243
0.1062849760055542, -0.034522417932748795
0.025582265108823776, -0.12868332862854004
-0.005247261840850115, -0.10435128957033157
-0.08013977110385895, -0.0419410802423954
-0.09514599293470383, -2.7786020655184984E-4
-0.05560525506734848, 0.09048407524824142
0.01641272008419037, 0.1400032937526703
0.1062849760055542, -0.034522417932748795
0.025582265108823776, -0.12868332862854004
-0.005247261840850115, -0.10435128957033157
-0.08013977110385895, -0.0419410802423954
