-0.3905497193336487, 0.27645590901374817
-0.27473583817481995, 0.20681840181350708
-0.1695440709590912, 0.19624295830726624
-0.05657079443335533, 0.14614160358905792
-0.008368070237338543, 0.12039630860090256
0.10959053039550781, 0.08067262917757034
0.15088284015655518, 0.054134551435709
0.20092374086380005, 0.0034194663166999817
0.1923017054796219, -0.14390985667705536
0.18832705914974213, -0.19235573709011078
0.1731840968132019, -0.2979387640953064
0.11039505898952484, -0.2350107580423355
0.04853779077529907, -0.20494407415390015
-0.009165596216917038, -0.12636354565620422
-0.07741998881101608, -0.004753584042191505
-0.08684609085321426, 0.038276899605989456
-0.11878375709056854, 0.11477771401405334
-0.18705815076828003, 0.1549663245677948
-0.27814948558807373, 0.1772618442773819
-0.38018280267715454, 0.19207966327667236
-0.40171054005622864, 0.2194608449935913
-0.4177742898464203, 0.24619150161743164
-0.4177742898464203, 0.24619150161743164
-0.3905497193336487, 0.27645590901374817
-0.1695440709590912, 0.19624295830726624
0.10959053039550781, 0.08067262917757034
0.15088284015655518, 0.054134551435709
0.20092374086380005, 0.0034194663166999817
0.1923017054796219, -0.14390985667705536
0.18832705914974213, -0.19235573709011078
0.1731840968132019, -0.2979387640953064
0.04853779077529907, -0.20494407415390015
-0.38018280267715454, 0.19207966327667236
-0.40171054005622864, 0.2194608449935913
