-0.07555076479911804, 0.1815439760684967
-0.039487648755311966, 0.18483857810497284
0.006218690425157547, 0.16652078926563263
0.05761144310235977, 0.07827722281217575
0.11432855576276779, -0.007583530619740486
0.14186720550060272, -0.11777389049530029
0.0735907256603241, -0.10201894491910934
-0.006144767627120018, -0.16886870563030243
-0.0524146631360054, -0.1734009087085724
-0.06544956564903259, -0.03423828259110451
-0.10019046068191528, 0.06262929737567902
-0.1065523698925972, 0.11014076322317123
-0.10727829486131668, 0.16416586935520172
-0.10727829486131668, 0.16416586935520172
-0.07555076479911804, 0.1815439760684967
-0.039487648755311966, 0.18483857810497284
0.006218690425157547, 0.16652078926563263
0.11432855576276779, -0.007583530619740486
0.14186720550060272, -0.11777389049530029
-0.006144767627120018, -0.16886870563030243
-0.0524146631360054, -0.1734009087085724
-0.10019046068191528, 0.06262929737567902
-0.1065523698925972, 0.11014076322317123
