-0.7004116177558899, -0.18370148539543152
-0.6663343906402588, -0.08502956479787827
-0.4713493287563324, -0.02922181412577629
-0.41428089141845703, -0.01813623309135437
-0.3738247752189636, -0.03240954503417015
-0.2669825553894043, -0.06571260094642639
-0.1472051590681076, -0.046158697456121445
-0.033195845782756805, 0.02579396404325962
0.04329740256071091, 0.07690126448869705
0.11248945444822311, 0.1337667852640152
0.17234139144420624, 0.2540547847747803
0.217850461602211, 0.27462640404701233
0.26915037631988525, 0.29814964532852173
0.37089383602142334, 0.34665894508361816
0.4659898579120636, 0.3544231951236725
0.5154941082000732, 0.34932100772857666
0.4961768686771393, 0.30319803953170776
0.464826762676239, 0.28150057792663574
0.4438224732875824, 0.2650552988052368
0.37661296129226685, 0.21024371683597565
0.36486661434173584, 0.13587267696857452
0.33351173996925354, 0.03603791072964668
0.35682955384254456, -0.03298007696866989
0.32198646664619446, -0.1541825234889984
0.2765389382839203, -0.19635401666164398
0.1379314363002777, -0.12829788029193878
0.08567707240581512, -0.12788061797618866
0.03326604887843132, -0.12758398056030273
-0.03672570735216141, -0.13033297657966614
-0.14645494520664215, -0.14394934475421906
-0.20892339944839478, -0.13687266409397125
-0.34800615906715393, -0.12960323691368103
-0.4210839867591858, -0.10930081456899643
-0.4819950759410858, -0.09636151045560837
-0.6035537123680115, -0.16012923419475555
-0.613508403301239, -0.2552436292171478
-0.6309743523597717, -0.3091248571872711
-0.693604052066803, -0.3027670085430145
-0.7181462049484253, -0.2717454731464386
-0.1472051590681076, -0.046158697456121445
0.17234139144420624, 0.2540547847747803
0.37089383602142334, 0.34665894508361816
0.4659898579120636, 0.3544231951236725
0.5154941082000732, 0.34932100772857666
0.32198646664619446, -0.1541825234889984
0.2765389382839203, -0.19635401666164398
-0.10846715420484543, -0.13923542201519012
-0.7181462049484253, -0.2717454731464386
-0.7004116177558899, -0.18370148539543152
-0.6663343906402588, -0.08502956479787827
-0.5010601282119751, -0.03772551193833351
-0.4819950759410858, -0.09636151045560837
-0.6309743523597717, -0.3091248571872711
-0.693604052066803, -0.3027670085430145
-0.5010601282119751, -0.03772551193833351
-0.4713493287563324, -0.02922181412577629
-0.41428089141845703, -0.01813623309135437
-0.1472051590681076, -0.046158697456121445
-0.10846715420484543, -0.13923542201519012
-0.14645494520664215, -0.14394934475421906
-0.34800615906715393, -0.12960323691368103
-0.4819950759410858, -0.09636151045560837
