-0.5888076424598694, -0.11144331842660904
-0.5805152654647827, -0.06925015896558762
-0.5568662881851196, -0.021802380681037903
-0.46952036023139954, 0.08609866350889206
-0.4243526756763458, 0.12553106248378754
-0.37525758147239685, 0.1609518975019455
-0.3174463212490082, 0.23861871659755707
-0.21979622542858124, 0.31480157375335693
-0.02961629256606102, 0.3912695348262787
0.11206010729074478, 0.4866708517074585
0.19972923398017883, 0.5078091621398926
0.24679416418075562, 0.4679308533668518
0.3482600152492523, 0.4069853127002716
0.33838966488838196, 0.34711501002311707
0.31909260153770447, 0.3240443766117096
0.35375460982322693, 0.19109849631786346
0.3873862326145172, 0.16811203956604004
0.3997056186199188, 0.0564458966255188
0.4813604950904846, -0.16340371966362
0.4736790657043457, -0.22661811113357544
0.37053531408309937, -0.3223499357700348
0.33818113803863525, -0.3412803113460541
0.23723185062408447, -0.36305347084999084
0.18280410766601562, -0.36711618304252625
0.08054433763027191, -0.3850010633468628
0.03607310354709625, -0.4015294015407562
-0.05237431824207306, -0.47234129905700684
-0.06973222643136978, -0.51673823595047
-0.0865938663482666, -0.4696759879589081
-0.12779662013053894, -0.37643855810165405
-0.23219247162342072, -0.27868732810020447
-0.263513445854187, -0.263775497674942
-0.3127667307853699, -0.23542124032974243
-0.34100884199142456, -0.21394243836402893
-0.4449004828929901, -0.15089544653892517
-0.5239399671554565, -0.19807365536689758
-0.5556603670120239, -0.17473465204238892
-0.5888076424598694, -0.11144331842660904
-0.5805152654647827, -0.06925015896558762
-0.5568662881851196, -0.021802380681037903
-0.46952036023139954, 0.08609866350889206
-0.3174463212490082, 0.23861871659755707
-0.21979622542858124, 0.31480157375335693
0.11206010729074478, 0.4866708517074585
0.19972923398017883, 0.5078091621398926
0.3482600152492523, 0.4069853127002716
0.4813604950904846, -0.16340371966362
0.4736790657043457, -0.22661811113357544
0.37053531408309937, -0.3223499357700348
0.33818113803863525, -0.3412803113460541
-0.06973222643136978, -0.51673823595047
-0.5239399671554565, -0.19807365536689758
-0.5556603670120239, -0.17473465204238892
