-0.31514737010002136, -0.01967719942331314
-0.23818925023078918, 0.017527753487229347
-0.17033839225769043, 0.08404264599084854
-0.1395750492811203, 0.1290828287601471
-0.05060980096459389, 0.1876598298549652
-0.026267053559422493, 0.16024485230445862
0.10699962824583054, 0.14357741177082062
0.15375329554080963, 0.16755464673042297
0.19053073227405548, 0.1676039844751358
0.21177326142787933, 0.05604681745171547
0.20756399631500244, -0.0329505130648613
0.14380928874015808, -0.16260914504528046
0.12564116716384888, -0.19692888855934143
0.02642221748828888, -0.15592798590660095
-0.08194349706172943, -0.1281229704618454
-0.12149466574192047, -0.08225031197071075
-0.2197655886411667, -0.06044173985719681
-0.2676916718482971, -0.06828271597623825
-0.32583314180374146, -0.09222662448883057
-0.34611839056015015, -0.04763346537947655
-0.34611839056015015, -0.04763346537947655
-0.31514737010002136, -0.01967719942331314
-0.1395750492811203, 0.1290828287601471
-0.05060980096459389, 0.1876598298549652
0.19053073227405548, 0.1676039844751358
0.21177326142787933, 0.05604681745171547
0.20756399631500244, -0.0329505130648613
0.14380928874015808, -0.16260914504528046
0.12564116716384888, -0.19692888855934143
-0.32583314180374146, -0.09222662448883057
