-0.18385179340839386, -0.18472160398960114
-0.15054184198379517, -0.05515965446829796
-0.13064484298229218, -0.029932569712400436
-0.05238192901015282, 0.0632280632853508
0.0019465652294456959, 0.10239800810813904
0.07970650494098663, 0.20878899097442627
0.1015707477927208, 0.24117785692214966
0.15278100967407227, 0.2582210302352905
0.17411068081855774, 0.23685093224048615
0.15621666610240936, 0.11191287636756897
0.11725388467311859, 0.04749876260757446
0.09159761667251587, 0.014598180539906025
0.01514750998467207, -0.14421029388904572
-0.0413653664290905, -0.18184776604175568
-0.11704210191965103, -0.24404996633529663
-0.1710750013589859, -0.23704470694065094
-0.18385179340839386, -0.18472160398960114
-0.15054184198379517, -0.05515965446829796
-0.13064484298229218, -0.029932569712400436
-0.05238192901015282, 0.0632280632853508
0.1015707477927208, 0.24117785692214966
0.15278100967407227, 0.2582210302352905
0.17411068081855774, 0.23685093224048615
0.15621666610240936, 0.11191287636756897
0.01514750998467207, -0.14421029388904572
-0.11704210191965103, -0.24404996633529663
-0.1710750013589859, -0.23704470694065094
