-0.12342250347137451, 0.16044048964977264
-0.09420401602983475, 0.22186020016670227
-0.10418073832988739, 0.3124488294124603
-0.01224815845489502, 0.25505757331848145
-0.023923266679048538, 0.11014604568481445
0.004113603848963976, 0.06490349024534225
0.08783984929323196, -0.06217171624302864
0.10487253963947296, -0.098891481757164
0.15076611936092377, -0.2314869463443756
0.06687755137681961, -0.29480209946632385
0.0048675620928406715, -0.1818348467350006
-0.009654502384364605, -0.13531941175460815
-0.02321222610771656, -0.0832798182964325
-0.04974548518657684, -0.004872134421020746
-0.09804211556911469, 0.05527672544121742
-0.11804471164941788, 0.12356666475534439
-0.12342250347137451, 0.16044048964977264
-0.10418073832988739, 0.3124488294124603
-0.01224815845489502, 0.25505757331848145
0.15076611936092377, -0.2314869463443756
0.06687755137681961, -0.29480209946632385
0.0048675620928406715, -0.1818348467350006
-0.09804211556911469, 0.05527672544121742
-0.11804471164941788, 0.12356666475534439
