-0.15448762476444244, 0.02014550194144249
-0.10244069248437881, 0.04262158274650574
0.010818082839250565, 0.09552817046642303
0.13400736451148987, 0.1388188749551773
0.16166342794895172, 0.09408644586801529
0.23234175145626068, 0.00976181123405695
0.14671170711517334, -0.0019658952951431274
0.09004810452461243, -0.07128844410181046
-0.05418356880545616, -0.08490496128797531
-0.11414722353219986, -0.08326614648103714
-0.17719188332557678, -0.022479839622974396
-0.17719188332557678, -0.022479839622974396
-0.15448762476444244, 0.02014550194144249
0.010818082839250565, 0.09552817046642303
0.13400736451148987, 0.1388188749551773
0.23234175145626068, 0.00976181123405695
0.09004810452461243, -0.07128844410181046
-0.05418356880545616, -0.08490496128797531
-0.11414722353219986, -0.08326614648103714
