-0.08654462546110153, -0.03330941125750542
-0.07109741121530533, 0.019101306796073914
-0.03340109437704086, 0.057166557759046555
0.05762025713920593, 0.1228066086769104
0.08738160133361816, 0.08120936155319214
0.06899850070476532, 0.04315009340643883
-0.001404179842211306, -0.08664516359567642
-0.03142019733786583, -0.1424974501132965
-0.08654462546110153, -0.03330941125750542
-0.07109741121530533, 0.019101306796073914
-0.03340109437704086, 0.057166557759046555
0.05762025713920593, 0.1228066086769104
0.08738160133361816, 0.08120936155319214
0.06899850070476532, 0.04315009340643883
-0.03142019733786583, -0.1424974501132965
