-0.07576946914196014, -0.0023328664246946573
-0.033421628177165985, 0.035890188068151474
0.013715287670493126, 0.0745973065495491
0.059727247804403305, 0.09656070917844772
0.08070061355829239, 0.04274459928274155
0.07729358971118927, 0.0038739738520234823
0.029404273256659508, -0.02228664793074131
-0.03270430862903595, -0.11560428142547607
-0.07576946914196014, -0.0023328664246946573
-0.033421628177165985, 0.035890188068151474
0.013715287670493126, 0.0745973065495491
0.059727247804403305, 0.09656070917844772
0.08070061355829239, 0.04274459928274155
0.07729358971118927, 0.0038739738520234823
-0.03270430862903595, -0.11560428142547607
