-0.0990220308303833, 0.43246251344680786
-0.027303379029035568, 0.4345400035381317
0.009928155690431595, 0.42571139335632324
0.12516389787197113, 0.39542269706726074
0.16811028122901917, 0.3784475326538086
0.18048357963562012, 0.31011512875556946
0.16717132925987244, 0.2584160268306732
0.1457768976688385, 0.1899077296257019
0.14809907972812653, 0.08707574009895325
0.12778431177139282, -0.053670551627874374
0.12389186024665833, -0.1305042952299118
0.11267001181840897, -0.26382341980934143
0.08173210918903351, -0.37378865480422974
0.06403322517871857, -0.47863540053367615
-0.05181165784597397, -0.4757235646247864
-0.14661671221256256, -0.4623221457004547
-0.10636485368013382, -0.33480891585350037
-0.11846248060464859, -0.28026556968688965
-0.1200743019580841, -0.22820372879505157
-0.12054549902677536, -0.11080817133188248
-0.12245164811611176, -0.06932305544614792
-0.13209545612335205, 0.06425651162862778
-0.14537309110164642, 0.12966953217983246
-0.1407017856836319, 0.1886349618434906
-0.12677660584449768, 0.30869799852371216
-0.13771627843379974, 0.34949126839637756
-0.16286836564540863, 0.42291784286499023
-0.16286836564540863, 0.42291784286499023
-0.0990220308303833, 0.43246251344680786
-0.027303379029035568, 0.4345400035381317
0.009928155690431595, 0.42571139335632324
0.12516389787197113, 0.39542269706726074
0.16811028122901917, 0.3784475326538086
0.18048357963562012, 0.31011512875556946
0.11267001181840897, -0.26382341980934143
0.06403322517871857, -0.47863540053367615
-0.05181165784597397, -0.4757235646247864
-0.14661671221256256, -0.4623221457004547
