-0.18579773604869843, 0.09090641140937805
-0.14617383480072021, 0.06446406990289688
-0.059058625251054764, 0.03521056845784187
0.0029411267023533583, 0.04415692761540413
0.04122114181518555, 0.032126110047101974
0.10316235572099686, -0.007996520958840847
0.21398067474365234, -0.02742081694304943
0.24316111207008362, -0.10259629040956497
0.15792454779148102, -0.06131051108241081
0.03119647316634655, -0.05136150121688843
-0.015586798079311848, -0.03533615171909332
-0.10223494470119476, 5.768767441622913E-4
-0.1921004205942154, 0.03479035571217537
-0.1921004205942154, 0.03479035571217537
-0.18579773604869843, 0.09090641140937805
0.0029411267023533583, 0.04415692761540413
0.04122114181518555, 0.032126110047101974
0.21398067474365234, -0.02742081694304943
0.24316111207008362, -0.10259629040956497
0.03119647316634655, -0.05136150121688843
-0.015586798079311848, -0.03533615171909332
