-0.02748716250061989, 0.08151150494813919
0.051621124148368835, 0.024058591574430466
0.060247182846069336, -0.011285546235740185
0.054467443376779556, -0.10482598841190338
0.01766698993742466, -0.09699932485818863
-0.03734203428030014, -0.030429162085056305
-0.10998710244894028, 0.09224958717823029
-0.10998710244894028, 0.09224958717823029
-0.02748716250061989, 0.08151150494813919
0.051621124148368835, 0.024058591574430466
0.060247182846069336, -0.011285546235740185
0.054467443376779556, -0.10482598841190338
0.01766698993742466, -0.09699932485818863
-0.03734203428030014, -0.030429162085056305
