-0.29388704895973206, 0.2570153772830963
-0.22169086337089539, 0.290959894657135
-0.14715619385242462, 0.22206494212150574
-0.09186852723360062, 0.18031668663024902
-0.013246490620076656, 0.09497394412755966
0.05663067102432251, 0.039035726338624954
0.14616398513317108, -0.019808078184723854
0.207951620221138, -0.09673316776752472
0.2676100730895996, -0.18426848948001862
0.30086827278137207, -0.2286253720521927
0.3223346471786499, -0.2653762102127075
0.2771439552307129, -0.2784741222858429
0.14100736379623413, -0.22447310388088226
0.1053927019238472, -0.19811809062957764
0.01541794091463089, -0.10400477051734924
-0.06390170007944107, -0.026049619540572166
-0.0918307900428772, 0.009439114481210709
-0.13338693976402283, 0.05282067880034447
-0.2285224199295044, 0.12161237001419067
-0.26373329758644104, 0.15315279364585876
-0.32037970423698425, 0.2192734330892563
-0.32037970423698425, 0.2192734330892563
-0.29388704895973206, 0.2570153772830963
-0.22169086337089539, 0.290959894657135
0.14616398513317108, -0.019808078184723854
0.207951620221138, -0.09673316776752472
0.30086827278137207, -0.2286253720521927
0.3223346471786499, -0.2653762102127075
0.2771439552307129, -0.2784741222858429
0.14100736379623413, -0.22447310388088226
0.1053927019238472, -0.19811809062957764
-0.26373329758644104, 0.15315279364585876
