-0.11125004291534424, 0.30391308665275574
-0.07536906749010086, 0.33953070640563965
0.014608170837163925, 0.24004153907299042
0.02616901695728302, 0.17273908853530884
0.030257847160100937, 0.13911648094654083
0.03679732605814934, 0.0915253609418869
0.041575171053409576, 0.015400372445583344
0.08384140580892563, -0.11715091019868851
0.10703398287296295, -0.1536807268857956
0.13212010264396667, -0.20203755795955658
0.15776808559894562, -0.25682681798934937
0.14743687212467194, -0.3169577121734619
0.11790528148412704, -0.38452914357185364
0.08172812312841415, -0.3176161050796509
0.0286880973726511, -0.2554226219654083
-0.018321437761187553, -0.19498175382614136
-0.030502043664455414, -0.1455521285533905
-0.07509331405162811, -0.011841271072626114
-0.08652958273887634, 0.0467638298869133
-0.12128310650587082, 0.18186978995800018
-0.12705008685588837, 0.25767871737480164
-0.12705008685588837, 0.25767871737480164
-0.11125004291534424, 0.30391308665275574
-0.07536906749010086, 0.33953070640563965
0.014608170837163925, 0.24004153907299042
0.15776808559894562, -0.25682681798934937
0.14743687212467194, -0.3169577121734619
0.11790528148412704, -0.38452914357185364
-0.018321437761187553, -0.19498175382614136
-0.07509331405162811, -0.011841271072626114
-0.12128310650587082, 0.18186978995800018
