-0.06249382346868515, 0.12332774698734283
-0.024914007633924484, 0.11319723725318909
0.05290444940328598, 0.08007033169269562
0.06219826266169548, 0.039518803358078
0.10111624747514725, -0.0897553339600563
0.02814084105193615, -0.12441643327474594
4.0694972267374396E-4, -0.1363072544336319
-0.025836393237113953, -0.09240411221981049
-0.0327378511428833, -0.026249976828694344
-0.09365615993738174, 0.08525709807872772
-0.1142893061041832, 0.10771531611680984
-0.12557083368301392, 0.13713885843753815
-0.12557083368301392, 0.13713885843753815
-0.06249382346868515, 0.12332774698734283
-0.024914007633924484, 0.11319723725318909
0.05290444940328598, 0.08007033169269562
0.10111624747514725, -0.0897553339600563
0.02814084105193615, -0.12441643327474594
4.0694972267374396E-4, -0.1363072544336319
-0.025836393237113953, -0.09240411221981049
-0.1142893061041832, 0.10771531611680984
