-0.14724691212177277, 0.11167005449533463
-0.13427722454071045, 0.14845259487628937
-0.08931711316108704, 0.13486145436763763
-0.016137778759002686, 0.12025832384824753
0.06597844511270523, 0.1556803584098816
0.10501447319984436, 0.17997398972511292
0.2102508395910263, 0.2031513750553131
0.2238149642944336, 0.15952499210834503
0.18342472612857819, 0.10157617926597595
0.0903702974319458, -0.011927186511456966
0.12961271405220032, -0.06389717012643814
0.12116115540266037, -0.1295836865901947
0.09483126550912857, -0.1558670699596405
-0.051353782415390015, -0.16175337135791779
-0.08802995830774307, -0.15394280850887299
-0.16014672815799713, -0.13492050766944885
-0.16093304753303528, -0.10150294750928879
-0.16093304753303528, -0.10150294750928879
-0.14724691212177277, 0.11167005449533463
-0.13427722454071045, 0.14845259487628937
0.2102508395910263, 0.2031513750553131
0.2238149642944336, 0.15952499210834503
0.12116115540266037, -0.1295836865901947
0.09483126550912857, -0.1558670699596405
-0.051353782415390015, -0.16175337135791779
-0.08802995830774307, -0.15394280850887299
-0.16014672815799713, -0.13492050766944885
