-0.052008017897605896, 0.07947459816932678
-0.007394271437078714, 0.07527603209018707
0.020677998661994934, 0.05331595242023468
0.07465878129005432, -0.022685572504997253
0.04642542824149132, -0.0694393664598465
-0.014362860471010208, -0.12998977303504944
-0.05048566311597824, -0.03892657160758972
-0.06460604816675186, 0.02567954733967781
-0.06460604816675186, 0.02567954733967781
-0.052008017897605896, 0.07947459816932678
-0.007394271437078714, 0.07527603209018707
0.020677998661994934, 0.05331595242023468
0.07465878129005432, -0.022685572504997253
0.04642542824149132, -0.0694393664598465
-0.014362860471010208, -0.12998977303504944
-0.05048566311597824, -0.03892657160758972
