-0.4761435091495514, -0.12898358702659607
-0.45135658979415894, -0.02854561246931553
-0.41651245951652527, 0.04998236149549484
-0.395593523979187, 0.13135725259780884
-0.34231024980545044, 0.20613305270671844
-0.3167339861392975, 0.2636922001838684
-0.2732962369918823, 0.3229154944419861
-0.21149209141731262, 0.45593512058258057
-0.13311970233917236, 0.5753280520439148
-0.08816715329885483, 0.6498630046844482
-0.03221258148550987, 0.7022910118103027
-0.0021098763681948185, 0.6931406259536743
0.13883450627326965, 0.6166266202926636
0.20502281188964844, 0.5671733021736145
0.29239171743392944, 0.5934355854988098
0.4038785398006439, 0.6221215128898621
0.5067375898361206, 0.5587261915206909
0.5480029582977295, 0.5415774583816528
0.6356223821640015, 0.468354195356369
0.7134183049201965, 0.44123712182044983
0.6892563700675964, 0.36314070224761963
0.6399362087249756, 0.27754098176956177
0.5839936137199402, 0.22258833050727844
0.5309926271438599, 0.17238563299179077
0.4205884039402008, 0.10813489556312561
0.4014066159725189, 0.08119611442089081
0.3715529143810272, 0.027943067252635956
0.34863829612731934, -0.002708619460463524
0.27825871109962463, -0.07773629575967789
0.25118696689605713, -0.1225045919418335
0.225802481174469, -0.14638446271419525
0.1869697868824005, -0.16754381358623505
0.10295180976390839, -0.2590303421020508
0.040922895073890686, -0.3576439321041107
0.017199771478772163, -0.40091097354888916
-0.03730742633342743, -0.48104751110076904
-0.060226865112781525, -0.5483778715133667
-0.06931901723146439, -0.5811637043952942
-0.12988319993019104, -0.6876492500305176
-0.1792324185371399, -0.8198163509368896
-0.17705810070037842, -0.8754162192344666
-0.22389107942581177, -0.959784209728241
-0.2567076086997986, -0.9983212947845459
-0.31900277733802795, -1.0502017736434937
-0.3541463613510132, -1.0165717601776123
-0.3841615319252014, -0.9679016470909119
-0.41544729471206665, -0.9060218334197998
-0.43371903896331787, -0.7934902906417847
-0.4301746189594269, -0.7532301545143127
-0.46122393012046814, -0.6269521117210388
-0.455091655254364, -0.5688435435295105
-0.418084979057312, -0.525772750377655
-0.37610378861427307, -0.4786791503429413
-0.3562755882740021, -0.3754652142524719
-0.41358065605163574, -0.2840348482131958
-0.48005998134613037, -0.22110486030578613
-0.48005998134613037, -0.22110486030578613
-0.4761435091495514, -0.12898358702659607
-0.45135658979415894, -0.02854561246931553
-0.395593523979187, 0.13135725259780884
-0.21149209141731262, 0.45593512058258057
-0.08816715329885483, 0.6498630046844482
-0.03221258148550987, 0.7022910118103027
0.4038785398006439, 0.6221215128898621
0.5480029582977295, 0.5415774583816528
0.7134183049201965, 0.44123712182044983
0.6892563700675964, 0.36314070224761963
0.6399362087249756, 0.27754098176956177
-0.22389107942581177, -0.959784209728241
-0.2567076086997986, -0.9983212947845459
-0.31900277733802795, -1.0502017736434937
-0.3541463613510132, -1.0165717601776123
-0.3841615319252014, -0.9679016470909119
-0.41544729471206665, -0.9060218334197998
-0.46122393012046814, -0.6269521117210388
