-0.22406724095344543, 0.14761966466903687
-0.18834877014160156, 0.19445128738880157
-0.08129257708787918, 0.27089735865592957
-0.046094316989183426, 0.30638739466667175
-0.015284921042621136, 0.3021523058414459
0.01564960367977619, 0.2946571409702301
0.04526183381676674, 0.2863140106201172
0.07573346048593521, 0.27498066425323486
0.12582533061504364, 0.23297543823719025
0.18804088234901428, 0.13866834342479706
0.19614897668361664, 0.05433240532875061
0.2109205573797226, -0.02304285205900669
0.21390514075756073, -0.08685502409934998
0.20444366335868835, -0.1464966982603073
0.166707381606102, -0.2526871860027313
0.14867813885211945, -0.29523807764053345
0.10042531788349152, -0.3411162197589874
0.018730729818344116, -0.3031371235847473
-0.008515462279319763, -0.28875380754470825
-0.06757396459579468, -0.23034867644309998
-0.12528206408023834, -0.16347625851631165
-0.17278312146663666, -0.12153580039739609
-0.22383947670459747, -0.017734304070472717
-0.27844706177711487, 0.06910035014152527
-0.27844706177711487, 0.06910035014152527
-0.22406724095344543, 0.14761966466903687
-0.18834877014160156, 0.19445128738880157
-0.046094316989183426, 0.30638739466667175
-0.015284921042621136, 0.3021523058414459
0.01564960367977619, 0.2946571409702301
0.04526183381676674, 0.2863140106201172
0.07573346048593521, 0.27498066425323486
0.12582533061504364, 0.23297543823719025
0.18804088234901428, 0.13866834342479706
0.2109205573797226, -0.02304285205900669
0.21390514075756073, -0.08685502409934998
0.20444366335868835, -0.1464966982603073
0.166707381606102, -0.2526871860027313
0.14867813885211945, -0.29523807764053345
0.10042531788349152, -0.3411162197589874
0.018730729818344116, -0.3031371235847473
-0.008515462279319763, -0.28875380754470825
-0.06757396459579468, -0.23034867644309998
-0.17278312146663666, -0.12153580039739609
