-0.030743686482310295, 0.07248680293560028
0.012003935873508453, 0.05265403538942337
0.07397563755512238, -0.010081235319375992
0.08307743072509766, -0.05727756395936012
0.01848546974360943, -0.07119970768690109
-0.01624978519976139, -0.0610375851392746
-0.05264711380004883, -0.005541602149605751
-0.06815918534994125, 0.047841593623161316
-0.06815918534994125, 0.047841593623161316
-0.030743686482310295, 0.07248680293560028
0.012003935873508453, 0.05265403538942337
0.07397563755512238, -0.010081235319375992
0.08307743072509766, -0.05727756395936012
0.01848546974360943, -0.07119970768690109
-0.01624978519976139, -0.0610375851392746
-0.05264711380004883, -0.005541602149605751
