-0.16428199410438538, 0.1306382417678833
-0.10588803887367249, 0.17698341608047485
0.00654674181714654, 0.25364071130752563
0.03381698578596115, 0.2690802216529846
0.06401004642248154, 0.2369237095117569
0.09449946135282516, 0.19843578338623047
0.18812395632266998, 0.09218944609165192
0.1791023164987564, 0.05063003674149513
0.1617646962404251, -0.08283237367868423
0.1495661586523056, -0.19801032543182373
0.134884312748909, -0.22457465529441833
0.0952007845044136, -0.25021904706954956
0.01837070845067501, -0.24425362050533295
-0.049491968005895615, -0.2279900759458542
-0.14975762367248535, -0.12323133647441864
-0.16643348336219788, -0.08595279604196548
-0.19145330786705017, -0.01287120021879673
-0.20522521436214447, 0.039000291377305984
-0.20522521436214447, 0.039000291377305984
-0.16428199410438538, 0.1306382417678833
-0.10588803887367249, 0.17698341608047485
0.00654674181714654, 0.25364071130752563
0.03381698578596115, 0.2690802216529846
0.06401004642248154, 0.2369237095117569
0.18812395632266998, 0.09218944609165192
0.1495661586523056, -0.19801032543182373
0.134884312748909, -0.22457465529441833
0.0952007845044136, -0.25021904706954956
0.01837070845067501, -0.24425362050533295
-0.049491968005895615, -0.2279900759458542
-0.14975762367248535, -0.12323133647441864
-0.16643348336219788, -0.08595279604196548
-0.19145330786705017, -0.01287120021879673
