-0.21768449246883392, 0.08937658369541168
-0.17719966173171997, 0.14581412076950073
-0.1046210527420044, 0.10605316609144211
-0.008399893529713154, 0.03859942406415939
0.10915558785200119, -0.00632836576551199
0.1504870504140854, -0.028875356540083885
0.27032098174095154, -0.07312364876270294
0.3523297607898712, -0.09821069985628128
0.2869642972946167, -0.12241289019584656
0.16650719940662384, -0.0906132310628891
0.09056447446346283, -0.06219868361949921
0.02336384914815426, -0.0384671576321125
-0.13370229303836823, -0.03325290605425835
-0.16957935690879822, -0.019308635964989662
-0.21314212679862976, 0.021079260855913162
-0.23711825907230377, 0.0557560920715332
-0.23711825907230377, 0.0557560920715332
-0.21768449246883392, 0.08937658369541168
-0.17719966173171997, 0.14581412076950073
0.3523297607898712, -0.09821069985628128
0.2869642972946167, -0.12241289019584656
-0.13370229303836823, -0.03325290605425835
-0.16957935690879822, -0.019308635964989662
-0.21314212679862976, 0.021079260855913162
