-0.0465693436563015, -0.010988058522343636
-0.026482464745640755, 0.047375522553920746
0.04187411814928055, 0.137544184923172
0.06951167434453964, 0.08887358754873276
0.021148357540369034, -0.033447135239839554
0.011432403698563576, -0.08798345923423767
-0.036502473056316376, -0.11312000453472137
-0.0465693436563015, -0.010988058522343636
-0.026482464745640755, 0.047375522553920746
0.04187411814928055, 0.137544184923172
0.06951167434453964, 0.08887358754873276
0.011432403698563576, -0.08798345923423767
-0.036502473056316376, -0.11312000453472137
