-0.07075802236795425, -0.04807543382048607
-0.05876445025205612, 0.04376009479165077
-0.04463377222418785, 0.07894647121429443
0.002693582559004426, 0.1268473118543625
0.03742307424545288, 0.1527613252401352
0.06677838414907455, 0.003395091975107789
0.0825449526309967, -0.024030087515711784
0.06575776636600494, -0.05516967177391052
0.03721309453248978, -0.09201221913099289
-0.029461203143000603, -0.09964034706354141
-0.07075802236795425, -0.04807543382048607
-0.05876445025205612, 0.04376009479165077
-0.04463377222418785, 0.07894647121429443
0.002693582559004426, 0.1268473118543625
0.03742307424545288, 0.1527613252401352
0.0825449526309967, -0.024030087515711784
0.06575776636600494, -0.05516967177391052
0.03721309453248978, -0.09201221913099289
-0.029461203143000603, -0.09964034706354141
