-0.15484492480754852, -0.028680995106697083
-0.15021617710590363, 0.07243460416793823
-0.025321321561932564, 0.051309291273355484
0.0585622563958168, 0.02032044529914856
0.1403133124113083, -0.0076887886971235275
0.1695660799741745, -0.0477970615029335
0.15544913709163666, -0.07726481556892395
0.06969082355499268, -0.06753762811422348
0.02665986306965351, -0.030677666887640953
-0.032954394817352295, -0.011792751029133797
-0.15484492480754852, -0.028680995106697083
-0.15021617710590363, 0.07243460416793823
-0.025321321561932564, 0.051309291273355484
0.1403133124113083, -0.0076887886971235275
0.1695660799741745, -0.0477970615029335
0.15544913709163666, -0.07726481556892395
0.06969082355499268, -0.06753762811422348
