-0.3458496332168579, 0.483491986989975
-0.3130851089954376, 0.49417391419410706
-0.25488540530204773, 0.45493388175964355
-0.241658553481102, 0.37791791558265686
-0.22372761368751526, 0.3226603865623474
-0.11194640398025513, 0.2913784384727478
-0.028805740177631378, 0.3156229257583618
0.07333346456289291, 0.31129175424575806
0.14280088245868683, 0.34012681245803833
0.20806489884853363, 0.32868051528930664
0.24428978562355042, 0.286017507314682
0.3160786032676697, 0.20856641232967377
0.2933851480484009, 0.15154017508029938
0.2661468982696533, 0.01638690195977688
0.255990207195282, -0.022337788715958595
0.21679888665676117, -0.04842373728752136
0.16511376202106476, -0.05098579451441765
0.08814068138599396, -0.16782300174236298
0.1113555058836937, -0.24307197332382202
0.20586274564266205, -0.4006373882293701
0.28756874799728394, -0.46288973093032837
0.237215057015419, -0.5283745527267456
0.16838283836841583, -0.5119547843933105
0.04255238547921181, -0.47285550832748413
-0.022249756380915642, -0.44961968064308167
-0.03843846544623375, -0.35633161664009094
-0.04700019955635071, -0.3096000850200653
-0.055465664714574814, -0.28525957465171814
-0.1759873777627945, -0.22350101172924042
-0.20031003654003143, -0.09959331154823303
-0.1860073059797287, -0.030254218727350235
-0.18184657394886017, 0.026961548253893852
-0.23137186467647552, 0.12331383675336838
-0.21456098556518555, 0.20442329347133636
-0.29428690671920776, 0.31990212202072144
-0.3660435676574707, 0.38328638672828674
-0.36127886176109314, 0.42661339044570923
-0.18922856450080872, -0.15604597330093384
0.08814068138599396, -0.16782300174236298
0.28756874799728394, -0.46288973093032837
0.237215057015419, -0.5283745527267456
0.16838283836841583, -0.5119547843933105
0.04255238547921181, -0.47285550832748413
-0.022249756380915642, -0.44961968064308167
-0.1759873777627945, -0.22350101172924042
-0.3660435676574707, 0.38328638672828674
-0.36127886176109314, 0.42661339044570923
-0.3458496332168579, 0.483491986989975
-0.3130851089954376, 0.49417391419410706
0.20806489884853363, 0.32868051528930664
0.3160786032676697, 0.20856641232967377
0.2661468982696533, 0.01638690195977688
0.255990207195282, -0.022337788715958595
0.08814068138599396, -0.16782300174236298
-0.18922856450080872, -0.15604597330093384
