-0.390013724565506, -0.1997486799955368
-0.3877639174461365, -0.1488819718360901
-0.2949024736881256, -0.07121751457452774
-0.2729405462741852, -0.029141750186681747
-0.19782668352127075, 0.03910789266228676
-0.12897038459777832, 0.040294282138347626
-0.006901078391820192, 0.0896039605140686
0.019303251057863235, 0.14381572604179382
0.07426286488771439, 0.23515909910202026
0.11830813437700272, 0.2645088732242584
0.16434521973133087, 0.2539575695991516
0.21303881704807281, 0.229885995388031
0.25986987352371216, 0.14784160256385803
0.27792251110076904, 0.11649485677480698
0.27011990547180176, -0.010541170835494995
0.24546411633491516, -0.1075722873210907
0.21670815348625183, -0.11982257664203644
0.06511590629816055, -0.08097803592681885
-0.04827763885259628, -0.03587544709444046
-0.09761758148670197, -0.051826294511556625
-0.19264939427375793, -0.10792843252420425
-0.260553777217865, -0.21567586064338684
-0.24010704457759857, -0.2535514831542969
-0.3360334038734436, -0.3486965000629425
-0.3713875412940979, -0.3996228277683258
-0.36193758249282837, -0.34643736481666565
-0.390013724565506, -0.1997486799955368
-0.3877639174461365, -0.1488819718360901
-0.2729405462741852, -0.029141750186681747
-0.19782668352127075, 0.03910789266228676
-0.1552092730998993, 0.06981541961431503
-0.09761758148670197, -0.051826294511556625
-0.24010704457759857, -0.2535514831542969
-0.3713875412940979, -0.3996228277683258
-0.1552092730998993, 0.06981541961431503
0.07426286488771439, 0.23515909910202026
0.11830813437700272, 0.2645088732242584
0.16434521973133087, 0.2539575695991516
0.21303881704807281, 0.229885995388031
0.27792251110076904, 0.11649485677480698
0.27011990547180176, -0.010541170835494995
0.24546411633491516, -0.1075722873210907
0.21670815348625183, -0.11982257664203644
-0.09761758148670197, -0.051826294511556625
