-0.07839871197938919, 0.09484021365642548
0.04412194713950157, 0.062101949006319046
0.07547324895858765, 0.028265293687582016
0.07976295799016953, -0.013082430697977543
0.07099379599094391, -0.05920449644327164
0.05618796870112419, -0.09281548112630844
0.012675628997385502, -0.09197325259447098
-0.0197719968855381, -0.07335075736045837
-0.08627229183912277, -0.017469996586441994
-0.08627229183912277, -0.017469996586441994
-0.07839871197938919, 0.09484021365642548
0.04412194713950157, 0.062101949006319046
0.07547324895858765, 0.028265293687582016
0.07976295799016953, -0.013082430697977543
0.07099379599094391, -0.05920449644327164
0.05618796870112419, -0.09281548112630844
0.012675628997385502, -0.09197325259447098
-0.0197719968855381, -0.07335075736045837
