-0.2340100258588791, -0.001472107949666679
-0.2252245992422104, 0.08703695982694626
-0.20354561507701874, 0.12107629328966141
-0.13323989510536194, 0.13668113946914673
-0.06261293590068817, 0.22489407658576965
-0.0962008684873581, 0.3463665544986725
-0.0942639485001564, 0.4002775251865387
-0.043181970715522766, 0.30791229009628296
0.0898752212524414, 0.29414674639701843
0.22140465676784515, 0.24339674413204193
0.19858358800411224, 0.20568488538265228
0.20121042430400848, 0.06122072413563728
0.26946553587913513, -0.021173566579818726
0.3323495388031006, -0.03425027057528496
0.4064183831214905, -0.029867393895983696
0.396529883146286, -0.06697956472635269
0.37247419357299805, -0.09316038340330124
0.23994341492652893, -0.14487771689891815
0.20082387328147888, -0.1212623342871666
0.06124206632375717, -0.12297526746988297
-0.016097914427518845, -0.23472630977630615
-0.004153864458203316, -0.2819462716579437
-0.09858088195323944, -0.30791300535202026
-0.14206132292747498, -0.29364484548568726
-0.18201181292533875, -0.27563267946243286
-0.2338884472846985, -0.2334311306476593
-0.23395617306232452, -0.19619663059711456
-0.20736299455165863, -0.11441794782876968
-0.2340100258588791, -0.001472107949666679
-0.2252245992422104, 0.08703695982694626
-0.0942639485001564, 0.4002775251865387
0.22140465676784515, 0.24339674413204193
0.4064183831214905, -0.029867393895983696
0.396529883146286, -0.06697956472635269
0.37247419357299805, -0.09316038340330124
-0.004153864458203316, -0.2819462716579437
-0.09858088195323944, -0.30791300535202026
-0.14206132292747498, -0.29364484548568726
-0.18201181292533875, -0.27563267946243286
-0.2338884472846985, -0.2334311306476593
-0.23395617306232452, -0.19619663059711456
