-0.17327655851840973, 0.12588785588741302
-0.037193674594163895, 0.10433337837457657
0.006640712730586529, 0.14703349769115448
0.046453285962343216, 0.19199612736701965
0.06537771224975586, 0.16684815287590027
0.11725063621997833, 0.09362059086561203
0.17921365797519684, 0.0018708002753555775
0.23565611243247986, -0.07243979722261429
0.19996079802513123, -0.08010873943567276
0.10032268613576889, -0.0651078075170517
-0.02096841111779213, -0.1367928385734558
-0.02280893549323082, -0.20441997051239014
-0.06800777465105057, -0.2584896385669708
-0.09338591247797012, -0.23879963159561157
-0.09177916496992111, -0.171791672706604
-0.07610131800174713, -0.1120339184999466
-0.07592408359050751, -0.025967231020331383
-0.20207414031028748, 0.02993018925189972
-0.20324887335300446, 0.10808664560317993
-0.20324887335300446, 0.10808664560317993
-0.17327655851840973, 0.12588785588741302
0.046453285962343216, 0.19199612736701965
0.06537771224975586, 0.16684815287590027
0.23565611243247986, -0.07243979722261429
-0.06800777465105057, -0.2584896385669708
-0.09338591247797012, -0.23879963159561157
-0.20207414031028748, 0.02993018925189972
