-0.06816671788692474, 0.05388516187667847
-0.04182204604148865, 0.07988718897104263
0.11621923744678497, 0.021540600806474686
0.055977001786231995, -0.07323864102363586
0.009084383025765419, -0.0876704677939415
-0.08124641329050064, -0.020217055454850197
-0.08124641329050064, -0.020217055454850197
-0.06816671788692474, 0.05388516187667847
-0.04182204604148865, 0.07988718897104263
0.11621923744678497, 0.021540600806474686
0.055977001786231995, -0.07323864102363586
0.009084383025765419, -0.0876704677939415
