-0.14226771891117096, 0.04959436133503914
-0.12703514099121094, 0.10346898436546326
-0.003478504717350006, 0.03571376949548721
0.06588318198919296, 0.02986026555299759
0.1030120924115181, 0.013964303769171238
0.11893035471439362, -0.05941057577729225
0.045442286878824234, -0.06691206991672516
-0.07518117874860764, -0.016610514372587204
-0.11876147985458374, 0.007234312128275633
-0.14226771891117096, 0.04959436133503914
-0.12703514099121094, 0.10346898436546326
0.06588318198919296, 0.02986026555299759
0.1030120924115181, 0.013964303769171238
0.11893035471439362, -0.05941057577729225
0.045442286878824234, -0.06691206991672516
-0.07518117874860764, -0.016610514372587204
-0.11876147985458374, 0.007234312128275633
