-0.3685078024864197, 0.04149209335446358
-0.34735774993896484, 0.07738806307315826
-0.2994486093521118, 0.18823930621147156
-0.18726424872875214, 0.14281298220157623
-0.046232257038354874, 0.12905047833919525
0.06966957449913025, 0.12971673905849457
0.16660916805267334, 0.200502410531044
0.19824917614459991, 0.22824038565158844
0.25546354055404663, 0.2733725607395172
0.2807481586933136, 0.2918122112751007
0.3117181062698364, 0.3130020499229431
0.3392149806022644, 0.2676587402820587
0.2853652834892273, 0.18028858304023743
0.2631639838218689, 0.1105627566576004
0.24294158816337585, 0.04617210105061531
0.2579910159111023, -0.09772877395153046
0.33544921875, -0.22164928913116455
0.35999709367752075, -0.29600822925567627
0.3081613779067993, -0.3152187466621399
0.19098983705043793, -0.24200811982154846
0.10051774978637695, -0.20319248735904694
-0.019524522125720978, -0.13437941670417786
-0.08815674483776093, -0.11617287993431091
-0.10910964012145996, -0.11303015798330307
-0.24741436541080475, -0.1065625548362732
-0.27800968289375305, -0.10663546621799469
-0.36562249064445496, -0.10938353091478348
-0.41944873332977295, -0.08138460665941238
-0.41944873332977295, -0.08138460665941238
-0.3685078024864197, 0.04149209335446358
-0.2994486093521118, 0.18823930621147156
0.3117181062698364, 0.3130020499229431
0.3392149806022644, 0.2676587402820587
0.35999709367752075, -0.29600822925567627
0.3081613779067993, -0.3152187466621399
-0.36562249064445496, -0.10938353091478348
