-0.20867019891738892, 0.15867461264133453
-0.1884239912033081, 0.1889382153749466
-0.08548801392316818, 0.17814280092716217
0.049513883888721466, 0.14610110223293304
0.04980025812983513, 0.10016760230064392
0.05438120663166046, 0.04971752688288689
0.14648686349391937, -0.015803717076778412
0.2734593451023102, -0.04935917630791664
0.3068470060825348, -0.07923942804336548
0.2775362432003021, -0.11948104947805405
0.15118958055973053, -0.1654099076986313
0.10111815482378006, -0.1605345606803894
0.055148158222436905, -0.12457309663295746
-0.04550924152135849, -0.09380891174077988
-0.13934564590454102, -0.09889239072799683
-0.18387067317962646, 0.01007656380534172
-0.2289491444826126, 0.038183581084012985
-0.23991695046424866, 0.10679494589567184
-0.23991695046424866, 0.10679494589567184
-0.20867019891738892, 0.15867461264133453
-0.1884239912033081, 0.1889382153749466
-0.08548801392316818, 0.17814280092716217
0.049513883888721466, 0.14610110223293304
0.2734593451023102, -0.04935917630791664
0.3068470060825348, -0.07923942804336548
0.2775362432003021, -0.11948104947805405
0.15118958055973053, -0.1654099076986313
0.10111815482378006, -0.1605345606803894
-0.13934564590454102, -0.09889239072799683
-0.2289491444826126, 0.038183581084012985
