-0.31940925121307373, 0.10922026634216309
-0.1884765625, 0.1824091374874115
-0.07913856208324432, 0.23884598910808563
0.056058671325445175, 0.2931860387325287
0.15571783483028412, 0.32703086733818054
0.11948780715465546, 0.25415363907814026
0.07468286901712418, 0.2217230498790741
0.08694150298833847, 0.09018680453300476
0.10963135957717896, 0.06347642093896866
0.18764348328113556, -0.025853300467133522
0.2541954219341278, -0.06265062838792801
0.3085750937461853, -0.10730400681495667
0.3560720980167389, -0.16089457273483276
0.4661659598350525, -0.2572663724422455
0.4731091558933258, -0.2877984642982483
0.45687323808670044, -0.33963876962661743
0.4307796359062195, -0.3721016049385071
0.34799492359161377, -0.3453606963157654
0.2641986608505249, -0.29604461789131165
0.23116207122802734, -0.2779436707496643
0.14942410588264465, -0.1921660453081131
0.14121319353580475, -0.1280529499053955
0.11374184489250183, -0.08874660730361938
-0.029488006606698036, -0.11017110198736191
-0.04435050114989281, -0.2225012630224228
-0.12295685708522797, -0.0975923091173172
-0.19592402875423431, -0.11939974129199982
-0.23490142822265625, -0.11055923253297806
-0.268841028213501, -0.10433424264192581
-0.3044418692588806, -0.04902510717511177
-0.3385131061077118, 0.08521903306245804
-0.27147284150123596, -0.10024549067020416
0.08694150298833847, 0.09018680453300476
0.15186576545238495, 0.032334811985492706
0.11374184489250183, -0.08874660730361938
-0.04435050114989281, -0.2225012630224228
-0.268841028213501, -0.10433424264192581
0.11374184489250183, -0.08874660730361938
0.15186576545238495, 0.032334811985492706
0.3085750937461853, -0.10730400681495667
0.4661659598350525, -0.2572663724422455
0.4731091558933258, -0.2877984642982483
0.45687323808670044, -0.33963876962661743
0.4307796359062195, -0.3721016049385071
0.34799492359161377, -0.3453606963157654
0.23116207122802734, -0.2779436707496643
0.14942410588264465, -0.1921660453081131
-0.3385131061077118, 0.08521903306245804
-0.31940925121307373, 0.10922026634216309
-0.1884765625, 0.1824091374874115
-0.07913856208324432, 0.23884598910808563
0.056058671325445175, 0.2931860387325287
0.15571783483028412, 0.32703086733818054
0.08694150298833847, 0.09018680453300476
-0.27147284150123596, -0.10024549067020416
-0.3044418692588806, -0.04902510717511177
