-0.12553885579109192, -0.1114138811826706
-0.0915844738483429, -0.04966539144515991
0.01544495951384306, 0.048186544328927994
0.03497917205095291, 0.07917812466621399
0.08768194168806076, 0.182080939412117
0.10771921277046204, 0.0990314707159996
0.10882871598005295, 0.04583905637264252
0.07274966686964035, 0.018391458317637444
0.03330186381936073, -0.008865977637469769
-0.058469705283641815, -0.09290604293346405
-0.1080135703086853, -0.1636650711297989
-0.12553885579109192, -0.1114138811826706
-0.0915844738483429, -0.04966539144515991
0.08768194168806076, 0.182080939412117
0.10771921277046204, 0.0990314707159996
0.10882871598005295, 0.04583905637264252
-0.1080135703086853, -0.1636650711297989
