-0.29847922921180725, 0.061609040945768356
-0.2978571057319641, 0.10006468743085861
-0.2776011526584625, 0.12819904088974
-0.18113969266414642, 0.19663375616073608
-0.05589950084686279, 0.2687956690788269
-0.010305908508598804, 0.3050984740257263
0.07017825543880463, 0.35463929176330566
0.10109398514032364, 0.354983389377594
0.14192591607570648, 0.33164066076278687
0.17511987686157227, 0.2143588364124298
0.18897251784801483, 0.15974776446819305
0.27175840735435486, -0.06519738584756851
0.3058457672595978, -0.1922360211610794
0.18594904243946075, -0.24586817622184753
0.1564980447292328, -0.2624672055244446
0.03501075506210327, -0.2600283622741699
-0.04044737294316292, -0.27900412678718567
-0.11282406002283096, -0.3044155538082123
-0.19067257642745972, -0.29550689458847046
-0.219656839966774, -0.18460384011268616
-0.2585880756378174, -0.0883374959230423
-0.26306283473968506, -0.027694540098309517
-0.29847922921180725, 0.061609040945768356
-0.2978571057319641, 0.10006468743085861
-0.2776011526584625, 0.12819904088974
-0.18113969266414642, 0.19663375616073608
-0.010305908508598804, 0.3050984740257263
0.07017825543880463, 0.35463929176330566
0.10109398514032364, 0.354983389377594
0.14192591607570648, 0.33164066076278687
0.27175840735435486, -0.06519738584756851
0.3058457672595978, -0.1922360211610794
0.1564980447292328, -0.2624672055244446
-0.11282406002283096, -0.3044155538082123
-0.19067257642745972, -0.29550689458847046
-0.2585880756378174, -0.0883374959230423
