-1.4157030582427979, 0.5702229142189026
-1.300917387008667, 0.531733512878418
-1.1956775188446045, 0.51609867811203
-1.0997709035873413, 0.4876692295074463
-1.0385959148406982, 0.4579968750476837
-0.9408580660820007, 0.4245983958244324
-0.8448670506477356, 0.38182133436203003
-0.825958251953125, 0.34215041995048523
-0.8546761870384216, 0.2997685670852661
-0.7688900232315063, 0.1969349980354309
-0.7072077393531799, 0.17861436307430267
-0.6766417622566223, 0.17210566997528076
-0.5790080428123474, 0.1316494643688202
-0.43388625979423523, 0.15000702440738678
-0.3803505301475525, 0.1778642237186432
-0.2708287239074707, 0.21917587518692017
-0.16597549617290497, 0.24346712231636047
-0.10482612252235413, 0.24733801186084747
0.06777265667915344, 0.26076433062553406
0.13719721138477325, 0.28328847885131836
0.23135636746883392, 0.30704280734062195
0.3123903274536133, 0.33509528636932373
0.3522966206073761, 0.3511624038219452
0.4764525592327118, 0.3362586200237274
0.5258947610855103, 0.3191453218460083
0.5640403628349304, 0.30670052766799927
0.6500000357627869, 0.2921583950519562
0.7074103355407715, 0.2726759612560272
0.8025018572807312, 0.3118818700313568
0.9447599649429321, 0.19805344939231873
0.9252417087554932, 0.1578977108001709
0.9460225105285645, 0.011562533676624298
0.9724876880645752, -0.009337838739156723
1.0219730138778687, -0.05872419849038124
1.0473283529281616, -0.08891308307647705
1.1584179401397705, -0.13084279000759125
1.2021684646606445, -0.1566106081008911
1.1685142517089844, -0.20710709691047668
1.046006441116333, -0.2781839370727539
0.9146080017089844, -0.33561861515045166
0.8797144889831543, -0.32636258006095886
0.7369197607040405, -0.33896404504776
0.7007302641868591, -0.346644788980484
0.6294112205505371, -0.3578330874443054
0.3938298225402832, -0.3526441156864166
0.1905459761619568, -0.3426057696342468
0.04856254532933235, -0.3263552188873291
-0.029333168640732765, -0.33179807662963867
-0.13899514079093933, -0.3260968029499054
-0.18651549518108368, -0.3319265842437744
-0.31759175658226013, -0.32741105556488037
-0.4465481638908386, -0.328767329454422
-0.5257678627967834, -0.32483965158462524
-0.6498226523399353, -0.3230004608631134
-0.7478203773498535, -0.30829814076423645
-0.8081938028335571, -0.26579710841178894
-0.842743992805481, -0.15465384721755981
-0.8778887987136841, -0.12088152766227722
-0.8782336115837097, -0.06602789461612701
-0.9345492124557495, 0.039246976375579834
-0.9712355732917786, 0.11332082748413086
-1.0577387809753418, 0.16292493045330048
-1.1133285760879517, 0.23489698767662048
-1.1366716623306274, 0.2683425545692444
-1.2149354219436646, 0.36181700229644775
-1.300839900970459, 0.42849817872047424
-1.3867683410644531, 0.4809017479419708
-1.4241060018539429, 0.5173757672309875
-0.6319891810417175, -0.32326486706733704
-0.5790080428123474, 0.1316494643688202
-0.2708287239074707, 0.21917587518692017
-0.16597549617290497, 0.24346712231636047
0.3522966206073761, 0.3511624038219452
0.8025018572807312, 0.3118818700313568
0.9447599649429321, 0.19805344939231873
1.2021684646606445, -0.1566106081008911
1.1685142517089844, -0.20710709691047668
1.046006441116333, -0.2781839370727539
0.9146080017089844, -0.33561861515045166
0.6294112205505371, -0.3578330874443054
0.3938298225402832, -0.3526441156864166
-0.4465481638908386, -0.328767329454422
-1.4241060018539429, 0.5173757672309875
-1.4157030582427979, 0.5702229142189026
-1.1956775188446045, 0.51609867811203
-1.0997709035873413, 0.4876692295074463
-0.9408580660820007, 0.4245983958244324
-0.8448670506477356, 0.38182133436203003
-0.5790080428123474, 0.1316494643688202
-0.6319891810417175, -0.32326486706733704
-0.6498226523399353, -0.3230004608631134
-0.7478203773498535, -0.30829814076423645
-0.8081938028335571, -0.26579710841178894
