0.6845000386238098, -0.2204320728778839
0.7215191125869751, -0.2352343499660492
0.7276672124862671, -0.27151042222976685
0.7181240916252136, -0.41543737053871155
0.6856443881988525, -0.46629205346107483
0.6873065233230591, -0.3550132215023041
0.6858698725700378, -0.3458607792854309
0.6741126775741577, -0.2719520330429077
0.5911359786987305, -0.1632089465856552
0.5911359786987305, -0.1632089465856552
0.7215191125869751, -0.2352343499660492
0.7276672124862671, -0.27151042222976685
0.7181240916252136, -0.41543737053871155
0.6856443881988525, -0.46629205346107483
