-0.16800998151302338, 0.019602155312895775
-0.09868893027305603, 0.14110572636127472
-0.054857801645994186, 0.1674574464559555
0.0935225635766983, 0.16209042072296143
0.11632756888866425, 0.07350944727659225
0.15836943686008453, 0.004828173201531172
0.23947365581989288, -0.04385323449969292
0.28073224425315857, -0.06205788999795914
0.30207639932632446, -0.08674120157957077
0.25862762331962585, -0.10466113686561584
0.1805134117603302, -0.061905816197395325
0.09308727085590363, -0.06107281893491745
0.008037524297833443, -0.08354360610246658
-0.04525130242109299, -0.1466561257839203
-0.11355370283126831, -0.17946581542491913
-0.13840658962726593, -0.11499013006687164
-0.1663929671049118, -0.04393509402871132
-0.16800998151302338, 0.019602155312895775
-0.09868893027305603, 0.14110572636127472
-0.054857801645994186, 0.1674574464559555
0.0935225635766983, 0.16209042072296143
0.30207639932632446, -0.08674120157957077
0.25862762331962585, -0.10466113686561584
-0.11355370283126831, -0.17946581542491913
-0.1663929671049118, -0.04393509402871132
