-0.13847675919532776, 0.1236082911491394
-0.10070708394050598, 0.1188269853591919
0.026755431666970253, 0.08680705726146698
0.10380935668945312, 0.021805647760629654
0.1684826761484146, -0.0466424860060215
0.15864728391170502, -0.09864696860313416
0.1405102163553238, -0.13130086660385132
0.08480715751647949, -0.137404665350914
0.013853976503014565, -0.1392703801393509
-0.02634786255657673, -0.020632833242416382
-0.09877050668001175, -0.0030631725676357746
-0.11433260887861252, -0.0012619890039786696
-0.19933511316776276, 0.0027918624691665173
-0.19933511316776276, 0.0027918624691665173
-0.13847675919532776, 0.1236082911491394
-0.10070708394050598, 0.1188269853591919
0.026755431666970253, 0.08680705726146698
0.10380935668945312, 0.021805647760629654
0.1684826761484146, -0.0466424860060215
0.15864728391170502, -0.09864696860313416
0.1405102163553238, -0.13130086660385132
0.08480715751647949, -0.137404665350914
0.013853976503014565, -0.1392703801393509
