-0.35472792387008667, -0.06267658621072769
-0.35173162817955017, -0.03268130496144295
-0.289246529340744, 0.04378707706928253
-0.25115349888801575, 0.19280296564102173
-0.21491305530071259, 0.29990819096565247
-0.16510696709156036, 0.3977389633655548
-0.14309917390346527, 0.42478370666503906
-0.04880646616220474, 0.5001394748687744
-0.019954698160290718, 0.5203778147697449
0.10414884239435196, 0.5701649188995361
0.17061929404735565, 0.5941058993339539
0.20232489705085754, 0.5866932272911072
0.22540195286273956, 0.5352535247802734
0.2760874032974243, 0.41054508090019226
0.30797168612480164, 0.35601991415023804
0.35984164476394653, 0.25165003538131714
0.3606387972831726, 0.12312531471252441
0.3241364359855652, 0.01983104832470417
0.28501319885253906, -0.04125911742448807
0.24325965344905853, -0.10944876819849014
0.21597540378570557, -0.22066046297550201
0.14785633981227875, -0.3418467044830322
0.11914992332458496, -0.401653528213501
0.06101498380303383, -0.5122781991958618
-0.020365873351693153, -0.6187999248504639
-0.04766141623258591, -0.6613609194755554
-0.06875737011432648, -0.6850019097328186
-0.16590924561023712, -0.5697132349014282
-0.21072298288345337, -0.5226961970329285
-0.23057982325553894, -0.49191492795944214
-0.28304409980773926, -0.3685753345489502
-0.31060174107551575, -0.24923251569271088
-0.3289870619773865, -0.20014610886573792
-0.35472792387008667, -0.06267658621072769
-0.35173162817955017, -0.03268130496144295
-0.21491305530071259, 0.29990819096565247
-0.16510696709156036, 0.3977389633655548
-0.14309917390346527, 0.42478370666503906
-0.04880646616220474, 0.5001394748687744
-0.019954698160290718, 0.5203778147697449
0.10414884239435196, 0.5701649188995361
0.17061929404735565, 0.5941058993339539
0.20232489705085754, 0.5866932272911072
0.35984164476394653, 0.25165003538131714
0.3606387972831726, 0.12312531471252441
0.3241364359855652, 0.01983104832470417
0.21597540378570557, -0.22066046297550201
0.06101498380303383, -0.5122781991958618
-0.04766141623258591, -0.6613609194755554
-0.06875737011432648, -0.6850019097328186
-0.21072298288345337, -0.5226961970329285
-0.23057982325553894, -0.49191492795944214
-0.28304409980773926, -0.3685753345489502
-0.3289870619773865, -0.20014610886573792
