-0.38671037554740906, 0.05756920948624611
-0.5103220343589783, -0.01768159680068493
-0.5402474403381348, -0.049933452159166336
-0.5204339027404785, 0.00123869557864964
-0.5049014091491699, 0.031253837049007416
-0.4732145667076111, 0.05470196530222893
-0.4378622770309448, 0.07622410356998444
-0.33346760272979736, 0.08200743794441223
-0.5402474403381348, -0.049933452159166336
-0.5204339027404785, 0.00123869557864964
-0.5049014091491699, 0.031253837049007416
-0.4732145667076111, 0.05470196530222893
-0.4378622770309448, 0.07622410356998444
-0.33346760272979736, 0.08200743794441223
