-0.15631794929504395, 0.3490886092185974
-0.14193394780158997, 0.4155367314815521
-0.11985687911510468, 0.44212543964385986
-0.06982149928808212, 0.488564670085907
-0.04072431102395058, 0.507333517074585
-0.033900149166584015, 0.4724051058292389
-0.027259906753897667, 0.4502478539943695
0.0031617768108844757, 0.39209815859794617
0.1007423847913742, 0.34800392389297485
0.16650421917438507, 0.32536226511001587
0.208631232380867, 0.31694668531417847
0.22507619857788086, 0.2821318209171295
0.20755654573440552, 0.24995435774326324
0.1697644144296646, 0.2174045741558075
0.13957875967025757, 0.20198099315166473
0.10446105897426605, 0.18043793737888336
0.06990743428468704, 0.18067434430122375
0.010757368057966232, 0.18934835493564606
-0.08696684241294861, 0.09010329097509384
-0.08670316636562347, 0.06951827555894852
-0.0163442250341177, -0.03356388211250305
0.058199889957904816, -0.0444837249815464
0.11987988650798798, -0.07416737079620361
0.22261737287044525, -0.09292604774236679
0.2322152704000473, -0.2218724489212036
0.16492144763469696, -0.2811053395271301
0.07743187248706818, -0.3250071704387665
0.030945833772420883, -0.35641685128211975
-0.04133148118853569, -0.45776835083961487
-0.13234685361385345, -0.448212593793869
-0.129009410738945, -0.31602126359939575
-0.1375460922718048, -0.18494871258735657
-0.14348943531513214, -0.13413508236408234
-0.1497410088777542, -0.017922427505254745
-0.15367497503757477, 0.11881799250841141
-0.16464249789714813, 0.26230543851852417
-0.1522299349308014, 0.06859011203050613
-0.08670316636562347, 0.06951827555894852
0.22261737287044525, -0.09292604774236679
0.2322152704000473, -0.2218724489212036
0.16492144763469696, -0.2811053395271301
-0.04133148118853569, -0.45776835083961487
-0.13234685361385345, -0.448212593793869
-0.1497410088777542, -0.017922427505254745
-0.16464249789714813, 0.26230543851852417
-0.15631794929504395, 0.3490886092185974
-0.14193394780158997, 0.4155367314815521
-0.11985687911510468, 0.44212543964385986
-0.06982149928808212, 0.488564670085907
-0.04072431102395058, 0.507333517074585
0.208631232380867, 0.31694668531417847
0.22507619857788086, 0.2821318209171295
0.20755654573440552, 0.24995435774326324
0.1697644144296646, 0.2174045741558075
-0.08670316636562347, 0.06951827555894852
-0.1522299349308014, 0.06859011203050613
