-0.09461894631385803, -0.04957045987248421
-0.08929038792848587, -0.005978499539196491
-0.06101984158158302, 0.054193176329135895
0.02439373917877674, 0.11134715378284454
0.0942293256521225, 0.1364079713821411
0.09408404678106308, 0.08653149753808975
0.08289672434329987, 0.008269849233329296
0.05349566414952278, -0.06163227930665016
0.007585836108773947, -0.10081160813570023
-0.0535888746380806, -0.12172847986221313
-0.09461894631385803, -0.04957045987248421
-0.08929038792848587, -0.005978499539196491
-0.06101984158158302, 0.054193176329135895
0.02439373917877674, 0.11134715378284454
0.0942293256521225, 0.1364079713821411
0.09408404678106308, 0.08653149753808975
0.08289672434329987, 0.008269849233329296
0.05349566414952278, -0.06163227930665016
0.007585836108773947, -0.10081160813570023
-0.0535888746380806, -0.12172847986221313
