-0.11678644269704819, -0.022565215826034546
-0.05669480562210083, 0.02659376710653305
0.07595591992139816, 0.0625537782907486
0.140788733959198, 0.0763201043009758
0.13791288435459137, 0.03744132071733475
0.10601797699928284, 0.013405700214207172
-0.01375239621847868, -0.040487516671419144
-0.0766199603676796, -0.08073650300502777
-0.11816783249378204, -0.08543793112039566
-0.14145654439926147, -0.051452986896038055
-0.14145654439926147, -0.051452986896038055
-0.11678644269704819, -0.022565215826034546
-0.05669480562210083, 0.02659376710653305
0.07595591992139816, 0.0625537782907486
0.140788733959198, 0.0763201043009758
0.13791288435459137, 0.03744132071733475
0.10601797699928284, 0.013405700214207172
-0.0766199603676796, -0.08073650300502777
-0.11816783249378204, -0.08543793112039566
