-0.15643617510795593, -0.14432331919670105
-0.12194517999887466, -0.021569788455963135
-0.1029195562005043, 0.07769601047039032
-0.04734816029667854, 0.12760914862155914
-0.021234383806586266, 0.1517128348350525
0.019045379012823105, 0.17218317091464996
0.07029885053634644, 0.18330740928649902
0.1221662238240242, 0.1565198451280594
0.17916294932365417, 0.07681778073310852
0.10106061398983002, -0.04484536498785019
0.08772194385528564, -0.07879043370485306
0.0494927354156971, -0.1351470649242401
-0.054754626005887985, -0.18203239142894745
-0.09229576587677002, -0.20561878383159637
-0.15643617510795593, -0.14432331919670105
-0.1029195562005043, 0.07769601047039032
-0.021234383806586266, 0.1517128348350525
0.019045379012823105, 0.17218317091464996
0.07029885053634644, 0.18330740928649902
0.1221662238240242, 0.1565198451280594
0.17916294932365417, 0.07681778073310852
0.08772194385528564, -0.07879043370485306
0.0494927354156971, -0.1351470649242401
-0.09229576587677002, -0.20561878383159637
