-0.048749640583992004, 0.11120007932186127
0.08869904279708862, 0.05478135123848915
0.15045469999313354, 0.023958230391144753
0.12625078856945038, -0.0384976826608181
0.08670051395893097, -0.06966586410999298
0.04406336322426796, -0.08113516867160797
-0.06428318470716476, -0.09652618318796158
-0.10591945052146912, -0.017772482708096504
-0.11035717278718948, 0.08671270310878754
-0.11035717278718948, 0.08671270310878754
-0.048749640583992004, 0.11120007932186127
0.08869904279708862, 0.05478135123848915
0.15045469999313354, 0.023958230391144753
0.12625078856945038, -0.0384976826608181
0.08670051395893097, -0.06966586410999298
0.04406336322426796, -0.08113516867160797
-0.06428318470716476, -0.09652618318796158
-0.10591945052146912, -0.017772482708096504
