-0.03873206302523613, 0.029008064419031143
0.05806388705968857, 0.07554235309362411
0.13044750690460205, 0.09214272350072861
0.12878966331481934, 0.05520226061344147
0.09948031604290009, 0.00597202405333519
0.07047635316848755, -0.0292615108191967
-0.05341663211584091, -0.0743822529911995
-0.08609504252672195, -0.08378130197525024
-0.1372675895690918, -0.08258043974637985
-0.16090556979179382, -0.03888626769185066
-0.16090556979179382, -0.03888626769185066
-0.03873206302523613, 0.029008064419031143
0.05806388705968857, 0.07554235309362411
0.13044750690460205, 0.09214272350072861
0.12878966331481934, 0.05520226061344147
0.09948031604290009, 0.00597202405333519
0.07047635316848755, -0.0292615108191967
-0.05341663211584091, -0.0743822529911995
-0.08609504252672195, -0.08378130197525024
-0.1372675895690918, -0.08258043974637985
