-0.503544270992279, 0.005156378261744976
-0.45026305317878723, 2.442101831547916E-4
-0.3432854115962982, -0.009504571557044983
-0.2901259660720825, 0.0254201702773571
-0.24038982391357422, 0.06567825376987457
-0.1670178472995758, 0.07378856837749481
-0.11841194331645966, 0.07392284274101257
-0.020282447338104248, 0.11162011325359344
0.025572501122951508, 0.12106095999479294
0.08690397441387177, 0.13504953682422638
0.2007342278957367, 0.21162450313568115
0.31048041582107544, 0.19368788599967957
0.40315917134284973, 0.19520382583141327
0.38613754510879517, 0.04676656797528267
0.3834517300128937, -0.020945247262716293
0.31723472476005554, -0.05538704991340637
0.26589205861091614, -0.07861988991498947
0.23537112772464752, -0.07587254792451859
0.18140438199043274, -0.07146059721708298
0.1343892216682434, -0.06034465879201889
0.026771610602736473, -0.09789009392261505
-0.017932532355189323, -0.10551880300045013
-0.07770668715238571, -0.09956590831279755
-0.19225718080997467, -0.17496152222156525
-0.20916754007339478, -0.20338542759418488
-0.2804253399372101, -0.25300535559654236
-0.31569862365722656, -0.246214359998703
-0.3282338082790375, -0.173990398645401
-0.33990535140037537, -0.12746739387512207
-0.4358617961406708, -0.04078010097146034
-0.47584986686706543, -0.054736122488975525
-0.5313295722007751, -0.03881870210170746
-0.5771129727363586, 3.409761702641845E-4
-0.5771129727363586, 3.409761702641845E-4
0.2007342278957367, 0.21162450313568115
0.40315917134284973, 0.19520382583141327
0.3834517300128937, -0.020945247262716293
0.31723472476005554, -0.05538704991340637
0.26589205861091614, -0.07861988991498947
-0.2804253399372101, -0.25300535559654236
-0.31569862365722656, -0.246214359998703
