-0.3700748085975647, -0.07997853308916092
-0.26439639925956726, -0.004917833488434553
-0.16606789827346802, 0.08894015848636627
-0.13195638358592987, 0.11648872494697571
-0.0633837878704071, 0.16991588473320007
8.352042641490698E-4, 0.21288250386714935
0.09973752498626709, 0.30785009264945984
0.13304097950458527, 0.3446561098098755
0.1696072667837143, 0.3173167407512665
0.1772724688053131, 0.257000207901001
0.18344420194625854, 0.19264525175094604
0.17903420329093933, 0.12328942865133286
0.1349954903125763, -0.02939757890999317
0.18199019134044647, -0.11560133844614029
0.2154950201511383, -0.2084682285785675
0.21242158114910126, -0.25235289335250854
0.1943691521883011, -0.29972976446151733
0.16161970794200897, -0.3146928548812866
0.10310734063386917, -0.28526753187179565
-8.63817345816642E-4, -0.1811380237340927
-0.059323448687791824, -0.16578394174575806
-0.09994001686573029, -0.15674951672554016
-0.1717444360256195, -0.11302141845226288
-0.2496146857738495, -0.11256919056177139
-0.2873985767364502, -0.1142054870724678
-0.3832327127456665, -0.11184568703174591
-0.3832327127456665, -0.11184568703174591
-0.3700748085975647, -0.07997853308916092
0.13304097950458527, 0.3446561098098755
0.1696072667837143, 0.3173167407512665
0.1772724688053131, 0.257000207901001
0.18344420194625854, 0.19264525175094604
0.2154950201511383, -0.2084682285785675
0.21242158114910126, -0.25235289335250854
0.1943691521883011, -0.29972976446151733
0.16161970794200897, -0.3146928548812866
