-0.22631694376468658, 0.012855622917413712
-0.0901409164071083, 0.030396917834877968
-0.03768323361873627, 0.11057353764772415
-0.011389600113034248, 0.14080427587032318
0.05354086682200432, 0.16596001386642456
0.12985706329345703, 0.2016030251979828
0.17209942638874054, 0.18198344111442566
0.15126660466194153, 0.1184420958161354
0.11304272711277008, 0.041823048144578934
0.09085360169410706, 0.0036604844499379396
0.055366210639476776, -0.06865832209587097
0.12541060149669647, -0.16654711961746216
0.042774755507707596, -0.20998917520046234
0.01339747291058302, -0.17866984009742737
-0.12975755333900452, -0.13488680124282837
-0.16167379915714264, -0.07336389273405075
-0.2634168565273285, 0.010447018779814243
-0.2634168565273285, 0.010447018779814243
-0.011389600113034248, 0.14080427587032318
0.12985706329345703, 0.2016030251979828
0.17209942638874054, 0.18198344111442566
0.12541060149669647, -0.16654711961746216
0.042774755507707596, -0.20998917520046234
-0.12975755333900452, -0.13488680124282837
