-0.0763128474354744, 0.11647408455610275
-0.06435675173997879, 0.26483088731765747
0.005080509930849075, 0.33986613154411316
-0.020512007176876068, 0.20741336047649384
-0.013196169398725033, 0.10802627354860306
0.02864995226264, -0.03158418834209442
0.07131334394216537, -0.12869523465633392
0.08849938958883286, -0.16350507736206055
0.08532100915908813, -0.1972004473209381
0.027148019522428513, -0.24561746418476105
-0.006382327526807785, -0.12465959787368774
-0.03955494239926338, -0.0590224489569664
-0.059745438396930695, -0.0029203202575445175
-0.0763128474354744, 0.11647408455610275
-0.06435675173997879, 0.26483088731765747
0.005080509930849075, 0.33986613154411316
0.08849938958883286, -0.16350507736206055
0.08532100915908813, -0.1972004473209381
0.027148019522428513, -0.24561746418476105
-0.059745438396930695, -0.0029203202575445175
