-0.08081644773483276, -0.016855133697390556
-0.0602056123316288, 0.05831969156861305
-0.04236692190170288, 0.0871492326259613
0.030620155856013298, 0.12208341807126999
0.062062498182058334, 0.07274089753627777
0.08106566220521927, -0.00920961145311594
0.07687793672084808, -0.07923819124698639
-0.06257443130016327, -0.10153979063034058
-0.08424121886491776, -0.06123052164912224
-0.08424121886491776, -0.06123052164912224
-0.08081644773483276, -0.016855133697390556
-0.0602056123316288, 0.05831969156861305
-0.04236692190170288, 0.0871492326259613
0.030620155856013298, 0.12208341807126999
0.062062498182058334, 0.07274089753627777
0.08106566220521927, -0.00920961145311594
0.07687793672084808, -0.07923819124698639
-0.06257443130016327, -0.10153979063034058
