-0.10478238761425018, -0.05463608354330063
-0.07944034785032272, 0.06939273327589035
-0.03596615418791771, 0.12549684941768646
0.008405766449868679, 0.1947747766971588
0.11756818741559982, 0.25438135862350464
0.161297008395195, 0.27137720584869385
0.21144475042819977, 0.2534470558166504
0.2405788004398346, 0.2331382930278778
0.2523331046104431, 0.1932091861963272
0.22000201046466827, 0.17337772250175476
0.09894128888845444, 0.20679625868797302
0.0911678597331047, 0.06904645264148712
0.07920198142528534, 0.029071617871522903
0.061498191207647324, -0.003405139083042741
0.037928804755210876, -0.03327685967087746
-0.01471325010061264, -0.08683478832244873
-0.05076372250914574, -0.15776421129703522
-0.09982530772686005, -0.296663761138916
-0.10756777226924896, -0.3622669577598572
-0.12973210215568542, -0.30762580037117004
-0.14423847198486328, -0.25579217076301575
-0.12039151787757874, -0.15189018845558167
-0.14423847198486328, -0.25579217076301575
-0.10478238761425018, -0.05463608354330063
-0.07944034785032272, 0.06939273327589035
0.008405766449868679, 0.1947747766971588
0.11756818741559982, 0.25438135862350464
0.161297008395195, 0.27137720584869385
0.21144475042819977, 0.2534470558166504
0.2405788004398346, 0.2331382930278778
0.2523331046104431, 0.1932091861963272
-0.10756777226924896, -0.3622669577598572
-0.12973210215568542, -0.30762580037117004
