0.14413543045520782, 0.08987472206354141
0.20772217214107513, 0.1212017759680748
0.2449558675289154, 0.13624097406864166
0.3412674367427826, 0.126020610332489
0.3714955747127533, 0.12206336855888367
0.4023776948451996, 0.1174023449420929
0.4540001153945923, 0.06916076689958572
0.46799004077911377, 0.03382585942745209
0.4208103120326996, 0.023449737578630447
0.36538341641426086, 0.015761032700538635
0.26287662982940674, -0.025125881657004356
0.1635100543498993, 0.03943132609128952
0.11052980273962021, 0.0584443062543869
0.11052980273962021, 0.0584443062543869
0.14413543045520782, 0.08987472206354141
0.20772217214107513, 0.1212017759680748
0.2449558675289154, 0.13624097406864166
0.3412674367427826, 0.126020610332489
0.3714955747127533, 0.12206336855888367
0.4023776948451996, 0.1174023449420929
0.4540001153945923, 0.06916076689958572
0.46799004077911377, 0.03382585942745209
0.26287662982940674, -0.025125881657004356
