-0.5349226593971252, -0.2707611620426178
-0.5075061321258545, -0.17416217923164368
-0.4772641658782959, -0.10150318592786789
-0.4288504421710968, -0.14104583859443665
-0.3815862238407135, -0.18714496493339539
-0.32243612408638, -0.21490927040576935
-0.21956419944763184, -0.15779611468315125
-0.1574067920446396, -0.13107550144195557
-0.09544059634208679, -0.0868431031703949
-0.15868178009986877, 0.029971642419695854
-0.21342457830905914, 0.06217500939965248
-0.33287474513053894, 0.13931524753570557
-0.35180291533470154, 0.16702128946781158
-0.3087543249130249, 0.29098033905029297
-0.2880491316318512, 0.3317553997039795
-0.205962136387825, 0.3851148188114166
-0.144404798746109, 0.3686349391937256
-0.0594349279999733, 0.3386084735393524
0.15469390153884888, 0.26358669996261597
0.23360289633274078, 0.26824212074279785
0.3066785931587219, 0.28855472803115845
0.33674728870391846, 0.17819710075855255
0.31838127970695496, 0.14182879030704498
0.31580719351768494, 0.04363762587308884
0.42639902234077454, -0.05040965601801872
0.485601007938385, -0.0377822071313858
0.5408004522323608, -0.021530520170927048
0.5283399820327759, -0.06615505367517471
0.48647618293762207, -0.08156877011060715
0.3923054337501526, -0.16006897389888763
0.3675627112388611, -0.19743958115577698
0.27446165680885315, -0.2227811962366104
0.13998642563819885, -0.2412225902080536
0.025966793298721313, -0.26639243960380554
-0.07222016900777817, -0.26496514678001404
-0.14382492005825043, -0.25346922874450684
-0.1847292184829712, -0.2419835329055786
-0.31100398302078247, -0.2855251133441925
-0.30723533034324646, -0.33690541982650757
-0.3700542449951172, -0.4337141215801239
-0.4503837823867798, -0.35881367325782776
-0.5236145257949829, -0.3050551116466522
-0.35180291533470154, 0.16702128946781158
-0.3087543249130249, 0.29098033905029297
-0.2880491316318512, 0.3317553997039795
-0.205962136387825, 0.3851148188114166
0.3066785931587219, 0.28855472803115845
0.5408004522323608, -0.021530520170927048
0.5283399820327759, -0.06615505367517471
0.3675627112388611, -0.19743958115577698
0.27446165680885315, -0.2227811962366104
0.23407772183418274, -0.22831928730010986
-0.09544059634208679, -0.0868431031703949
-0.33287474513053894, 0.13931524753570557
-0.5349226593971252, -0.2707611620426178
-0.5075061321258545, -0.17416217923164368
-0.4772641658782959, -0.10150318592786789
-0.09544059634208679, -0.0868431031703949
0.23407772183418274, -0.22831928730010986
-0.3700542449951172, -0.4337141215801239
-0.5236145257949829, -0.3050551116466522
