-0.07105787098407745, 0.06095839664340019
-0.043710414320230484, 0.1597864180803299
-0.03277627006173134, 0.22752949595451355
-0.008140932768583298, 0.301920086145401
0.03361315280199051, 0.30901023745536804
0.05380966514348984, 0.28171178698539734
0.06080441549420357, 0.17486611008644104
0.06065000593662262, 0.06316127628087997
0.06728112697601318, -0.011423724703490734
0.06559330224990845, -0.1474495679140091
0.07790393382310867, -0.2625100910663605
-0.04137575626373291, -0.25329405069351196
-0.06641712039709091, -0.21197357773780823
-0.06616777926683426, -0.12700670957565308
-0.08539753407239914, -0.06291929632425308
-0.07878856360912323, 0.017019009217619896
-0.08539753407239914, -0.06291929632425308
-0.07878856360912323, 0.017019009217619896
-0.07105787098407745, 0.06095839664340019
-0.03277627006173134, 0.22752949595451355
-0.008140932768583298, 0.301920086145401
0.03361315280199051, 0.30901023745536804
0.05380966514348984, 0.28171178698539734
0.06080441549420357, 0.17486611008644104
0.07790393382310867, -0.2625100910663605
-0.04137575626373291, -0.25329405069351196
-0.06641712039709091, -0.21197357773780823
