-0.08113288879394531, 0.0724700316786766
0.014341557398438454, 0.05784739926457405
0.07775948941707611, 0.03289097547531128
0.15242645144462585, -0.051121994853019714
0.10698533058166504, -0.05628744140267372
0.04361091926693916, -0.06081978604197502
-0.019306538626551628, -0.054344937205314636
-0.08913161605596542, -0.04500845447182655
-0.11193506419658661, -0.01360402349382639
-0.11260423064231873, 0.053166866302490234
-0.11260423064231873, 0.053166866302490234
-0.08113288879394531, 0.0724700316786766
0.014341557398438454, 0.05784739926457405
0.07775948941707611, 0.03289097547531128
0.15242645144462585, -0.051121994853019714
0.10698533058166504, -0.05628744140267372
0.04361091926693916, -0.06081978604197502
-0.019306538626551628, -0.054344937205314636
-0.08913161605596542, -0.04500845447182655
-0.11193506419658661, -0.01360402349382639
