-0.10390672087669373, -0.03440951183438301
-0.08746452629566193, 0.015577536076307297
-0.038831133395433426, 0.11144981533288956
0.045719295740127563, 0.15810172259807587
0.08349671959877014, 0.10425365716218948
0.10144814848899841, 0.01911676675081253
0.028048627078533173, -0.1363690346479416
-0.012561873532831669, -0.13903293013572693
-0.0618281289935112, -0.09512994438409805
-0.10390672087669373, -0.03440951183438301
-0.08746452629566193, 0.015577536076307297
-0.038831133395433426, 0.11144981533288956
0.045719295740127563, 0.15810172259807587
0.08349671959877014, 0.10425365716218948
0.10144814848899841, 0.01911676675081253
0.028048627078533173, -0.1363690346479416
-0.012561873532831669, -0.13903293013572693
-0.0618281289935112, -0.09512994438409805
