0.18694505095481873, -0.11354174464941025
0.12890921533107758, -0.10803928971290588
0.046687424182891846, -0.10596360266208649
-0.002264305017888546, -0.1122346967458725
-0.10033050924539566, -0.17695030570030212
-0.1865743100643158, -0.22969624400138855
-0.22522015869617462, -0.2807522416114807
-0.2650989294052124, -0.2667934000492096
-0.2510177493095398, -0.16007909178733826
-0.16452986001968384, -0.06345928460359573
-0.041694510728120804, -0.009924259036779404
-0.11615113914012909, 0.08696459978818893
-0.1271241009235382, 0.11523904651403427
-0.09295980632305145, 0.1366792768239975
0.004920762497931719, 0.22810040414333344
0.040321897715330124, 0.264419287443161
0.08806879818439484, 0.2762124240398407
0.19032491743564606, 0.19197966158390045
0.19940690696239471, 0.1323721557855606
0.1829090565443039, 0.0654287040233612
0.10586535185575485, -0.05747751146554947
-0.2650989294052124, -0.2667934000492096
-0.2510177493095398, -0.16007909178733826
-0.1271241009235382, 0.11523904651403427
0.040321897715330124, 0.264419287443161
0.08806879818439484, 0.2762124240398407
0.19032491743564606, 0.19197966158390045
0.19940690696239471, 0.1323721557855606
0.18694505095481873, -0.11354174464941025
-0.22522015869617462, -0.2807522416114807
