-0.02426779642701149, 0.11635495722293854
0.052824005484580994, 0.018895858898758888
0.11687644571065903, 0.031167274340987206
0.14140482246875763, 0.007812541909515858
0.12715911865234375, -0.04790619760751724
0.06458128988742828, -0.06947372108697891
-0.03895636275410652, -0.07996079325675964
-0.12020900845527649, 0.018862644210457802
-0.1237364113330841, 0.07026835530996323
-0.1237364113330841, 0.07026835530996323
-0.02426779642701149, 0.11635495722293854
0.11687644571065903, 0.031167274340987206
0.14140482246875763, 0.007812541909515858
0.12715911865234375, -0.04790619760751724
0.06458128988742828, -0.06947372108697891
-0.03895636275410652, -0.07996079325675964
-0.12020900845527649, 0.018862644210457802
