-0.1419139802455902, 0.33216768503189087
-0.060035716742277145, 0.3438235819339752
0.07730042189359665, 0.33336883783340454
0.15129151940345764, 0.2715049684047699
0.23118090629577637, 0.23196522891521454
0.23998291790485382, 0.17571674287319183
0.16857828199863434, 0.06890461593866348
0.16269445419311523, 0.029522959142923355
0.1511838585138321, -0.10925669223070145
0.14379392564296722, -0.2211751937866211
0.13219192624092102, -0.31547003984451294
0.043842677026987076, -0.34143492579460144
-0.0721953734755516, -0.357284277677536
-0.17362552881240845, -0.35599079728126526
-0.19888807833194733, -0.31546273827552795
-0.1850978136062622, -0.23656484484672546
-0.17479689419269562, -0.1439911127090454
-0.15078170597553253, -0.03871247544884682
-0.15845657885074615, 0.06145162880420685
-0.16383475065231323, 0.20819036662578583
-0.19888807833194733, -0.31546273827552795
-0.16383475065231323, 0.20819036662578583
-0.1419139802455902, 0.33216768503189087
-0.060035716742277145, 0.3438235819339752
0.07730042189359665, 0.33336883783340454
0.23118090629577637, 0.23196522891521454
0.23998291790485382, 0.17571674287319183
0.13219192624092102, -0.31547003984451294
0.043842677026987076, -0.34143492579460144
-0.0721953734755516, -0.357284277677536
-0.17362552881240845, -0.35599079728126526
