-0.3291502892971039, 0.08289578557014465
-0.3087266683578491, 0.10679999738931656
-0.2256423383951187, 0.16300556063652039
-0.15427349507808685, 0.1879722774028778
-0.08595965057611465, 0.2013707160949707
0.011551180854439735, 0.24042317271232605
0.07467760145664215, 0.26996761560440063
0.1164618656039238, 0.2625810503959656
0.22642183303833008, 0.22010497748851776
0.35678502917289734, 0.18895898759365082
0.3214578628540039, 0.060804661363363266
0.297037810087204, -0.0047162617556750774
0.2722944915294647, -0.08959607779979706
0.22100578248500824, -0.2410566359758377
0.17522884905338287, -0.3007032871246338
0.13571369647979736, -0.27405884861946106
0.10002920031547546, -0.22971810400485992
-0.004927759524434805, -0.21261954307556152
-0.024126077070832253, -0.2103128880262375
-0.08916185796260834, -0.20648632943630219
-0.13576094806194305, -0.20148469507694244
-0.19925114512443542, -0.19091574847698212
-0.2978975176811218, -0.16455984115600586
-0.33917275071144104, -0.147421196103096
-0.34917151927948, 0.050875261425971985
-0.34917151927948, 0.050875261425971985
-0.3291502892971039, 0.08289578557014465
-0.3087266683578491, 0.10679999738931656
-0.2256423383951187, 0.16300556063652039
0.07467760145664215, 0.26996761560440063
0.1164618656039238, 0.2625810503959656
0.35678502917289734, 0.18895898759365082
0.3214578628540039, 0.060804661363363266
0.2722944915294647, -0.08959607779979706
0.22100578248500824, -0.2410566359758377
0.17522884905338287, -0.3007032871246338
-0.2978975176811218, -0.16455984115600586
-0.33917275071144104, -0.147421196103096
