-0.2813003957271576, -0.24773618578910828
-0.2580106258392334, -0.2124439775943756
-0.20435559749603271, -0.16931092739105225
-0.1308184266090393, -0.06793215125799179
-0.09093267470598221, -0.017765361815690994
-0.0591304749250412, 0.024667050689458847
-0.04083019495010376, 0.11528649181127548
-0.1254759132862091, 0.21354039013385773
-0.15101023018360138, 0.2940199673175812
-0.14693765342235565, 0.3621503710746765
-0.1420317143201828, 0.4798348844051361
-0.07555370777845383, 0.5054184198379517
-0.046412527561187744, 0.3948144316673279
0.003626697463914752, 0.28739413619041443
0.011845462955534458, 0.25437191128730774
0.007918674498796463, 0.2115173488855362
0.08081205189228058, 0.08445635437965393
0.1260700672864914, 0.07789846509695053
0.20682816207408905, 0.05031883716583252
0.2171502709388733, 0.017646921798586845
0.25777751207351685, -0.09456804394721985
0.2966606616973877, -0.15114805102348328
0.26954185962677, -0.17592814564704895
0.227601557970047, -0.19405600428581238
0.15098357200622559, -0.2149311602115631
0.04028318449854851, -0.15142954885959625
-0.0570012629032135, -0.20211336016654968
-0.1407855600118637, -0.3082905411720276
-0.25506681203842163, -0.3039240539073944
-0.15101023018360138, 0.2940199673175812
-0.1420317143201828, 0.4798348844051361
-0.07555370777845383, 0.5054184198379517
0.0759490430355072, 0.09293308854103088
-0.04083019495010376, 0.11528649181127548
-0.1254759132862091, 0.21354039013385773
-0.2813003957271576, -0.24773618578910828
-0.2580106258392334, -0.2124439775943756
-0.04083019495010376, 0.11528649181127548
0.0759490430355072, 0.09293308854103088
0.1260700672864914, 0.07789846509695053
0.20682816207408905, 0.05031883716583252
0.2966606616973877, -0.15114805102348328
0.26954185962677, -0.17592814564704895
0.227601557970047, -0.19405600428581238
-0.1407855600118637, -0.3082905411720276
-0.25506681203842163, -0.3039240539073944
