-0.08327868580818176, 0.06555015593767166
-0.00246100639924407, 0.08831559866666794
0.03889095410704613, 0.05100668594241142
0.09384196996688843, -0.00643399590626359
0.05406849458813667, -0.10643069446086884
0.011243301443755627, -0.09294058382511139
-0.01894831657409668, -0.06830759346485138
-0.11136451363563538, 0.02939191646873951
-0.11136451363563538, 0.02939191646873951
-0.08327868580818176, 0.06555015593767166
-0.00246100639924407, 0.08831559866666794
0.03889095410704613, 0.05100668594241142
0.09384196996688843, -0.00643399590626359
0.05406849458813667, -0.10643069446086884
0.011243301443755627, -0.09294058382511139
-0.01894831657409668, -0.06830759346485138
