7.143906259443611E-5, 0.09977883845567703
0.06794127821922302, 0.018740566447377205
0.06076066941022873, -0.05407522991299629
0.02920757792890072, -0.10053351521492004
-0.022680502384901047, -0.09912950545549393
-0.05760352686047554, -0.03955964371562004
-0.061769645661115646, 0.010365973226726055
-0.06222980096936226, 0.06565680354833603
-0.06222980096936226, 0.06565680354833603
7.143906259443611E-5, 0.09977883845567703
0.06794127821922302, 0.018740566447377205
0.06076066941022873, -0.05407522991299629
0.02920757792890072, -0.10053351521492004
-0.022680502384901047, -0.09912950545549393
-0.05760352686047554, -0.03955964371562004
-0.061769645661115646, 0.010365973226726055
