0.007111211773008108, 0.5207870006561279
-0.0460427850484848, 0.5711654424667358
-0.05482672154903412, 0.6305140852928162
-0.04465988278388977, 0.6991411447525024
-0.039564214646816254, 0.7418686151504517
-0.044582221657037735, 0.8934292793273926
-0.004583045840263367, 0.9065249562263489
0.07418663799762726, 0.8863731026649475
0.18779782950878143, 0.8954370021820068
0.21172279119491577, 0.8178061246871948
0.2019071727991104, 0.77712482213974
0.17307183146476746, 0.6807774901390076
0.14825224876403809, 0.5624363422393799
0.1424790322780609, 0.5277387499809265
0.0812070295214653, 0.5114126801490784
0.043583501130342484, 0.502618670463562
-0.05482672154903412, 0.6305140852928162
-0.044582221657037735, 0.8934292793273926
-0.004583045840263367, 0.9065249562263489
0.18779782950878143, 0.8954370021820068
0.21172279119491577, 0.8178061246871948
0.1424790322780609, 0.5277387499809265
0.0812070295214653, 0.5114126801490784
0.043583501130342484, 0.502618670463562
0.007111211773008108, 0.5207870006561279
-0.0460427850484848, 0.5711654424667358
