-0.10449140518903732, 0.05055863410234451
0.013146120123565197, 0.13927310705184937
0.040289804339408875, 0.10917152464389801
0.1410231590270996, 0.01583733968436718
0.09551411867141724, -0.06309047341346741
0.06909386813640594, -0.07919851690530777
0.0022842222824692726, -0.09753406792879105
-0.05619603395462036, -0.09791429340839386
-0.13885681331157684, 0.02525443211197853
-0.13885681331157684, 0.02525443211197853
0.013146120123565197, 0.13927310705184937
0.1410231590270996, 0.01583733968436718
0.09551411867141724, -0.06309047341346741
0.06909386813640594, -0.07919851690530777
0.0022842222824692726, -0.09753406792879105
-0.05619603395462036, -0.09791429340839386
