-0.03793628513813019, 0.07831776887178421
0.01194501481950283, 0.07482674717903137
0.06782025843858719, 0.0599236935377121
0.1045226976275444, -0.001326973084360361
0.1056368350982666, -0.05298265442252159
0.038005221635103226, -0.09028133749961853
-0.03936391323804855, -0.08126924932003021
-0.0778440311551094, -0.024640122428536415
-0.14242051541805267, 0.05926214158535004
-0.14242051541805267, 0.05926214158535004
-0.03793628513813019, 0.07831776887178421
0.01194501481950283, 0.07482674717903137
0.06782025843858719, 0.0599236935377121
0.1045226976275444, -0.001326973084360361
0.1056368350982666, -0.05298265442252159
0.038005221635103226, -0.09028133749961853
-0.03936391323804855, -0.08126924932003021
