-0.12657244503498077, 0.06784462183713913
-0.06414834409952164, 0.08999189734458923
-0.002023580251261592, 0.12245537340641022
0.03674796223640442, 0.12804052233695984
0.12484818696975708, 0.08553925901651382
0.20229800045490265, 0.02073318511247635
0.20368734002113342, -0.056319281458854675
0.13495956361293793, -0.07689672708511353
0.010696240700781345, -0.08668547868728638
-0.05292653664946556, -0.10946624726057053
-0.08537013083696365, -0.11650541424751282
-0.1647115796804428, -0.09831620007753372
-0.19324377179145813, 0.03075147420167923
-0.22322534024715424, 0.0879858136177063
-0.22322534024715424, 0.0879858136177063
-0.002023580251261592, 0.12245537340641022
0.03674796223640442, 0.12804052233695984
0.12484818696975708, 0.08553925901651382
0.20229800045490265, 0.02073318511247635
0.20368734002113342, -0.056319281458854675
0.13495956361293793, -0.07689672708511353
-0.08537013083696365, -0.11650541424751282
-0.1647115796804428, -0.09831620007753372
