-0.15867725014686584, 3.238470235373825E-4
-0.1423935443162918, 0.06037430837750435
-0.09172350913286209, 0.11888088285923004
-0.02023281157016754, 0.23855723440647125
-0.031616222113370895, 0.27892252802848816
0.001892930013127625, 0.31345632672309875
0.04058254137635231, 0.3002452552318573
0.082766093313694, 0.2728559970855713
0.1366278976202011, 0.22473487257957458
0.14563067257404327, 0.11920300871133804
0.14364606142044067, 0.025669850409030914
0.13002963364124298, -0.0619623139500618
0.12956716120243073, -0.14046789705753326
0.11821744590997696, -0.20961645245552063
-0.040183406323194504, -0.23019732534885406
-0.10221460461616516, -0.24948778748512268
-0.17994986474514008, -0.2666664123535156
-0.1826854944229126, -0.1886604130268097
-0.20780698955059052, -0.11334016919136047
-0.20780698955059052, -0.11334016919136047
-0.1423935443162918, 0.06037430837750435
-0.031616222113370895, 0.27892252802848816
0.001892930013127625, 0.31345632672309875
0.04058254137635231, 0.3002452552318573
0.082766093313694, 0.2728559970855713
0.1366278976202011, 0.22473487257957458
0.14563067257404327, 0.11920300871133804
0.14364606142044067, 0.025669850409030914
0.12956716120243073, -0.14046789705753326
0.11821744590997696, -0.20961645245552063
-0.17994986474514008, -0.2666664123535156
