-0.16437631845474243, 0.05131703242659569
-0.16264720261096954, 0.09491471946239471
-0.10410698503255844, 0.14804360270500183
-0.005462461616843939, 0.17293861508369446
0.05452786758542061, 0.20188714563846588
0.11555515229701996, 0.2195153683423996
0.1450011283159256, 0.05672910436987877
0.11937378346920013, 0.014080047607421875
0.09042792022228241, -0.010863224975764751
0.05496320128440857, -0.1266137957572937
0.08030016720294952, -0.18562430143356323
0.10350041091442108, -0.22139066457748413
0.06092352047562599, -0.27104783058166504
-0.0034829548094421625, -0.24008707702159882
-0.046816155314445496, -0.19348207116127014
-0.08000636845827103, -0.12883540987968445
-0.11278337240219116, -0.0668766126036644
-0.16437631845474243, 0.05131703242659569
-0.16264720261096954, 0.09491471946239471
-0.10410698503255844, 0.14804360270500183
0.05452786758542061, 0.20188714563846588
0.11555515229701996, 0.2195153683423996
0.1450011283159256, 0.05672910436987877
0.10350041091442108, -0.22139066457748413
0.06092352047562599, -0.27104783058166504
-0.0034829548094421625, -0.24008707702159882
-0.046816155314445496, -0.19348207116127014
-0.11278337240219116, -0.0668766126036644
