-0.11704001575708389, -0.05295197293162346
-0.10891106724739075, -0.016495589166879654
-0.07285618036985397, 0.041018642485141754
-0.040638867765665054, 0.07729925960302353
-0.006791267078369856, 0.10281763225793839
0.04532967507839203, 0.13042008876800537
0.07647526264190674, 0.1287946254014969
0.08253198862075806, -0.016934631392359734
0.07049433887004852, -0.07911767810583115
0.020330099388957024, -0.09729568660259247
-0.11704001575708389, -0.05295197293162346
-0.10891106724739075, -0.016495589166879654
-0.07285618036985397, 0.041018642485141754
-0.040638867765665054, 0.07729925960302353
-0.006791267078369856, 0.10281763225793839
0.04532967507839203, 0.13042008876800537
0.07647526264190674, 0.1287946254014969
0.08253198862075806, -0.016934631392359734
0.07049433887004852, -0.07911767810583115
0.020330099388957024, -0.09729568660259247
