-0.23497198522090912, 0.11685953289270401
-0.09147893637418747, 0.14105094969272614
0.015715738758444786, 0.15261119604110718
0.06512538343667984, 0.06833764910697937
0.1379409283399582, -0.002672899281606078
0.20405855774879456, -0.048967145383358
0.19819040596485138, -0.10640625655651093
0.12734968960285187, -0.15978750586509705
0.07714832574129105, -0.18363581597805023
0.03464757651090622, -0.16446061432361603
-0.06862597167491913, -0.07930488139390945
-0.15560002624988556, 0.019637562334537506
-0.23497198522090912, 0.11685953289270401
-0.09147893637418747, 0.14105094969272614
0.015715738758444786, 0.15261119604110718
0.20405855774879456, -0.048967145383358
0.19819040596485138, -0.10640625655651093
0.12734968960285187, -0.15978750586509705
0.07714832574129105, -0.18363581597805023
0.03464757651090622, -0.16446061432361603
-0.06862597167491913, -0.07930488139390945
-0.15560002624988556, 0.019637562334537506
