-0.10099000483751297, 0.008194180205464363
-0.049375664442777634, 0.043095070868730545
-0.009333407506346703, 0.06232548877596855
0.0906105786561966, 0.054135072976350784
0.12222345918416977, 0.018748536705970764
0.10222780704498291, -0.004622084554284811
0.04276850074529648, -0.067954882979393
-0.01629423350095749, -0.050433605909347534
-0.12304957956075668, -0.10904612392187119
-0.1252600997686386, -0.030998006463050842
-0.1252600997686386, -0.030998006463050842
-0.10099000483751297, 0.008194180205464363
-0.049375664442777634, 0.043095070868730545
-0.009333407506346703, 0.06232548877596855
0.0906105786561966, 0.054135072976350784
0.12222345918416977, 0.018748536705970764
0.10222780704498291, -0.004622084554284811
0.04276850074529648, -0.067954882979393
-0.12304957956075668, -0.10904612392187119
