-0.2546290159225464, -0.04186980798840523
-0.22578006982803345, 0.023693542927503586
-0.20360484719276428, 0.1367882490158081
-0.22841836512088776, 0.23574842512607574
-0.013053471222519875, 0.25291478633880615
0.042352478951215744, 0.15237896144390106
0.15525119006633759, 0.0054359519854187965
0.2463795244693756, -0.023914601653814316
0.3582555949687958, -0.08614958822727203
0.296385258436203, -0.1423964947462082
0.2255251705646515, -0.18882957100868225
0.1644061654806137, -0.21044960618019104
0.08478062599897385, -0.1933431625366211
-0.0427066944539547, -0.2015828937292099
-0.0641833022236824, -0.15257754921913147
-0.16732431948184967, -0.0592268705368042
-0.2546290159225464, -0.04186980798840523
-0.22841836512088776, 0.23574842512607574
-0.013053471222519875, 0.25291478633880615
0.3582555949687958, -0.08614958822727203
0.296385258436203, -0.1423964947462082
0.2255251705646515, -0.18882957100868225
0.1644061654806137, -0.21044960618019104
-0.0427066944539547, -0.2015828937292099
