-0.04575831815600395, 0.05249188840389252
0.05321292206645012, 0.11480911821126938
0.08348885923624039, 0.07956872880458832
0.06011844426393509, 0.0182561706751585
0.04658631235361099, -0.06663215160369873
0.015531730838119984, -0.09835123270750046
-0.029673980548977852, -0.08644980192184448
-0.06542044132947922, -0.047046858817338943
-0.08405981957912445, 0.008065271191298962
-0.08405981957912445, 0.008065271191298962
-0.04575831815600395, 0.05249188840389252
0.05321292206645012, 0.11480911821126938
0.08348885923624039, 0.07956872880458832
0.04658631235361099, -0.06663215160369873
0.015531730838119984, -0.09835123270750046
-0.029673980548977852, -0.08644980192184448
-0.06542044132947922, -0.047046858817338943
