-0.1038849949836731, 0.04597794637084007
-0.09609030187129974, 0.08058828860521317
-0.05864764750003815, 0.1915762573480606
0.011038769967854023, 0.1571670025587082
0.03990323469042778, 0.08533455431461334
0.06991908699274063, -0.027304459363222122
0.08144029974937439, -0.06203804910182953
0.08403562754392624, -0.1083359643816948
0.04777367413043976, -0.1501087099313736
-0.03656725585460663, -0.051424071192741394
-0.08979274332523346, 0.008155363611876965
-0.1038849949836731, 0.04597794637084007
-0.09609030187129974, 0.08058828860521317
-0.05864764750003815, 0.1915762573480606
0.011038769967854023, 0.1571670025587082
0.03990323469042778, 0.08533455431461334
0.08144029974937439, -0.06203804910182953
0.08403562754392624, -0.1083359643816948
0.04777367413043976, -0.1501087099313736
-0.08979274332523346, 0.008155363611876965
