-0.03017977811396122, 0.1194746270775795
0.036707278341054916, 0.03468300774693489
0.05489998310804367, 0.003689848119392991
0.09509804099798203, -0.13209353387355804
0.05132296308875084, -0.11851715296506882
-0.003779062768444419, -0.08034269511699677
-0.04177997633814812, -0.05487480387091637
-0.07346900552511215, -0.004865875001996756
-0.10453243553638458, 0.11744221299886703
-0.10453243553638458, 0.11744221299886703
-0.03017977811396122, 0.1194746270775795
0.036707278341054916, 0.03468300774693489
0.05489998310804367, 0.003689848119392991
0.09509804099798203, -0.13209353387355804
0.05132296308875084, -0.11851715296506882
-0.04177997633814812, -0.05487480387091637
-0.07346900552511215, -0.004865875001996756
