-0.06795358657836914, 0.16752007603645325
-0.009069935418665409, 0.21345077455043793
0.04006541520357132, 0.1595613956451416
0.06123734638094902, 0.09999700635671616
0.0956670269370079, 0.003149312688037753
0.08872836828231812, -0.05804647505283356
0.06821325421333313, -0.1984679102897644
-0.006619445513933897, -0.19916082918643951
-0.09012841433286667, 0.018745169043540955
-0.10790874809026718, 0.05254293605685234
-0.10941659659147263, 0.09351607412099838
-0.10941659659147263, 0.09351607412099838
-0.06795358657836914, 0.16752007603645325
-0.009069935418665409, 0.21345077455043793
0.04006541520357132, 0.1595613956451416
0.0956670269370079, 0.003149312688037753
0.08872836828231812, -0.05804647505283356
0.06821325421333313, -0.1984679102897644
-0.006619445513933897, -0.19916082918643951
-0.10790874809026718, 0.05254293605685234
