-0.486848920583725, 0.07243173569440842
-0.4551369845867157, 0.13394775986671448
-0.4216785132884979, 0.1827591508626938
-0.38283124566078186, 0.2179320752620697
-0.32525917887687683, 0.3226346969604492
-0.2821756899356842, 0.34418949484825134
-0.24858537316322327, 0.33217424154281616
-0.1916932910680771, 0.29382455348968506
-0.0760052353143692, 0.2587301731109619
-0.018328895792365074, 0.25807344913482666
0.03481947258114815, 0.2536297142505646
0.08925921469926834, 0.3914872407913208
0.06081482023000717, 0.4728159010410309
0.0324694849550724, 0.5499222278594971
0.07223069667816162, 0.6398411393165588
0.13111139833927155, 0.620658278465271
0.15957975387573242, 0.592147171497345
0.18021537363529205, 0.47829416394233704
0.2910372316837311, 0.45236578583717346
0.3331954777240753, 0.48354873061180115
0.376328706741333, 0.5081312656402588
0.4319407641887665, 0.5108765363693237
0.37933963537216187, 0.4644438326358795
0.33339375257492065, 0.3711852729320526
0.27609214186668396, 0.269311785697937
0.27206045389175415, 0.18584038317203522
0.23544344305992126, 0.040280573070049286
0.24659396708011627, -0.08084890246391296
0.3368363678455353, -0.17157718539237976
0.2833644151687622, -0.3637775778770447
0.2538776099681854, -0.3888692259788513
0.21927660703659058, -0.39952024817466736
0.16340476274490356, -0.41202181577682495
0.07406309247016907, -0.4438808262348175
0.006851719692349434, -0.4720454812049866
-0.09164966642856598, -0.49378278851509094
-0.23092225193977356, -0.45552316308021545
-0.3046661615371704, -0.3817523419857025
-0.4108983278274536, -0.3232297897338867
-0.4642883241176605, -0.3068508803844452
-0.48064368963241577, -0.22773350775241852
-0.4135204553604126, -0.11061688512563705
-0.4551045894622803, -0.040523093193769455
-0.49056047201156616, -0.0029564115684479475
-0.4963453412055969, 0.036027271300554276
0.0324694849550724, 0.5499222278594971
0.07223069667816162, 0.6398411393165588
0.13111139833927155, 0.620658278465271
0.4319407641887665, 0.5108765363693237
0.23940303921699524, -0.0027329775039106607
0.03481947258114815, 0.2536297142505646
-0.4963453412055969, 0.036027271300554276
-0.486848920583725, 0.07243173569440842
-0.4551369845867157, 0.13394775986671448
-0.4216785132884979, 0.1827591508626938
-0.32525917887687683, 0.3226346969604492
-0.2821756899356842, 0.34418949484825134
0.03481947258114815, 0.2536297142505646
0.23940303921699524, -0.0027329775039106607
0.3368363678455353, -0.17157718539237976
0.2833644151687622, -0.3637775778770447
0.2538776099681854, -0.3888692259788513
0.006851719692349434, -0.4720454812049866
-0.09164966642856598, -0.49378278851509094
-0.23092225193977356, -0.45552316308021545
-0.4642883241176605, -0.3068508803844452
-0.48064368963241577, -0.22773350775241852
