-0.21672038733959198, 0.010659048333764076
-0.1430472880601883, 0.08045130223035812
-0.10642540454864502, 0.10990436375141144
-0.015956850722432137, 0.10219644010066986
0.03002367541193962, 0.09922774881124496
0.09881746023893356, 0.045101385563611984
0.18131114542484283, -0.0032185749150812626
0.19463114440441132, -0.036310747265815735
0.169921875, -0.0694890096783638
0.12805046141147614, -0.09698837250471115
0.09879578649997711, -0.10681840032339096
-0.00954571831971407, -0.08416158705949783
-0.07118814438581467, -0.06438134610652924
-0.23187996447086334, -0.021285556256771088
-0.23187996447086334, -0.021285556256771088
-0.21672038733959198, 0.010659048333764076
-0.1430472880601883, 0.08045130223035812
-0.10642540454864502, 0.10990436375141144
0.03002367541193962, 0.09922774881124496
0.18131114542484283, -0.0032185749150812626
0.19463114440441132, -0.036310747265815735
0.169921875, -0.0694890096783638
0.12805046141147614, -0.09698837250471115
0.09879578649997711, -0.10681840032339096
-0.00954571831971407, -0.08416158705949783
