-0.05734245106577873, 0.006157673429697752
-0.05322519689798355, 0.07714332640171051
-0.016588177531957626, 0.10765019059181213
0.01612204685807228, 0.1293509155511856
0.0421808622777462, 0.10593706369400024
0.06092054396867752, 0.07048922032117844
0.03289637714624405, -0.02124493196606636
0.04291786253452301, -0.13084079325199127
0.008016679435968399, -0.17058123648166656
-0.01599019020795822, -0.11597263813018799
-0.047316715121269226, -0.040610041469335556
-0.05734245106577873, 0.006157673429697752
-0.05322519689798355, 0.07714332640171051
-0.016588177531957626, 0.10765019059181213
0.01612204685807228, 0.1293509155511856
0.0421808622777462, 0.10593706369400024
0.06092054396867752, 0.07048922032117844
0.04291786253452301, -0.13084079325199127
0.008016679435968399, -0.17058123648166656
-0.01599019020795822, -0.11597263813018799
-0.047316715121269226, -0.040610041469335556
