-0.11594077944755554, -0.41733109951019287
-0.07759300619363785, -0.41365867853164673
-0.0467335470020771, -0.4538825452327728
-0.0036032891366630793, -0.5181635618209839
0.04680066555738449, -0.568311333656311
0.09441208094358444, -0.6122612953186035
0.10928483307361603, -0.6463820934295654
0.0869603306055069, -0.7077504396438599
0.04291936755180359, -0.7254936695098877
-0.0635182335972786, -0.6298846006393433
-0.10209167003631592, -0.6043256521224976
-0.148304283618927, -0.5616554021835327
-0.15938925743103027, -0.5038285255432129
-0.13115818798542023, -0.4460906386375427
-0.15938925743103027, -0.5038285255432129
-0.13115818798542023, -0.4460906386375427
-0.11594077944755554, -0.41733109951019287
-0.07759300619363785, -0.41365867853164673
0.09441208094358444, -0.6122612953186035
0.10928483307361603, -0.6463820934295654
0.0869603306055069, -0.7077504396438599
0.04291936755180359, -0.7254936695098877
-0.10209167003631592, -0.6043256521224976
-0.148304283618927, -0.5616554021835327
