-0.0527576208114624, 0.15101610124111176
-0.04266897588968277, 0.2007819563150406
0.015274605713784695, 0.21127980947494507
0.037092819809913635, 0.1664360612630844
0.047740086913108826, 0.11549371480941772
0.054397210478782654, 0.06176627799868584
0.0811968594789505, -0.03198084235191345
0.07319331914186478, -0.080440953373909
0.042184073477983475, -0.14506632089614868
-0.03594338148832321, -0.17444542050361633
-0.07612975686788559, -0.16027043759822845
-0.10172642022371292, -0.12080388516187668
-0.08498527854681015, -0.0604528933763504
-0.04881167784333229, -0.037411030381917953
-0.010983572341501713, 0.053853947669267654
-0.036898836493492126, 0.11234492808580399
-0.10172642022371292, -0.12080388516187668
-0.0527576208114624, 0.15101610124111176
-0.04266897588968277, 0.2007819563150406
0.015274605713784695, 0.21127980947494507
0.037092819809913635, 0.1664360612630844
0.0811968594789505, -0.03198084235191345
0.07319331914186478, -0.080440953373909
0.042184073477983475, -0.14506632089614868
-0.03594338148832321, -0.17444542050361633
-0.07612975686788559, -0.16027043759822845
