-0.07654662430286407, 0.04232797026634216
-0.06878325343132019, 0.1429053544998169
-0.07146243751049042, 0.2769356071949005
-0.025682777166366577, 0.18493209779262543
0.0644862949848175, 0.09646531194448471
0.10627677291631699, 0.05806487798690796
0.0848018154501915, -0.08491421490907669
0.039609018713235855, -0.16260159015655518
0.003967107739299536, -0.18037481606006622
-0.02536446414887905, -0.16806305944919586
-0.040649253875017166, -0.1311219483613968
-0.0655384436249733, -0.05642959102988243
-0.07654662430286407, 0.04232797026634216
-0.07146243751049042, 0.2769356071949005
0.10627677291631699, 0.05806487798690796
0.0848018154501915, -0.08491421490907669
0.039609018713235855, -0.16260159015655518
0.003967107739299536, -0.18037481606006622
-0.02536446414887905, -0.16806305944919586
-0.040649253875017166, -0.1311219483613968
-0.0655384436249733, -0.05642959102988243
