-0.0795314684510231, 0.2620407044887543
-0.0667584091424942, 0.13937321305274963
-0.04813326150178909, 0.1037009134888649
-0.03034888580441475, 0.07336913794279099
0.047392114996910095, -0.015183018520474434
0.05513153225183487, -0.02358960174024105
0.08816780894994736, -0.05886658653616905
0.12307653576135635, -0.10003359615802765
0.13150708377361298, -0.1858198046684265
0.10176397114992142, -0.22053687274456024
0.06934373080730438, -0.17762336134910583
-0.009347071871161461, -0.08910772949457169
-0.05599132180213928, -0.008925346657633781
-0.10045189410448074, 0.11053046584129333
-0.12309703230857849, 0.17799514532089233
-0.1324954479932785, 0.20955243706703186
-0.1324954479932785, 0.20955243706703186
-0.0795314684510231, 0.2620407044887543
0.12307653576135635, -0.10003359615802765
0.13150708377361298, -0.1858198046684265
0.10176397114992142, -0.22053687274456024
-0.009347071871161461, -0.08910772949457169
-0.05599132180213928, -0.008925346657633781
-0.10045189410448074, 0.11053046584129333
-0.12309703230857849, 0.17799514532089233
