-0.24928908050060272, 0.1955297887325287
-0.19850432872772217, 0.19658151268959045
-0.1503525674343109, 0.17574280500411987
-0.07286418974399567, 0.14351147413253784
0.016390495002269745, 0.10958724468946457
0.1155569776892662, 0.07197512686252594
0.20387715101242065, 0.04004049301147461
0.21460489928722382, -0.06751177459955215
0.1558915376663208, -0.13683469593524933
0.12644632160663605, -0.15462687611579895
0.08034156262874603, -0.1641881763935089
-0.03709978237748146, -0.21193265914916992
-0.06571263074874878, -0.16129349172115326
-0.11016655713319778, -0.02928229235112667
-0.1381647139787674, 0.021456360816955566
-0.1775682121515274, 0.08037669956684113
-0.2687492370605469, 0.16957998275756836
-0.2687492370605469, 0.16957998275756836
-0.24928908050060272, 0.1955297887325287
-0.19850432872772217, 0.19658151268959045
0.20387715101242065, 0.04004049301147461
0.21460489928722382, -0.06751177459955215
0.1558915376663208, -0.13683469593524933
0.12644632160663605, -0.15462687611579895
-0.03709978237748146, -0.21193265914916992
