-0.22318251430988312, -0.07235199958086014
-0.20472685992717743, -0.036740370094776154
-0.17899641394615173, -0.00536970654502511
-0.10728634148836136, 0.06827828288078308
0.00661696121096611, 0.16501078009605408
0.08382460474967957, 0.21370798349380493
0.114876389503479, 0.18910473585128784
0.12082724273204803, 0.04791891202330589
0.14004051685333252, 0.012677746824920177
0.16737204790115356, -0.06267290562391281
0.1584639549255371, -0.12027516216039658
0.12705273926258087, -0.16413266956806183
0.0026341094635427, -0.12490961700677872
-0.125334694981575, -0.10763569176197052
-0.1950221061706543, -0.105662502348423
-0.22318251430988312, -0.07235199958086014
-0.20472685992717743, -0.036740370094776154
-0.17899641394615173, -0.00536970654502511
-0.10728634148836136, 0.06827828288078308
0.00661696121096611, 0.16501078009605408
0.08382460474967957, 0.21370798349380493
0.114876389503479, 0.18910473585128784
0.16737204790115356, -0.06267290562391281
0.1584639549255371, -0.12027516216039658
0.12705273926258087, -0.16413266956806183
-0.1950221061706543, -0.105662502348423
