-0.02670031599700451, 0.23561283946037292
-0.015116657130420208, 0.2748660445213318
0.0063719176687300205, 0.25248438119888306
0.07696525007486343, 0.14543470740318298
0.08271761238574982, 0.0713387131690979
0.07327099144458771, -0.11863797903060913
0.0723523497581482, -0.1609995812177658
0.05025200545787811, -0.19847695529460907
-0.04052724689245224, -0.22143398225307465
-0.10937809944152832, -0.21343331038951874
-0.0669008418917656, -0.0729907676577568
-0.062069427222013474, 0.012396694160997868
-0.04648171365261078, 0.1294797956943512
-0.10937809944152832, -0.21343331038951874
-0.04648171365261078, 0.1294797956943512
-0.02670031599700451, 0.23561283946037292
-0.015116657130420208, 0.2748660445213318
0.0063719176687300205, 0.25248438119888306
0.07696525007486343, 0.14543470740318298
0.08271761238574982, 0.0713387131690979
0.0723523497581482, -0.1609995812177658
0.05025200545787811, -0.19847695529460907
-0.04052724689245224, -0.22143398225307465
