-0.24042697250843048, 0.02304500713944435
-0.17573903501033783, 0.13540507853031158
-0.11278948932886124, 0.1327006071805954
-0.07680761069059372, 0.1257401704788208
0.06346220523118973, 0.10442318022251129
0.12938526272773743, 0.10023370385169983
0.16920040547847748, 0.09217331558465958
0.21490894258022308, 0.07746340334415436
0.1449517160654068, -0.08023565262556076
0.11999453604221344, -0.11676239222288132
0.09351801872253418, -0.14624270796775818
0.042535241693258286, -0.1894320696592331
-0.017577238380908966, -0.21785403788089752
-0.026796914637088776, -0.09674377739429474
-0.15086069703102112, -0.0171603262424469
-0.19636274874210358, -0.0021822447888553143
-0.24042697250843048, 0.02304500713944435
-0.17573903501033783, 0.13540507853031158
-0.11278948932886124, 0.1327006071805954
0.12938526272773743, 0.10023370385169983
0.16920040547847748, 0.09217331558465958
0.21490894258022308, 0.07746340334415436
0.1449517160654068, -0.08023565262556076
0.11999453604221344, -0.11676239222288132
0.09351801872253418, -0.14624270796775818
0.042535241693258286, -0.1894320696592331
-0.017577238380908966, -0.21785403788089752
