-0.5508936643600464, -0.23205815255641937
-0.5061988234519958, -0.20105992257595062
-0.4371291697025299, -0.1322428435087204
-0.340786874294281, -0.07097633183002472
-0.24474482238292694, -0.04694340005517006
-0.13289907574653625, 0.04031398892402649
-0.046329349279403687, 0.07847326248884201
0.0160690750926733, 0.14095813035964966
0.06926758587360382, 0.18204660713672638
0.2750694155693054, 0.1817389726638794
0.3897639214992523, 0.14367206394672394
0.4419785439968109, 0.15589185059070587
0.5380976796150208, 0.19290634989738464
0.5621507167816162, 0.16914522647857666
0.52467942237854, 0.14738623797893524
0.45736655592918396, 0.029902571812272072
0.3709374666213989, -0.016148554161190987
0.3013715147972107, -0.015143717639148235
0.2136029750108719, 0.015445716679096222
0.1510852575302124, 0.016933424398303032
0.12325353920459747, 0.014568218030035496
0.04014532268047333, 0.007278864271938801
-0.03866353631019592, -0.037383344024419785
-0.08471475541591644, -0.05512676388025284
-0.18017926812171936, -0.10579538345336914
-0.2747606933116913, -0.14976941049098969
-0.34136608242988586, -0.2143785059452057
-0.4194760024547577, -0.2710611820220947
-0.4993491470813751, -0.2843674123287201
-0.5859465003013611, -0.3085592985153198
-0.5859465003013611, -0.3085592985153198
-0.5508936643600464, -0.23205815255641937
-0.4371291697025299, -0.1322428435087204
-0.340786874294281, -0.07097633183002472
0.06926758587360382, 0.18204660713672638
0.5380976796150208, 0.19290634989738464
0.5621507167816162, 0.16914522647857666
0.45736655592918396, 0.029902571812272072
0.3709374666213989, -0.016148554161190987
-0.4194760024547577, -0.2710611820220947
