-0.03207459673285484, 0.15260550379753113
0.01898304559290409, 0.07896062731742859
0.08218687027692795, -0.056055158376693726
0.06402121484279633, -0.17887935042381287
0.02242306061089039, -0.1731763780117035
-0.0055062295868992805, -0.13214465975761414
-0.06523474305868149, 0.03091011568903923
-0.0876215398311615, 0.14079008996486664
-0.0876215398311615, 0.14079008996486664
-0.03207459673285484, 0.15260550379753113
0.01898304559290409, 0.07896062731742859
0.08218687027692795, -0.056055158376693726
0.06402121484279633, -0.17887935042381287
0.02242306061089039, -0.1731763780117035
-0.0055062295868992805, -0.13214465975761414
-0.06523474305868149, 0.03091011568903923
