-0.08331987261772156, 0.05896559730172157
-0.05574767664074898, 0.14138048887252808
0.055665817111730576, 0.08457913994789124
0.04930488392710686, 0.04933372512459755
0.0797918513417244, -0.09996591508388519
0.08565693348646164, -0.16253046691417694
0.04325699061155319, -0.14831775426864624
-0.032008662819862366, -0.07496517896652222
-0.07085787504911423, -0.005682202056050301
-0.08331987261772156, 0.05896559730172157
-0.05574767664074898, 0.14138048887252808
0.055665817111730576, 0.08457913994789124
0.0797918513417244, -0.09996591508388519
0.08565693348646164, -0.16253046691417694
0.04325699061155319, -0.14831775426864624
-0.032008662819862366, -0.07496517896652222
-0.07085787504911423, -0.005682202056050301
