-0.12198041379451752, -0.10081039369106293
-0.07862122356891632, 0.005693125072866678
-0.052876438945531845, 0.1243143379688263
-0.014946194365620613, 0.12836012244224548
0.03334509953856468, 0.12663891911506653
0.04747690260410309, 0.09978900104761124
0.07382877171039581, 0.026663215830922127
0.08706565946340561, -0.01428279560059309
0.11221740394830704, -0.09700784832239151
0.050524644553661346, -0.0939234271645546
-0.09597951173782349, -0.1201801523566246
-0.12198041379451752, -0.10081039369106293
-0.052876438945531845, 0.1243143379688263
-0.014946194365620613, 0.12836012244224548
0.03334509953856468, 0.12663891911506653
0.04747690260410309, 0.09978900104761124
0.07382877171039581, 0.026663215830922127
0.08706565946340561, -0.01428279560059309
0.11221740394830704, -0.09700784832239151
-0.09597951173782349, -0.1201801523566246
