-0.36960968375205994, -0.23321549594402313
-0.30798399448394775, -0.13946011662483215
-0.10166151076555252, -0.003098179353401065
-0.03713717684149742, 0.020920757204294205
-0.011214105412364006, 0.03223348408937454
0.04587074741721153, 0.15138088166713715
0.07831734418869019, 0.19581836462020874
0.13142850995063782, 0.17535656690597534
0.1877124011516571, 0.14909276366233826
0.2439430207014084, 0.11561854183673859
0.23200459778308868, 0.015875235199928284
0.19715280830860138, -0.02099016308784485
0.07367324084043503, -0.0372718907892704
0.01846078410744667, -0.05244174972176552
-0.07926572859287262, -0.09598015248775482
-0.14554713666439056, -0.14053703844547272
-0.18077480792999268, -0.14117589592933655
-0.28283587098121643, -0.1766381710767746
-0.3317290246486664, -0.24889560043811798
-0.35405027866363525, -0.2752855122089386
-0.3820376396179199, -0.29467782378196716
-0.3820376396179199, -0.29467782378196716
-0.36960968375205994, -0.23321549594402313
-0.30798399448394775, -0.13946011662483215
0.07831734418869019, 0.19581836462020874
0.13142850995063782, 0.17535656690597534
0.1877124011516571, 0.14909276366233826
0.2439430207014084, 0.11561854183673859
0.23200459778308868, 0.015875235199928284
0.19715280830860138, -0.02099016308784485
