-0.49723127484321594, -0.5211358666419983
-0.47370338439941406, -0.42352625727653503
-0.46399742364883423, -0.39482906460762024
-0.4101533591747284, -0.2781461775302887
-0.37166866660118103, -0.19092218577861786
-0.32955819368362427, -0.08301140367984772
-0.3395994305610657, 0.03617525100708008
-0.3463093340396881, 0.07598022371530533
-0.34663522243499756, 0.13849805295467377
-0.34768879413604736, 0.21966494619846344
-0.29972967505455017, 0.28134405612945557
-0.23666535317897797, 0.40654969215393066
-0.2164587378501892, 0.43243566155433655
-0.12442278861999512, 0.5453985333442688
-0.06938503682613373, 0.5363534092903137
0.07359078526496887, 0.5271154046058655
0.10251473635435104, 0.53647381067276
0.16144640743732452, 0.5113803744316101
0.22235320508480072, 0.46815162897109985
0.29277607798576355, 0.4320165812969208
0.41487085819244385, 0.4009973406791687
0.44666802883148193, 0.37670108675956726
0.46570441126823425, 0.341781884431839
0.49182289838790894, 0.21253913640975952
0.4378153085708618, 0.0735602155327797
0.4060851037502289, -0.055390000343322754
0.36627301573753357, -0.1346580535173416
0.35680076479911804, -0.21033713221549988
0.34448838233947754, -0.31860119104385376
0.31512248516082764, -0.3397912383079529
0.19189241528511047, -0.33905062079429626
0.1402798295021057, -0.3601011037826538
0.04495619982481003, -0.4295233488082886
-0.04267312213778496, -0.4847331643104553
-0.11923927068710327, -0.5267652273178101
-0.25743117928504944, -0.5539697408676147
-0.36587437987327576, -0.5322621464729309
-0.49723127484321594, -0.5211358666419983
-0.34768879413604736, 0.21966494619846344
-0.23666535317897797, 0.40654969215393066
-0.2164587378501892, 0.43243566155433655
-0.12442278861999512, 0.5453985333442688
0.10251473635435104, 0.53647381067276
0.16144640743732452, 0.5113803744316101
0.41487085819244385, 0.4009973406791687
0.44666802883148193, 0.37670108675956726
0.46570441126823425, 0.341781884431839
0.49182289838790894, 0.21253913640975952
0.34448838233947754, -0.31860119104385376
0.31512248516082764, -0.3397912383079529
-0.11923927068710327, -0.5267652273178101
-0.25743117928504944, -0.5539697408676147
