-0.2709125280380249, -0.21283745765686035
-0.25513795018196106, -0.0950854942202568
-0.21217313408851624, -0.015405599027872086
-0.17263808846473694, 0.035335082560777664
-0.07265119254589081, 0.14390282332897186
0.017650170251727104, 0.18277527391910553
0.11915737390518188, 0.26020368933677673
0.212502121925354, 0.17711983621120453
0.30977946519851685, 0.08723998069763184
0.25591719150543213, 0.04743803292512894
0.13011111319065094, -0.03663397952914238
0.02277524210512638, -0.13433539867401123
-0.026817072182893753, -0.16661310195922852
-0.12432508170604706, -0.24432896077632904
-0.15426641702651978, -0.2390458583831787
-0.20633655786514282, -0.228646919131279
-0.2709125280380249, -0.21283745765686035
-0.25513795018196106, -0.0950854942202568
-0.21217313408851624, -0.015405599027872086
-0.17263808846473694, 0.035335082560777664
-0.07265119254589081, 0.14390282332897186
0.11915737390518188, 0.26020368933677673
0.212502121925354, 0.17711983621120453
0.30977946519851685, 0.08723998069763184
0.02277524210512638, -0.13433539867401123
-0.12432508170604706, -0.24432896077632904
-0.15426641702651978, -0.2390458583831787
-0.20633655786514282, -0.228646919131279
