0.0038482865784317255, 0.15865088999271393
0.025715280324220657, 0.2006542682647705
0.09938254207372665, 0.23445306718349457
0.050494592636823654, 0.16150686144828796
0.027502022683620453, 0.1146831065416336
0.014026032760739326, 0.010956012643873692
0.007068342994898558, -0.11768049746751785
0.03079942986369133, -0.18561884760856628
0.04035471752285957, -0.25054964423179626
-0.05373102426528931, -0.12358831614255905
-0.07327360659837723, -0.03855995833873749
-0.07327360659837723, -0.03855995833873749
0.0038482865784317255, 0.15865088999271393
0.025715280324220657, 0.2006542682647705
0.09938254207372665, 0.23445306718349457
0.04035471752285957, -0.25054964423179626
-0.05373102426528931, -0.12358831614255905
