-0.12252248078584671, 0.026188470423221588
-0.10517382621765137, 0.07726269215345383
-0.06439046561717987, 0.08271679282188416
-0.011970764957368374, 0.07869719713926315
0.1144808977842331, 0.08244804292917252
0.11143480986356735, 0.043138254433870316
0.07703271508216858, -0.10161203891038895
0.030546385794878006, -0.10482378304004669
-0.03101249784231186, -0.0652393326163292
-0.11870697140693665, -0.03140479326248169
-0.12252248078584671, 0.026188470423221588
-0.10517382621765137, 0.07726269215345383
-0.06439046561717987, 0.08271679282188416
0.1144808977842331, 0.08244804292917252
0.11143480986356735, 0.043138254433870316
0.07703271508216858, -0.10161203891038895
0.030546385794878006, -0.10482378304004669
-0.11870697140693665, -0.03140479326248169
