-0.07883061468601227, -0.043372537940740585
-0.03820360079407692, -0.0011080242693424225
-0.02756902575492859, 0.123874232172966
0.013753407634794712, 0.1238073855638504
0.059514399617910385, 0.11106374114751816
0.11925560981035233, 0.07651807367801666
0.0646975040435791, 0.019347863271832466
0.023044561967253685, -0.04052070528268814
-0.002589489333331585, -0.0720546767115593
-0.04007966071367264, -0.1135944128036499
-0.07785458117723465, -0.12958255410194397
-0.09642180055379868, -0.08959788084030151
-0.09642180055379868, -0.08959788084030151
-0.02756902575492859, 0.123874232172966
0.013753407634794712, 0.1238073855638504
0.059514399617910385, 0.11106374114751816
0.11925560981035233, 0.07651807367801666
-0.002589489333331585, -0.0720546767115593
-0.04007966071367264, -0.1135944128036499
-0.07785458117723465, -0.12958255410194397
