-0.08284430205821991, 0.002878929255530238
-0.05068228393793106, 0.04434797167778015
0.016131889075040817, 0.08077967911958694
0.05520318076014519, 0.09058427810668945
0.1190664991736412, 0.054805558174848557
0.1016046330332756, 0.003543943166732788
-0.016750464215874672, -0.07655395567417145
-0.07746829837560654, -0.0842495784163475
-0.1143379732966423, -0.036974430084228516
-0.1143379732966423, -0.036974430084228516
-0.05068228393793106, 0.04434797167778015
0.016131889075040817, 0.08077967911958694
0.05520318076014519, 0.09058427810668945
0.1190664991736412, 0.054805558174848557
0.1016046330332756, 0.003543943166732788
-0.016750464215874672, -0.07655395567417145
-0.07746829837560654, -0.0842495784163475
