-0.11157955229282379, 0.02703757770359516
-0.03299219161272049, 0.11427897214889526
-0.020446456968784332, 0.1478189378976822
0.0031785243190824986, 0.18119649589061737
0.045705921947956085, 0.1756322979927063
0.07884171605110168, 0.08026043325662613
0.062315504997968674, 0.03535516560077667
0.1049727126955986, -0.0840548649430275
0.10060413181781769, -0.14919500052928925
0.09718930721282959, -0.187442347407341
0.018954087048768997, -0.19190546870231628
-0.0788247212767601, -0.09974625706672668
-0.12233277410268784, -0.06422294676303864
-0.13162092864513397, -0.016963588073849678
-0.13162092864513397, -0.016963588073849678
-0.11157955229282379, 0.02703757770359516
0.0031785243190824986, 0.18119649589061737
0.045705921947956085, 0.1756322979927063
0.07884171605110168, 0.08026043325662613
0.1049727126955986, -0.0840548649430275
0.10060413181781769, -0.14919500052928925
0.09718930721282959, -0.187442347407341
0.018954087048768997, -0.19190546870231628
-0.12233277410268784, -0.06422294676303864
