-0.03805961459875107, 0.05702277645468712
0.02787749096751213, 0.07164540886878967
0.07456982880830765, 0.08004956692457199
0.1146979033946991, 0.07180851697921753
0.09329081326723099, 0.012191194109618664
-0.011389356106519699, -0.07627691328525543
-0.08659782260656357, -0.08471255004405975
-0.08927514404058456, 0.0034883616026490927
-0.08927514404058456, 0.0034883616026490927
-0.03805961459875107, 0.05702277645468712
0.02787749096751213, 0.07164540886878967
0.07456982880830765, 0.08004956692457199
0.1146979033946991, 0.07180851697921753
0.09329081326723099, 0.012191194109618664
-0.011389356106519699, -0.07627691328525543
-0.08659782260656357, -0.08471255004405975
