-0.11447831243276596, -0.053322698920965195
-0.0934034138917923, -0.019062155857682228
-0.06591402739286423, 0.028621593490242958
-0.005844776518642902, 0.09191840142011642
0.034017860889434814, 0.11454556882381439
0.10464417934417725, 0.14303483068943024
0.17309661209583282, 0.15041866898536682
0.18933218717575073, 0.11246860772371292
0.16789768636226654, 0.061101850122213364
0.08418232202529907, 0.0024262494407594204
0.009610208682715893, -0.03836062178015709
-0.048991914838552475, -0.1180390864610672
-0.059684086591005325, -0.14856360852718353
-0.16898396611213684, -0.15336769819259644
-0.2341396063566208, -0.11598481982946396
-0.2341396063566208, -0.11598481982946396
-0.005844776518642902, 0.09191840142011642
0.034017860889434814, 0.11454556882381439
0.10464417934417725, 0.14303483068943024
0.17309661209583282, 0.15041866898536682
0.18933218717575073, 0.11246860772371292
0.16789768636226654, 0.061101850122213364
-0.059684086591005325, -0.14856360852718353
-0.16898396611213684, -0.15336769819259644
