-0.23280271887779236, -0.18231600522994995
-0.2201882302761078, -0.13462363183498383
-0.13728708028793335, -0.04898015782237053
-0.12432694435119629, 0.05206232890486717
-0.08720513433218002, 0.0677596777677536
-0.020151667296886444, 0.09126439690589905
0.18962295353412628, 0.10328657180070877
0.188373863697052, 0.032718364149332047
0.17249536514282227, -0.03397129103541374
0.10122419148683548, -0.04407356679439545
0.03938418999314308, -0.05604073405265808
-0.03951716795563698, -0.04947195574641228
-0.15722598135471344, -0.12545467913150787
-0.23280271887779236, -0.18231600522994995
-0.2201882302761078, -0.13462363183498383
-0.12432694435119629, 0.05206232890486717
-0.08720513433218002, 0.0677596777677536
-0.020151667296886444, 0.09126439690589905
0.18962295353412628, 0.10328657180070877
0.188373863697052, 0.032718364149332047
0.17249536514282227, -0.03397129103541374
