-0.27838146686553955, 0.31307944655418396
-0.18621352314949036, 0.3605019450187683
-0.09295016527175903, 0.37757834792137146
-0.010710125789046288, 0.3539906442165375
0.06962119787931442, 0.27368292212486267
0.08760003745555878, 0.24189206957817078
0.09868892282247543, 0.16255897283554077
0.068034827709198, 0.12543882429599762
0.07782957702875137, 0.015431432984769344
0.15620657801628113, -0.016403276473283768
0.2501150965690613, -0.08709651976823807
0.2975803315639496, -0.10030806064605713
0.2862702012062073, -0.16345517337322235
0.2779766023159027, -0.21415041387081146
0.2758198082447052, -0.3203539550304413
0.14428111910820007, -0.3659180700778961
0.10931809991598129, -0.378846138715744
0.0465027317404747, -0.38759052753448486
0.002793078077957034, -0.3737262785434723
-0.03524565324187279, -0.2763718068599701
-0.05531230941414833, -0.20866355299949646
-0.0719173401594162, -0.16367720067501068
-0.10958318412303925, -0.09154953807592392
-0.16400016844272614, -0.023402292281389236
-0.22599221765995026, 0.10632389783859253
-0.25905850529670715, 0.21832071244716644
-0.29711803793907166, 0.27340254187583923
-0.29711803793907166, 0.27340254187583923
-0.27838146686553955, 0.31307944655418396
-0.18621352314949036, 0.3605019450187683
-0.09295016527175903, 0.37757834792137146
-0.010710125789046288, 0.3539906442165375
0.06962119787931442, 0.27368292212486267
0.2975803315639496, -0.10030806064605713
0.2758198082447052, -0.3203539550304413
0.10931809991598129, -0.378846138715744
0.0465027317404747, -0.38759052753448486
0.002793078077957034, -0.3737262785434723
-0.22599221765995026, 0.10632389783859253
