0.039407532662153244, 0.05794857069849968
0.04845329746603966, 0.008843142539262772
0.05497448891401291, -0.02570505067706108
0.057668909430503845, -0.13677412271499634
0.013536165468394756, -0.14208447933197021
-0.03032136708498001, -0.09370141476392746
-0.03423742577433586, -0.049814824014902115
-0.05054428055882454, 0.08020566403865814
-0.058789368718862534, 0.14119389653205872
-0.058789368718862534, 0.14119389653205872
0.039407532662153244, 0.05794857069849968
0.05497448891401291, -0.02570505067706108
0.057668909430503845, -0.13677412271499634
0.013536165468394756, -0.14208447933197021
-0.03032136708498001, -0.09370141476392746
