-0.09251327812671661, -0.005477452650666237
-0.01150205172598362, 0.09651689976453781
0.03794584423303604, 0.131704181432724
0.08788221329450607, 0.12918052077293396
0.09636973589658737, 0.05953620746731758
0.08889155834913254, -0.005508836358785629
0.025498701259493828, -0.10522004961967468
-0.010424275882542133, -0.11882208287715912
-0.0552377849817276, -0.11678237468004227
-0.09636805951595306, -0.08829783648252487
-0.14205187559127808, -0.057677317410707474
-0.14205187559127808, -0.057677317410707474
-0.01150205172598362, 0.09651689976453781
0.03794584423303604, 0.131704181432724
0.08788221329450607, 0.12918052077293396
0.09636973589658737, 0.05953620746731758
0.08889155834913254, -0.005508836358785629
0.025498701259493828, -0.10522004961967468
-0.010424275882542133, -0.11882208287715912
-0.0552377849817276, -0.11678237468004227
