-0.8465144634246826, 0.5426650047302246
-0.841306209564209, 0.5766713619232178
-0.8210885524749756, 0.622586190700531
-0.7108851671218872, 0.7171984314918518
-0.6530062556266785, 0.7520637512207031
-0.6086341142654419, 0.7793262004852295
-0.5399349331855774, 0.8713439702987671
-0.41566604375839233, 0.9309316873550415
-0.3798193037509918, 0.932330310344696
-0.324636846780777, 0.9115698933601379
-0.29639604687690735, 0.8940138220787048
-0.24738100171089172, 0.8492136597633362
-0.20429812371730804, 0.8035913109779358
-0.15738855302333832, 0.7546290159225464
-0.15282410383224487, 0.7500849962234497
-0.03913501277565956, 0.6557849645614624
-0.02249389886856079, 0.6219868659973145
0.034828606992959976, 0.4928308427333832
0.12887407839298248, 0.3823069632053375
0.16129830479621887, 0.3541984260082245
0.18902939558029175, 0.31779390573501587
0.269461989402771, 0.19840770959854126
0.31115323305130005, 0.1263887882232666
0.40594419836997986, 0.031515054404735565
0.4715742766857147, -0.0380992516875267
0.5675835013389587, -0.15024350583553314
0.5920002460479736, -0.18001075088977814
0.6296922564506531, -0.2511250674724579
0.7183740139007568, -0.26628655195236206
0.7540705800056458, -0.3228227496147156
0.8139524459838867, -0.4003686010837555
0.8275741338729858, -0.44146376848220825
0.8150573968887329, -0.5980014801025391
0.8027805685997009, -0.6692745685577393
0.7011096477508545, -0.7224442362785339
0.616637110710144, -0.7870638370513916
0.5553450584411621, -0.8212865591049194
0.44772255420684814, -0.847719132900238
0.3053896427154541, -0.8042652010917664
0.25253140926361084, -0.8181644678115845
0.2031257003545761, -0.7918742299079895
0.16202352941036224, -0.766228199005127
0.09617940336465836, -0.6794499754905701
0.05216551199555397, -0.63432776927948
-0.024936635047197342, -0.5572946071624756
-0.10290401428937912, -0.4521435797214508
-0.16288143396377563, -0.3959568440914154
-0.25326240062713623, -0.28091853857040405
-0.3390987813472748, -0.1722225695848465
-0.3681240975856781, -0.14321601390838623
-0.4209623336791992, -0.07029193639755249
-0.4849778413772583, 0.012242312543094158
-0.57332843542099, 0.11627889424562454
-0.6365466117858887, 0.20678472518920898
-0.7105005383491516, 0.267656147480011
-0.786200761795044, 0.3862323462963104
-0.8234061002731323, 0.45290321111679077
-0.8465144634246826, 0.5426650047302246
-0.841306209564209, 0.5766713619232178
-0.8210885524749756, 0.622586190700531
-0.5399349331855774, 0.8713439702987671
-0.41566604375839233, 0.9309316873550415
-0.3798193037509918, 0.932330310344696
-0.324636846780777, 0.9115698933601379
-0.29639604687690735, 0.8940138220787048
-0.24738100171089172, 0.8492136597633362
-0.03913501277565956, 0.6557849645614624
0.7183740139007568, -0.26628655195236206
0.8139524459838867, -0.4003686010837555
0.8275741338729858, -0.44146376848220825
0.8150573968887329, -0.5980014801025391
0.8027805685997009, -0.6692745685577393
0.616637110710144, -0.7870638370513916
0.5553450584411621, -0.8212865591049194
0.44772255420684814, -0.847719132900238
0.25253140926361084, -0.8181644678115845
0.2031257003545761, -0.7918742299079895
0.16202352941036224, -0.766228199005127
-0.024936635047197342, -0.5572946071624756
-0.16288143396377563, -0.3959568440914154
-0.7105005383491516, 0.267656147480011
-0.786200761795044, 0.3862323462963104
-0.8234061002731323, 0.45290321111679077
