-0.20501379668712616, 0.439776748418808
-0.15137644112110138, 0.397896945476532
-0.10851380228996277, 0.30355721712112427
0.0017279917374253273, 0.1832999587059021
0.08590565621852875, 0.14232344925403595
0.16696539521217346, 0.12554509937763214
0.2578243017196655, 0.12148715555667877
0.3332464396953583, 0.14431385695934296
0.44864749908447266, 0.16801883280277252
0.49915364384651184, 0.15411271154880524
0.47342491149902344, 0.11923932284116745
0.41851672530174255, 0.07843754440546036
0.3797021508216858, 0.05579780787229538
0.2526906132698059, 0.030183948576450348
0.1598256528377533, -0.002695046365261078
0.09407434612512589, -0.05868916213512421
0.06881993263959885, -0.1423313468694687
0.06387720257043839, -0.17886415123939514
0.022911475971341133, -0.2697199285030365
-0.04780328646302223, -0.3092408776283264
-0.09649830311536789, -0.3844827115535736
-0.15906795859336853, -0.3966347575187683
-0.16756393015384674, -0.24879662692546844
-0.17159970104694366, -0.18468430638313293
-0.17557816207408905, -0.06412575393915176
-0.17357760667800903, 0.08096852153539658
-0.17788390815258026, 0.14832590520381927
-0.17917585372924805, 0.23283015191555023
-0.193131685256958, 0.34310996532440186
-0.22610795497894287, 0.37998291850090027
-0.23642906546592712, 0.4223794937133789
-0.13048487901687622, -0.3910834491252899
0.08590565621852875, 0.14232344925403595
0.44864749908447266, 0.16801883280277252
0.49915364384651184, 0.15411271154880524
0.47342491149902344, 0.11923932284116745
-0.09649830311536789, -0.3844827115535736
-0.23642906546592712, 0.4223794937133789
-0.20501379668712616, 0.439776748418808
-0.15137644112110138, 0.397896945476532
0.08590565621852875, 0.14232344925403595
-0.13048487901687622, -0.3910834491252899
-0.15906795859336853, -0.3966347575187683
