0.21506154537200928, -0.1214413046836853
0.11735247075557709, -0.1377134621143341
0.040012091398239136, -0.07403986901044846
-0.012844134122133255, -0.0376608781516552
-0.13074275851249695, -0.02066820301115513
-0.22615930438041687, 0.0026072647888213396
-0.2887183129787445, 0.07534749805927277
-0.27487924695014954, 0.15166012942790985
-0.21954190731048584, 0.13069547712802887
-0.1057901680469513, 0.07641687244176865
0.03142757713794708, 0.03849872946739197
0.0635192021727562, 0.043962862342596054
0.1211453378200531, 0.025682494044303894
0.16606666147708893, -9.180708439089358E-4
0.261480450630188, -0.08328722417354584
-0.2887183129787445, 0.07534749805927277
-0.27487924695014954, 0.15166012942790985
0.1211453378200531, 0.025682494044303894
0.16606666147708893, -9.180708439089358E-4
0.261480450630188, -0.08328722417354584
0.21506154537200928, -0.1214413046836853
0.11735247075557709, -0.1377134621143341
-0.22615930438041687, 0.0026072647888213396
