-0.1262873113155365, 0.14262191951274872
-0.06661046296358109, 0.15580327808856964
0.05471722409129143, 0.1875159591436386
0.08548026531934738, 0.20284461975097656
0.11598623543977737, 0.21008983254432678
0.1569504290819168, 0.18916858732700348
0.18255679309368134, 0.13474038243293762
0.23722991347312927, -0.026504188776016235
0.2310832142829895, -0.06049022451043129
0.1591576486825943, -0.0491563156247139
0.07789196074008942, -0.09551011025905609
0.049290306866168976, -0.1265922486782074
0.016116302460432053, -0.16388283669948578
-0.025752997025847435, -0.2049616426229477
-0.0909663513302803, -0.3015083372592926
-0.12555044889450073, -0.22680531442165375
-0.1411278396844864, -0.15131348371505737
-0.14840658009052277, -0.09160362184047699
-0.15973344445228577, 4.958515637554228E-4
-0.1708451807498932, 0.11348583549261093
-0.1708451807498932, 0.11348583549261093
-0.1262873113155365, 0.14262191951274872
0.08548026531934738, 0.20284461975097656
0.11598623543977737, 0.21008983254432678
0.1569504290819168, 0.18916858732700348
0.18255679309368134, 0.13474038243293762
0.23722991347312927, -0.026504188776016235
0.2310832142829895, -0.06049022451043129
-0.0909663513302803, -0.3015083372592926
-0.12555044889450073, -0.22680531442165375
-0.1411278396844864, -0.15131348371505737
-0.15973344445228577, 4.958515637554228E-4
