-0.09173303842544556, -0.007138030603528023
-0.03337952867150307, 0.09999635070562363
-0.021491125226020813, 0.1278066486120224
0.10181552916765213, 0.0828126072883606
0.09423906356096268, 0.027779055759310722
0.059261661022901535, -0.09165862202644348
-0.009445327334105968, -0.11776715517044067
-0.09638665616512299, -0.05636105313897133
-0.09638665616512299, -0.05636105313897133
-0.09173303842544556, -0.007138030603528023
-0.021491125226020813, 0.1278066486120224
0.10181552916765213, 0.0828126072883606
0.09423906356096268, 0.027779055759310722
0.059261661022901535, -0.09165862202644348
-0.009445327334105968, -0.11776715517044067
