-0.03719533607363701, 0.06491353362798691
0.03907264024019241, 0.07947143912315369
0.06285057961940765, 0.030937718227505684
0.03783825412392616, -0.0676385834813118
0.007446300238370895, -0.11887550354003906
-0.03894102945923805, -0.09467725455760956
-0.0649358257651329, 0.034178227186203
-0.0649358257651329, 0.034178227186203
-0.03719533607363701, 0.06491353362798691
0.03907264024019241, 0.07947143912315369
0.06285057961940765, 0.030937718227505684
0.03783825412392616, -0.0676385834813118
0.007446300238370895, -0.11887550354003906
-0.03894102945923805, -0.09467725455760956
