-0.17571738362312317, -0.14549513161182404
-0.14365942776203156, -0.08254442363977432
-0.12611418962478638, -0.047490183264017105
-0.07905502617359161, 0.012416727840900421
-0.024865224957466125, 0.07583535462617874
0.047093700617551804, 0.20439355075359344
0.12294590473175049, 0.21908698976039886
0.25124233961105347, 0.17033016681671143
0.22546839714050293, 0.1248783990740776
0.11619234085083008, 0.03744155541062355
0.09161031991243362, 0.006588398478925228
0.0029191733337938786, -0.05629274621605873
-0.040587007999420166, -0.1749742478132248
-0.14636042714118958, -0.18909883499145508
-0.18865084648132324, -0.17393334209918976
-0.18865084648132324, -0.17393334209918976
-0.17571738362312317, -0.14549513161182404
-0.12611418962478638, -0.047490183264017105
0.047093700617551804, 0.20439355075359344
0.12294590473175049, 0.21908698976039886
0.25124233961105347, 0.17033016681671143
0.22546839714050293, 0.1248783990740776
-0.040587007999420166, -0.1749742478132248
-0.14636042714118958, -0.18909883499145508
