-0.7640135288238525, -0.6870467662811279
-0.741032600402832, -0.6657099723815918
-0.6601848602294922, -0.5709577798843384
-0.6158391237258911, -0.5054377317428589
-0.5856422781944275, -0.4108145236968994
-0.5174155831336975, -0.295181542634964
-0.4629357159137726, -0.181070014834404
-0.4412109851837158, -0.08386450260877609
-0.4407939314842224, -0.016451984643936157
-0.4253412187099457, 0.11687272787094116
-0.4105215072631836, 0.14754152297973633
-0.3797806203365326, 0.19730493426322937
-0.3359828293323517, 0.2556319534778595
-0.24624033272266388, 0.38475921750068665
-0.23489345610141754, 0.447876900434494
-0.21249325573444366, 0.5351925492286682
-0.18349015712738037, 0.6582998633384705
-0.08176121115684509, 0.7111467719078064
-0.013668976724147797, 0.7828012704849243
0.10738681256771088, 0.866645097732544
0.12694783508777618, 0.8803871273994446
0.157730832695961, 0.9137239456176758
0.14508172869682312, 1.0389256477355957
0.1716448962688446, 1.1676119565963745
0.1824554204940796, 1.2092907428741455
0.2005184292793274, 1.2662123441696167
0.26317939162254333, 1.3639349937438965
0.336995929479599, 1.3937857151031494
0.38520100712776184, 1.2900882959365845
0.4021035134792328, 1.1808282136917114
0.3842044174671173, 1.1034702062606812
0.44370701909065247, 0.9858332872390747
0.4678896367549896, 0.9094260334968567
0.47959384322166443, 0.820007860660553
0.4521089196205139, 0.7018309831619263
0.4704717993736267, 0.6046038269996643
0.4883975088596344, 0.5104110836982727
0.4822193682193756, 0.4598497748374939
0.5142136812210083, 0.33813148736953735
0.5235238075256348, 0.21201714873313904
0.5226304531097412, 0.10153375566005707
0.4745367467403412, -0.032084133476018906
0.4729546308517456, -0.11875680834054947
0.46459582448005676, -0.16088040173053741
0.4486196041107178, -0.22226017713546753
0.43852120637893677, -0.3624483048915863
0.4216480851173401, -0.45473310351371765
0.38706162571907043, -0.5992900133132935
0.36044958233833313, -0.6223763823509216
0.30691003799438477, -0.6668109893798828
0.2362726628780365, -0.6933269500732422
0.11549603939056396, -0.7285575866699219
0.08318035304546356, -0.7489752173423767
-0.01833684742450714, -0.768241822719574
-0.1005038246512413, -0.8462072014808655
-0.12747009098529816, -0.8630330562591553
-0.17060768604278564, -0.8866977095603943
-0.2617424726486206, -0.938448429107666
-0.3095302879810333, -0.9474926590919495
-0.3918374180793762, -0.9368657469749451
-0.46747657656669617, -0.9206854701042175
-0.5822787880897522, -0.9022011756896973
-0.6193709373474121, -0.8932119011878967
-0.7008060812950134, -0.8082095980644226
-0.7917617559432983, -0.7213285565376282
0.14508172869682312, 1.0389256477355957
0.1716448962688446, 1.1676119565963745
0.1824554204940796, 1.2092907428741455
0.2005184292793274, 1.2662123441696167
0.26317939162254333, 1.3639349937438965
0.336995929479599, 1.3937857151031494
0.38520100712776184, 1.2900882959365845
0.4678896367549896, 0.9094260334968567
0.47959384322166443, 0.820007860660553
0.4573689103126526, 0.7244473695755005
0.157730832695961, 0.9137239456176758
-0.7917617559432983, -0.7213285565376282
-0.4253412187099457, 0.11687272787094116
-0.18349015712738037, 0.6582998633384705
0.157730832695961, 0.9137239456176758
0.4573689103126526, 0.7244473695755005
0.5142136812210083, 0.33813148736953735
0.5235238075256348, 0.21201714873313904
0.5226304531097412, 0.10153375566005707
0.43852120637893677, -0.3624483048915863
0.4216480851173401, -0.45473310351371765
0.38706162571907043, -0.5992900133132935
0.36044958233833313, -0.6223763823509216
0.30691003799438477, -0.6668109893798828
-0.2617424726486206, -0.938448429107666
-0.3095302879810333, -0.9474926590919495
-0.3918374180793762, -0.9368657469749451
-0.5822787880897522, -0.9022011756896973
-0.6193709373474121, -0.8932119011878967
