-0.08430842310190201, -0.07728096097707748
-0.03675050288438797, -0.01877938024699688
-0.011942671611905098, 0.055474307388067245
0.036094147711992264, 0.12583883106708527
0.07783246785402298, 0.1546890139579773
0.07357797026634216, 0.08774358779191971
0.04993252083659172, 0.035632990300655365
0.012103014625608921, -0.059936366975307465
-0.05012577027082443, -0.12391674518585205
-0.07482738792896271, -0.1412588208913803
-0.10417196899652481, -0.1324174404144287
-0.10417196899652481, -0.1324174404144287
-0.08430842310190201, -0.07728096097707748
-0.011942671611905098, 0.055474307388067245
0.036094147711992264, 0.12583883106708527
0.07783246785402298, 0.1546890139579773
0.07357797026634216, 0.08774358779191971
0.012103014625608921, -0.059936366975307465
-0.05012577027082443, -0.12391674518585205
-0.07482738792896271, -0.1412588208913803
