-0.2421625703573227, 0.10550657659769058
-0.12855775654315948, 0.09179585427045822
-0.003634965978562832, 0.06248534098267555
0.10217895358800888, 0.041144728660583496
0.19940970838069916, 0.0117117865011096
0.2042243629693985, -0.027933364734053612
0.1559082567691803, -0.12407562136650085
0.08418582379817963, -0.11826154589653015
-0.03306359425187111, -0.04530595242977142
-0.10306885093450546, -0.012948914431035519
-0.21998295187950134, 0.0664033368229866
-0.2421625703573227, 0.10550657659769058
-0.12855775654315948, 0.09179585427045822
0.10217895358800888, 0.041144728660583496
0.19940970838069916, 0.0117117865011096
0.2042243629693985, -0.027933364734053612
0.1559082567691803, -0.12407562136650085
0.08418582379817963, -0.11826154589653015
-0.10306885093450546, -0.012948914431035519
-0.21998295187950134, 0.0664033368229866
