-0.4488779902458191, 0.027418481186032295
-0.43093007802963257, 0.08692581951618195
-0.40941256284713745, 0.11134889721870422
-0.3281412720680237, 0.19992245733737946
-0.24410659074783325, 0.27933192253112793
-0.21336151659488678, 0.28501152992248535
-0.1593264788389206, 0.2640420198440552
-0.07410689443349838, 0.22003845870494843
-0.010308661498129368, 0.21552793681621552
0.0574677549302578, 0.21516740322113037
0.16276006400585175, 0.2421097606420517
0.1597968488931656, 0.17016182839870453
0.1415964514017105, 0.1248871386051178
0.1332971453666687, 0.050853487104177475
0.19481244683265686, -0.052782900631427765
0.2236020714044571, -0.09301386773586273
0.32955822348594666, -0.14485448598861694
0.3765478730201721, -0.14949962496757507
0.4047493636608124, -0.1950177252292633
0.4354933500289917, -0.3167572021484375
0.41377130150794983, -0.36978965997695923
0.28994128108024597, -0.31901028752326965
0.2216092199087143, -0.28696128726005554
0.12422172725200653, -0.2149309366941452
0.05679196119308472, -0.1463896930217743
-0.02093980461359024, -0.1006462574005127
-0.09515126049518585, -0.07382111251354218
-0.23298326134681702, -0.033725909888744354
-0.2798323929309845, -0.03667720407247543
-0.3247586190700531, -0.020421070978045464
-0.4488779902458191, 0.027418481186032295
-0.43093007802963257, 0.08692581951618195
-0.40941256284713745, 0.11134889721870422
-0.3281412720680237, 0.19992245733737946
-0.24410659074783325, 0.27933192253112793
-0.21336151659488678, 0.28501152992248535
0.16276006400585175, 0.2421097606420517
0.4047493636608124, -0.1950177252292633
0.4354933500289917, -0.3167572021484375
0.41377130150794983, -0.36978965997695923
0.28994128108024597, -0.31901028752326965
