-0.19644418358802795, -0.024718279018998146
-0.16906897723674774, 0.006273023318499327
-0.06157238036394119, 0.08504661172628403
0.07440399378538132, 0.010915071703493595
0.21471060812473297, 0.017578359693288803
0.24568553268909454, 0.03309325873851776
0.21042180061340332, -0.052083227783441544
0.15304921567440033, -0.07625940442085266
0.06963000446557999, -0.019149834290146828
-0.004852538462728262, 0.0043715364299714565
-0.08972373604774475, -0.05281507223844528
-0.16384096443653107, -0.04441423714160919
-0.19644418358802795, -0.024718279018998146
-0.16906897723674774, 0.006273023318499327
-0.06157238036394119, 0.08504661172628403
0.24568553268909454, 0.03309325873851776
0.21042180061340332, -0.052083227783441544
0.15304921567440033, -0.07625940442085266
-0.08972373604774475, -0.05281507223844528
-0.16384096443653107, -0.04441423714160919
