-0.14253836870193481, 0.07369863241910934
-0.059728290885686874, 0.09225264191627502
0.06177525594830513, 0.09383242577314377
0.15046289563179016, 0.06439858675003052
0.18009790778160095, 0.01811978965997696
0.17260883748531342, -0.01756819523870945
0.14999662339687347, -0.04593648016452789
0.08297982811927795, -0.10981203615665436
0.03678702190518379, -0.12453079968690872
9.2182622756809E-4, -0.12478473037481308
-0.03460441529750824, -0.10791591554880142
-0.06720369309186935, -0.09282410144805908
-0.13951340317726135, -0.03868729621171951
-0.1743493676185608, 0.0050699785351753235
-0.1743493676185608, 0.0050699785351753235
-0.14253836870193481, 0.07369863241910934
-0.059728290885686874, 0.09225264191627502
0.06177525594830513, 0.09383242577314377
0.15046289563179016, 0.06439858675003052
0.18009790778160095, 0.01811978965997696
0.17260883748531342, -0.01756819523870945
0.14999662339687347, -0.04593648016452789
0.08297982811927795, -0.10981203615665436
0.03678702190518379, -0.12453079968690872
9.2182622756809E-4, -0.12478473037481308
-0.06720369309186935, -0.09282410144805908
-0.13951340317726135, -0.03868729621171951
