-0.3642579913139343, 0.01699502021074295
-0.3231813907623291, 0.0313074067234993
-0.18661931157112122, -0.006351095624268055
-0.11489363759756088, -0.009337002411484718
-0.015232924371957779, 0.011341230012476444
0.07801665365695953, 0.024465877562761307
0.16998864710330963, 0.08669844269752502
0.25346317887306213, 0.10745018720626831
0.2505680024623871, 0.07084796577692032
0.1858719140291214, -0.021137699484825134
0.06248192861676216, -0.04902273789048195
-0.01550258044153452, -0.07255728542804718
-0.13053220510482788, -0.06548885256052017
-0.17482496798038483, -0.03284961357712746
-0.3227526843547821, -0.027741689234972
-0.3519352972507477, -0.0368359349668026
-0.3642579913139343, 0.01699502021074295
-0.3231813907623291, 0.0313074067234993
0.25346317887306213, 0.10745018720626831
0.2505680024623871, 0.07084796577692032
0.1858719140291214, -0.021137699484825134
-0.01550258044153452, -0.07255728542804718
-0.13053220510482788, -0.06548885256052017
-0.3519352972507477, -0.0368359349668026
