-0.1347600519657135, 0.09250887483358383
-0.06568632274866104, 0.08149144798517227
-0.009972159750759602, 0.06676822155714035
0.04488198831677437, 0.053092390298843384
0.07558275759220123, 0.041795700788497925
0.1425921469926834, -0.0022975699976086617
0.1293523609638214, -0.06849128752946854
0.10740571469068527, -0.10164685547351837
0.08474864065647125, -0.12367164343595505
-0.011676525697112083, -0.053533852100372314
-0.10264156013727188, -0.02276739291846752
-0.1431027501821518, 0.006115226075053215
-0.18627096712589264, 0.05816622078418732
-0.18627096712589264, 0.05816622078418732
-0.1347600519657135, 0.09250887483358383
-0.06568632274866104, 0.08149144798517227
0.04488198831677437, 0.053092390298843384
0.07558275759220123, 0.041795700788497925
0.1425921469926834, -0.0022975699976086617
0.1293523609638214, -0.06849128752946854
0.10740571469068527, -0.10164685547351837
0.08474864065647125, -0.12367164343595505
-0.10264156013727188, -0.02276739291846752
-0.1431027501821518, 0.006115226075053215
