-0.07609710842370987, -0.008565090596675873
-0.007347955834120512, 0.09025532007217407
0.03179304301738739, 0.1329708993434906
0.11746785044670105, 0.20834864675998688
0.1195114254951477, 0.15427900850772858
0.1158783957362175, 0.0729571282863617
0.01912819966673851, -0.034803781658411026
-0.011583592742681503, -0.10141538083553314
-0.02332114800810814, -0.137303426861763
-0.03919350728392601, -0.1727011650800705
-0.07326661795377731, -0.2144608199596405
-0.11227204650640488, -0.1906062513589859
-0.11622809618711472, -0.0934537723660469
-0.11622809618711472, -0.0934537723660469
-0.07609710842370987, -0.008565090596675873
-0.007347955834120512, 0.09025532007217407
0.03179304301738739, 0.1329708993434906
0.11746785044670105, 0.20834864675998688
0.1195114254951477, 0.15427900850772858
0.1158783957362175, 0.0729571282863617
-0.03919350728392601, -0.1727011650800705
-0.07326661795377731, -0.2144608199596405
-0.11227204650640488, -0.1906062513589859
