-0.18335483968257904, 0.047951895743608475
-0.11914293467998505, 0.0816652849316597
0.016671597957611084, 0.0860450342297554
0.06248834356665611, 0.08811748027801514
0.10361553728580475, 0.08180998265743256
0.18984103202819824, 0.03988121077418327
0.19306005537509918, -0.041060127317905426
0.17513252794742584, -0.07794779539108276
0.13850638270378113, -0.0963488295674324
0.07244950532913208, -0.11369122564792633
-0.07082033157348633, -0.06372103840112686
-0.10626091808080673, -0.05766773596405983
-0.17432430386543274, -0.038530394434928894
-0.216929629445076, 0.026452554389834404
-0.216929629445076, 0.026452554389834404
-0.18335483968257904, 0.047951895743608475
-0.11914293467998505, 0.0816652849316597
0.06248834356665611, 0.08811748027801514
0.10361553728580475, 0.08180998265743256
0.18984103202819824, 0.03988121077418327
0.19306005537509918, -0.041060127317905426
0.17513252794742584, -0.07794779539108276
0.13850638270378113, -0.0963488295674324
0.07244950532913208, -0.11369122564792633
-0.17432430386543274, -0.038530394434928894
