-0.6120396852493286, -0.11812645941972733
-0.5536049008369446, -0.07208701968193054
-0.43697085976600647, 0.015767797827720642
-0.3916475474834442, 0.04302169010043144
-0.19450582563877106, 0.18841180205345154
-0.15739652514457703, 0.20752105116844177
-0.04672658443450928, 0.24556118249893188
0.005295920185744762, 0.2694642245769501
0.0843014195561409, 0.32190147042274475
0.18353557586669922, 0.3681681156158447
0.24741727113723755, 0.40025362372398376
0.3433607518672943, 0.4510437548160553
0.48085668683052063, 0.5357099175453186
0.5882604718208313, 0.580114483833313
0.6449269652366638, 0.6038710474967957
0.752551794052124, 0.6508590579032898
0.8572049736976624, 0.6793429255485535
0.8111622929573059, 0.5345171689987183
0.7562833428382874, 0.4475688338279724
0.7421956062316895, 0.3912823498249054
0.7082359790802002, 0.34897226095199585
0.6485602855682373, 0.3148196041584015
0.5157968401908875, 0.2847019135951996
0.48421600461006165, 0.2562538981437683
0.42107346653938293, 0.19786740839481354
0.3599162697792053, 0.1403413861989975
0.2849307954311371, 0.07978498935699463
0.20387472212314606, -0.016567563638091087
0.15291298925876617, -0.1212320551276207
0.10404679924249649, -0.19626997411251068
0.06932942569255829, -0.24135136604309082
0.01821628399193287, -0.3204230070114136
-0.006406051572412252, -0.3603234589099884
-0.07044576853513718, -0.428102970123291
-0.11309744417667389, -0.4592991769313812
-0.1811545491218567, -0.5302863121032715
-0.21132861077785492, -0.5595393776893616
-0.2781471014022827, -0.6410261392593384
-0.3010232746601105, -0.6807552576065063
-0.32580506801605225, -0.735310971736908
-0.35276392102241516, -0.7120204567909241
-0.37824976444244385, -0.6585935354232788
-0.43364638090133667, -0.5763658881187439
-0.4663514494895935, -0.5097096562385559
-0.5449503660202026, -0.38474634289741516
-0.6132805347442627, -0.27639785408973694
-0.6398430466651917, -0.2455979287624359
-0.6919485926628113, -0.17335449159145355
-0.6919485926628113, -0.17335449159145355
-0.43697085976600647, 0.015767797827720642
-0.19450582563877106, 0.18841180205345154
-0.15739652514457703, 0.20752105116844177
0.48085668683052063, 0.5357099175453186
0.752551794052124, 0.6508590579032898
0.8572049736976624, 0.6793429255485535
0.8111622929573059, 0.5345171689987183
0.7421956062316895, 0.3912823498249054
0.7082359790802002, 0.34897226095199585
-0.32580506801605225, -0.735310971736908
-0.35276392102241516, -0.7120204567909241
