-0.19813887774944305, -0.05718012899160385
-0.1811952292919159, -0.003966022282838821
-0.08287715911865234, 0.177429661154747
0.052326470613479614, 0.1921485811471939
0.08652745187282562, 0.16361555457115173
0.09326730668544769, 0.09482335299253464
0.15266838669776917, -0.03811303526163101
0.13382913172245026, -0.10644174367189407
0.09503789246082306, -0.20243853330612183
-0.0017826955299824476, -0.18445155024528503
-0.08395350724458694, -0.12198641896247864
-0.19813887774944305, -0.05718012899160385
-0.1811952292919159, -0.003966022282838821
-0.08287715911865234, 0.177429661154747
0.052326470613479614, 0.1921485811471939
0.08652745187282562, 0.16361555457115173
0.15266838669776917, -0.03811303526163101
0.13382913172245026, -0.10644174367189407
0.09503789246082306, -0.20243853330612183
-0.0017826955299824476, -0.18445155024528503
