-0.25908544659614563, 0.2101196050643921
-0.23821114003658295, 0.27749958634376526
-0.19078268110752106, 0.22899717092514038
-0.06681403517723083, 0.24309062957763672
-0.0564403161406517, 0.1895931512117386
-0.05176631733775139, 0.16797266900539398
0.008250189945101738, 0.03331135958433151
0.12355690449476242, 0.002216346561908722
0.20957596600055695, 0.024823753163218498
0.2212577760219574, -0.002812514780089259
0.16452856361865997, -0.13228531181812286
0.154727503657341, -0.16827455163002014
0.10104679316282272, -0.18007580935955048
0.03904998302459717, -0.16199885308742523
0.008968841284513474, -0.14213339984416962
-0.06036790460348129, -0.07329920679330826
-0.12307463586330414, 0.033707451075315475
-0.16816499829292297, 0.06210819259285927
-0.25908544659614563, 0.2101196050643921
-0.23821114003658295, 0.27749958634376526
-0.06681403517723083, 0.24309062957763672
0.20957596600055695, 0.024823753163218498
0.2212577760219574, -0.002812514780089259
0.154727503657341, -0.16827455163002014
0.10104679316282272, -0.18007580935955048
0.03904998302459717, -0.16199885308742523
0.008968841284513474, -0.14213339984416962
-0.06036790460348129, -0.07329920679330826
-0.16816499829292297, 0.06210819259285927
