-0.14992490410804749, 0.1984606236219406
-0.06098690256476402, 0.14805106818675995
7.771570817567408E-4, 0.13618889451026917
0.14010722935199738, 0.04032096266746521
0.17790170013904572, -0.004372203256934881
0.10552270710468292, -0.12124469131231308
0.1616859883069992, -0.16350297629833221
0.20496892929077148, -0.21917104721069336
0.1467692106962204, -0.22146081924438477
0.0840420126914978, -0.18323396146297455
0.04103251174092293, -0.14823292195796967
-0.07185722142457962, -0.04881010577082634
-0.13194023072719574, 0.031668439507484436
-0.17836469411849976, 0.1074177548289299
-0.18757596611976624, 0.16569557785987854
-0.18757596611976624, 0.16569557785987854
-0.14992490410804749, 0.1984606236219406
7.771570817567408E-4, 0.13618889451026917
0.14010722935199738, 0.04032096266746521
0.17790170013904572, -0.004372203256934881
0.20496892929077148, -0.21917104721069336
0.1467692106962204, -0.22146081924438477
0.0840420126914978, -0.18323396146297455
0.04103251174092293, -0.14823292195796967
-0.07185722142457962, -0.04881010577082634
-0.13194023072719574, 0.031668439507484436
-0.17836469411849976, 0.1074177548289299
