-0.2647880017757416, 0.18355245888233185
-0.11701606214046478, 0.17976215481758118
-0.057362526655197144, 0.20708411931991577
0.020891787484288216, 0.31697556376457214
0.06782430410385132, 0.3999544680118561
0.10900472849607468, 0.44285711646080017
0.1531783789396286, 0.4066111445426941
0.1758626401424408, 0.3628927171230316
0.19411227107048035, 0.3123331069946289
0.18469776213169098, 0.2246614247560501
0.17361980676651, 0.09990993142127991
0.15004856884479523, -0.024659156799316406
0.14248061180114746, -0.15268798172473907
0.14839355647563934, -0.29869887232780457
0.19811797142028809, -0.42201876640319824
0.1350403130054474, -0.44002994894981384
0.02306412160396576, -0.3955005705356598
-0.01649741269648075, -0.37533751130104065
-0.044304944574832916, -0.3468745946884155
-0.054323796182870865, -0.294585257768631
-0.06622584164142609, -0.19955065846443176
-0.12298040091991425, -0.13661950826644897
-0.20930741727352142, -0.015653293579816818
-0.23696966469287872, 0.0013982682721689343
-0.2598475515842438, 0.026113361120224
-0.31112000346183777, 0.13278250396251678
-0.3229163885116577, 0.1764838844537735
-0.3229163885116577, 0.1764838844537735
0.10900472849607468, 0.44285711646080017
0.1531783789396286, 0.4066111445426941
0.1758626401424408, 0.3628927171230316
0.19411227107048035, 0.3123331069946289
0.19811797142028809, -0.42201876640319824
0.1350403130054474, -0.44002994894981384
0.02306412160396576, -0.3955005705356598
-0.01649741269648075, -0.37533751130104065
-0.044304944574832916, -0.3468745946884155
-0.2598475515842438, 0.026113361120224
-0.31112000346183777, 0.13278250396251678
