-0.047984056174755096, 0.07888960838317871
-0.02114470861852169, 0.12680324912071228
0.009969368577003479, 0.17245085537433624
0.03793961927294731, 0.20789092779159546
0.15405505895614624, 0.2890189588069916
0.14810262620449066, 0.2565556466579437
0.09642115980386734, 0.2169118970632553
0.024287620559334755, 0.11775989085435867
0.0035106719005852938, 0.0653780996799469
-0.01683872938156128, -2.5341694708913565E-4
-0.023052332922816277, -0.14502039551734924
0.012311682105064392, -0.3252338171005249
-0.029083052650094032, -0.3286062479019165
-0.05191078409552574, -0.3003239929676056
-0.06077352538704872, -0.22937259078025818
-0.0672210305929184, -0.15694411098957062
-0.07676835358142853, -0.07511717081069946
-0.06410367786884308, 0.021829664707183838
-0.07676835358142853, -0.07511717081069946
-0.06410367786884308, 0.021829664707183838
-0.047984056174755096, 0.07888960838317871
-0.02114470861852169, 0.12680324912071228
0.009969368577003479, 0.17245085537433624
0.03793961927294731, 0.20789092779159546
0.15405505895614624, 0.2890189588069916
0.14810262620449066, 0.2565556466579437
0.012311682105064392, -0.3252338171005249
-0.029083052650094032, -0.3286062479019165
-0.05191078409552574, -0.3003239929676056
-0.06077352538704872, -0.22937259078025818
