-0.09843729436397552, -0.08040685951709747
-0.08391799032688141, -0.03366067260503769
-0.04702150076627731, 0.0359087735414505
-0.013849103823304176, 0.08792498707771301
0.05824820324778557, 0.06448862701654434
0.10113710910081863, 0.04218810424208641
0.07662969827651978, -6.920908344909549E-4
0.026697788387537003, -0.04047764092683792
-0.05345359817147255, -0.0933929830789566
-0.09843729436397552, -0.08040685951709747
-0.08391799032688141, -0.03366067260503769
-0.04702150076627731, 0.0359087735414505
-0.013849103823304176, 0.08792498707771301
0.05824820324778557, 0.06448862701654434
0.10113710910081863, 0.04218810424208641
0.07662969827651978, -6.920908344909549E-4
0.026697788387537003, -0.04047764092683792
-0.05345359817147255, -0.0933929830789566
