-0.038940295577049255, 0.058486130088567734
0.04290952533483505, 0.07003908604383469
0.0927228182554245, 0.05637072026729584
0.0857616513967514, 0.014831996522843838
0.01953023299574852, -0.08459869772195816
-0.04161351919174194, -0.10017316043376923
-0.07672879844903946, -0.01553515624254942
-0.0786697268486023, 0.028853191062808037
-0.0786697268486023, 0.028853191062808037
-0.038940295577049255, 0.058486130088567734
0.04290952533483505, 0.07003908604383469
0.0927228182554245, 0.05637072026729584
0.0857616513967514, 0.014831996522843838
0.01953023299574852, -0.08459869772195816
-0.04161351919174194, -0.10017316043376923
-0.07672879844903946, -0.01553515624254942
