-0.009935690090060234, 0.061903197318315506
0.04900430515408516, 0.060581810772418976
0.07476495951414108, 0.04014670476317406
0.0698976069688797, -0.06559926271438599
0.006324560847133398, -0.07620202004909515
-0.04273346811532974, -0.06284859776496887
-0.08911030739545822, -0.007666144985705614
-0.10215245932340622, 0.02302365005016327
-0.10215245932340622, 0.02302365005016327
-0.009935690090060234, 0.061903197318315506
0.04900430515408516, 0.060581810772418976
0.07476495951414108, 0.04014670476317406
0.0698976069688797, -0.06559926271438599
0.006324560847133398, -0.07620202004909515
-0.04273346811532974, -0.06284859776496887
-0.08911030739545822, -0.007666144985705614
