-0.12308245152235031, 0.16807234287261963
-0.09220796078443527, 0.24311943352222443
0.02374543435871601, 0.19619087874889374
0.07208170741796494, 0.15608985722064972
0.10744637995958328, 0.12116485089063644
0.13157430291175842, 0.07205977290868759
0.12744984030723572, -0.006497429683804512
0.11624729633331299, -0.042835742235183716
0.08917129039764404, -0.15647561848163605
0.08463811129331589, -0.20938464999198914
0.08442829549312592, -0.28575846552848816
0.06308330595493317, -0.329913467168808
0.04032205417752266, -0.3620092570781708
0.0074187833815813065, -0.3670395314693451
0.011732561513781548, -0.3202948570251465
0.030044684186577797, -0.1786920428276062
0.03113264963030815, -0.14934401214122772
-0.10166589915752411, -0.10233575850725174
-0.12300750613212585, -0.07880010455846786
-0.13745024800300598, -0.018675610423088074
-0.12549568712711334, 0.124299556016922
-0.13745024800300598, -0.018675610423088074
-0.12308245152235031, 0.16807234287261963
-0.09220796078443527, 0.24311943352222443
0.02374543435871601, 0.19619087874889374
0.07208170741796494, 0.15608985722064972
0.10744637995958328, 0.12116485089063644
0.13157430291175842, 0.07205977290868759
0.12744984030723572, -0.006497429683804512
0.08442829549312592, -0.28575846552848816
0.06308330595493317, -0.329913467168808
0.04032205417752266, -0.3620092570781708
0.0074187833815813065, -0.3670395314693451
-0.12300750613212585, -0.07880010455846786
