-0.10575521737337112, -0.1011677086353302
-0.06561934947967529, -0.043193843215703964
-0.05589624494314194, 0.05376209691166878
-0.07802874594926834, 0.15846876800060272
-0.03739285096526146, 0.1715741753578186
0.05176500603556633, 0.16145724058151245
0.08893544226884842, 0.13857734203338623
0.12470028549432755, 0.08422987163066864
0.14263573288917542, 0.02693282626569271
0.06547929346561432, -0.030794505029916763
0.026968739926815033, -0.10529415309429169
3.185104578733444E-4, -0.17120319604873657
-0.036719199270009995, -0.2018982321023941
-0.07631517946720123, -0.21132339537143707
-0.10575521737337112, -0.1011677086353302
-0.07802874594926834, 0.15846876800060272
-0.03739285096526146, 0.1715741753578186
0.05176500603556633, 0.16145724058151245
0.08893544226884842, 0.13857734203338623
0.12470028549432755, 0.08422987163066864
0.14263573288917542, 0.02693282626569271
3.185104578733444E-4, -0.17120319604873657
-0.036719199270009995, -0.2018982321023941
-0.07631517946720123, -0.21132339537143707
