-0.12091706693172455, 0.09357481449842453
-0.03281133994460106, 0.10638266801834106
0.02917911484837532, 0.08994673192501068
0.10145511478185654, 0.019820351153612137
0.11881829053163528, -0.026863455772399902
0.12324007600545883, -0.05867578089237213
0.03543657064437866, -0.13339293003082275
0.004497528076171875, -0.17793413996696472
2.70532018475933E-5, -0.11844771355390549
-0.1004311814904213, -0.01020357757806778
-0.139837846159935, 0.05857328698039055
-0.139837846159935, 0.05857328698039055
-0.12091706693172455, 0.09357481449842453
-0.03281133994460106, 0.10638266801834106
0.02917911484837532, 0.08994673192501068
0.10145511478185654, 0.019820351153612137
0.11881829053163528, -0.026863455772399902
0.12324007600545883, -0.05867578089237213
0.004497528076171875, -0.17793413996696472
-0.1004311814904213, -0.01020357757806778
