-0.3310025930404663, -0.06720097362995148
-0.2797720432281494, 0.06698144227266312
-0.25464534759521484, 0.14513489603996277
-0.21946048736572266, 0.1906222701072693
-0.19918687641620636, 0.297530859708786
-0.15197595953941345, 0.3059302866458893
-0.019274137914180756, 0.2708858847618103
0.0608392097055912, 0.23592215776443481
0.08871276676654816, 0.18886592984199524
0.11147311329841614, 0.14741165935993195
0.13120491802692413, 0.11667867749929428
0.2669260501861572, 0.10206015408039093
0.308181494474411, 0.1204088032245636
0.3896176517009735, 0.10657241195440292
0.45516812801361084, 0.07163109630346298
0.5691961646080017, 0.02811981551349163
0.6130871772766113, 0.03165120258927345
0.6763097047805786, 0.02158142626285553
0.5537014603614807, -0.04171155020594597
0.4399648904800415, -0.07275374978780746
0.4167307913303375, -0.04951340705156326
0.32420822978019714, 0.005787808448076248
0.23475845158100128, -0.04625186696648598
0.16110418736934662, -0.09098594635725021
0.11909852921962738, -0.16993644833564758
0.08187568932771683, -0.26595523953437805
0.056926436722278595, -0.30671054124832153
-0.08400755375623703, -0.30391839146614075
-0.1374194622039795, -0.2846779227256775
-0.24885140359401703, -0.21982647478580475
-0.2793801426887512, -0.20378656685352325
-0.3310025930404663, -0.06720097362995148
-0.25464534759521484, 0.14513489603996277
-0.19918687641620636, 0.297530859708786
-0.15197595953941345, 0.3059302866458893
-0.019274137914180756, 0.2708858847618103
0.23129919171333313, 0.18107780814170837
0.32420822978019714, 0.005787808448076248
0.056926436722278595, -0.30671054124832153
-0.08400755375623703, -0.30391839146614075
-0.1374194622039795, -0.2846779227256775
-0.2793801426887512, -0.20378656685352325
0.23129919171333313, 0.18107780814170837
0.6763097047805786, 0.02158142626285553
0.5537014603614807, -0.04171155020594597
0.4399648904800415, -0.07275374978780746
0.32420822978019714, 0.005787808448076248
