-0.13536711037158966, 0.09650029987096786
-0.01876155473291874, 0.0988566130399704
0.0026728904340416193, 0.07362274825572968
0.053383465856313705, 2.030741743510589E-4
0.19143158197402954, 0.03389984741806984
0.1778758019208908, -0.03310677781701088
0.11795669794082642, -0.0759182870388031
-0.005431356839835644, -0.11676935106515884
-0.051316406577825546, -0.09609848260879517
-0.13065557181835175, 0.05579399690032005
-0.1716495305299759, 0.11959558725357056
-0.1716495305299759, 0.11959558725357056
-0.01876155473291874, 0.0988566130399704
0.19143158197402954, 0.03389984741806984
0.1778758019208908, -0.03310677781701088
0.11795669794082642, -0.0759182870388031
-0.005431356839835644, -0.11676935106515884
-0.051316406577825546, -0.09609848260879517
