-0.03571658581495285, 0.19050392508506775
0.0471205934882164, 0.12926705181598663
0.04477471113204956, 0.0783051922917366
0.016004949808120728, 0.03240174055099487
0.017928969115018845, -0.07046222686767578
0.08670557290315628, -0.14487871527671814
0.10483280569314957, -0.22186774015426636
0.0242916289716959, -0.22396184504032135
-0.05928005278110504, -0.19416797161102295
-0.091116763651371, -0.1783590465784073
-0.021405983716249466, -0.06135429069399834
-0.021359357982873917, -0.0030397099908441305
-0.06593036651611328, 0.12433275580406189
-0.10700438916683197, 0.19804467260837555
-0.10700438916683197, 0.19804467260837555
-0.03571658581495285, 0.19050392508506775
0.0471205934882164, 0.12926705181598663
0.10483280569314957, -0.22186774015426636
0.0242916289716959, -0.22396184504032135
-0.05928005278110504, -0.19416797161102295
-0.091116763651371, -0.1783590465784073
