-0.19603295624256134, -0.0709565281867981
-0.1882191002368927, -0.03415853902697563
-0.13687513768672943, 0.0219279658049345
-0.08902349323034286, 0.08096448332071304
-0.08109763264656067, 0.1799650937318802
-0.061487507075071335, 0.2408871352672577
-0.0417029932141304, 0.3028820753097534
0.025209514424204826, 0.32805272936820984
0.06181228533387184, 0.33413055539131165
0.0943550318479538, 0.26756641268730164
0.10256322473287582, 0.2326606959104538
0.10713227093219757, 0.19224435091018677
0.11263281106948853, 0.13287316262722015
0.110995352268219, 0.05731533095240593
0.12126336991786957, -0.04587249457836151
0.16213247179985046, -0.16864943504333496
0.17105890810489655, -0.2507186532020569
0.08706840127706528, -0.2730881869792938
0.05121910199522972, -0.27863678336143494
-0.06257975846529007, -0.22816354036331177
-0.10954350233078003, -0.24983254075050354
-0.14907898008823395, -0.22307094931602478
-0.19603295624256134, -0.0709565281867981
-0.1882191002368927, -0.03415853902697563
-0.0417029932141304, 0.3028820753097534
0.025209514424204826, 0.32805272936820984
0.06181228533387184, 0.33413055539131165
0.0943550318479538, 0.26756641268730164
0.10256322473287582, 0.2326606959104538
0.16213247179985046, -0.16864943504333496
0.17105890810489655, -0.2507186532020569
0.08706840127706528, -0.2730881869792938
0.05121910199522972, -0.27863678336143494
-0.10954350233078003, -0.24983254075050354
-0.14907898008823395, -0.22307094931602478
