-0.12049110978841782, 0.09724832326173782
-0.05856143310666084, 0.10003962367773056
-0.029605215415358543, 0.09140098839998245
0.04058237373828888, 0.024213653057813644
0.1564803421497345, -0.014606481418013573
0.2024432122707367, -0.06000494211912155
0.15637212991714478, -0.06696411222219467
0.08308501541614532, -0.06836952269077301
-0.052423540502786636, -0.071706622838974
-0.08795364946126938, -0.048786699771881104
-0.11144931614398956, -0.004816011060029268
-0.13058176636695862, 0.03943684697151184
-0.13058176636695862, 0.03943684697151184
-0.12049110978841782, 0.09724832326173782
-0.05856143310666084, 0.10003962367773056
-0.029605215415358543, 0.09140098839998245
0.1564803421497345, -0.014606481418013573
0.2024432122707367, -0.06000494211912155
0.15637212991714478, -0.06696411222219467
-0.052423540502786636, -0.071706622838974
-0.08795364946126938, -0.048786699771881104
-0.11144931614398956, -0.004816011060029268
