-0.189253032207489, 0.18925529718399048
-0.16546311974525452, 0.16075965762138367
-0.08753921836614609, 0.08635861426591873
-0.011193391866981983, 0.06224755942821503
0.03288503363728523, 0.04090873897075653
0.14933480322360992, 0.009499002248048782
0.19675341248512268, 0.0029422477819025517
0.24248526990413666, -0.022765835747122765
0.17628784477710724, -0.14886677265167236
0.12765304744243622, -0.1304147094488144
0.012010838836431503, -0.0886598601937294
-0.037364207208156586, -0.07257857918739319
-0.1055973544716835, -0.02261112630367279
-0.23127520084381104, 0.04222841188311577
-0.24453240633010864, 0.09266940504312515
-0.24453240633010864, 0.09266940504312515
-0.189253032207489, 0.18925529718399048
0.19675341248512268, 0.0029422477819025517
0.24248526990413666, -0.022765835747122765
0.17628784477710724, -0.14886677265167236
-0.037364207208156586, -0.07257857918739319
-0.23127520084381104, 0.04222841188311577
