-0.18706630170345306, 0.21722759306430817
-0.10290884226560593, 0.1558508425951004
-0.03646933287382126, 0.1491965353488922
0.008849447593092918, 0.14624275267124176
0.042792923748493195, 0.14794354140758514
0.1434033066034317, 0.10167102515697479
0.2188761979341507, 0.020306259393692017
0.21423302590847015, -0.014198429882526398
0.16476187109947205, -0.07859830558300018
0.12451110035181046, -0.1580524444580078
0.10470422357320786, -0.1810750812292099
-0.013293306343257427, -0.15085798501968384
-0.1548641324043274, -0.08995211869478226
-0.1663988083600998, -0.05539102479815483
-0.1413101702928543, 0.001360137015581131
-0.20434914529323578, 0.13475799560546875
-0.20434914529323578, 0.13475799560546875
-0.18706630170345306, 0.21722759306430817
0.042792923748493195, 0.14794354140758514
0.1434033066034317, 0.10167102515697479
0.2188761979341507, 0.020306259393692017
0.21423302590847015, -0.014198429882526398
0.12451110035181046, -0.1580524444580078
0.10470422357320786, -0.1810750812292099
-0.013293306343257427, -0.15085798501968384
-0.1548641324043274, -0.08995211869478226
-0.1663988083600998, -0.05539102479815483
