-0.14256404340267181, 0.1822679191827774
-0.10099717974662781, 0.21200090646743774
-0.05097503960132599, 0.24390149116516113
0.09464586526155472, 0.22247765958309174
0.11687654256820679, 0.14195339381694794
0.19230380654335022, 0.019662166014313698
0.20296689867973328, -0.027223221957683563
0.19429989159107208, -0.07546602189540863
0.14530043303966522, -0.1472231149673462
0.10432251542806625, -0.1691092699766159
-0.0026664051692932844, -0.261997789144516
-0.03161827474832535, -0.36094632744789124
-0.06116214394569397, -0.3090680241584778
-0.07066541165113449, -0.20314475893974304
-0.1078924685716629, -0.1494417041540146
-0.1470508724451065, -0.07516331970691681
-0.16667062044143677, 0.04774906858801842
-0.18683092296123505, 0.08461915701627731
-0.2004828006029129, 0.1236874908208847
-0.2004828006029129, 0.1236874908208847
-0.14256404340267181, 0.1822679191827774
-0.10099717974662781, 0.21200090646743774
-0.05097503960132599, 0.24390149116516113
0.09464586526155472, 0.22247765958309174
0.19230380654335022, 0.019662166014313698
0.20296689867973328, -0.027223221957683563
0.19429989159107208, -0.07546602189540863
0.14530043303966522, -0.1472231149673462
-0.03161827474832535, -0.36094632744789124
-0.06116214394569397, -0.3090680241584778
-0.1470508724451065, -0.07516331970691681
