-0.09162215143442154, 0.3475942015647888
-0.07006581127643585, 0.2680274248123169
-0.03327178955078125, 0.20642809569835663
-0.015080281533300877, 0.18114019930362701
0.05508501082658768, 0.06093711033463478
0.08529923856258392, 0.006077253725379705
0.18574965000152588, -0.1028004139661789
0.18180173635482788, -0.13455688953399658
0.16250021755695343, -0.20739929378032684
0.057820651680231094, -0.3103373050689697
-0.0328679233789444, -0.24708335101604462
-0.04636441916227341, -0.2154887318611145
-0.0515131838619709, -0.17780548334121704
0.015147687867283821, -0.08487148582935333
-0.007780797779560089, 0.037008512765169144
-0.05679934099316597, 0.13130809366703033
-0.07225482910871506, 0.15959343314170837
-0.13436199724674225, 0.22963564097881317
-0.19575093686580658, 0.26052209734916687
-0.25594112277030945, 0.30218592286109924
-0.2577541172504425, 0.3351413607597351
-0.2577541172504425, 0.3351413607597351
-0.09162215143442154, 0.3475942015647888
0.18574965000152588, -0.1028004139661789
0.18180173635482788, -0.13455688953399658
0.16250021755695343, -0.20739929378032684
0.057820651680231094, -0.3103373050689697
-0.0328679233789444, -0.24708335101604462
-0.04636441916227341, -0.2154887318611145
-0.25594112277030945, 0.30218592286109924
