-0.580080509185791, 0.18640665709972382
-0.5096672177314758, 0.2926296293735504
-0.4531327784061432, 0.3179870545864105
-0.33189254999160767, 0.34658434987068176
-0.23925261199474335, 0.3650799095630646
-0.1332477182149887, 0.3781997859477997
-0.09917564690113068, 0.3588985502719879
-0.030807433649897575, 0.3056457042694092
0.04431132227182388, 0.2686465382575989
0.16886767745018005, 0.20883068442344666
0.2091665118932724, 0.18029433488845825
0.2568345069885254, 0.09348831325769424
0.345084547996521, -0.004092575516551733
0.4366459548473358, -0.03587014228105545
0.5644173622131348, -0.07473862171173096
0.6126129627227783, -0.10279883444309235
0.6664658188819885, -0.15113569796085358
0.688021183013916, -0.17438216507434845
0.6579275131225586, -0.2223549783229828
0.6367142796516418, -0.24917055666446686
0.6055871248245239, -0.2676715552806854
0.5449931621551514, -0.286769837141037
0.49085888266563416, -0.2828793227672577
0.35324782133102417, -0.3375047743320465
0.32937851548194885, -0.37368935346603394
0.24670740962028503, -0.38523536920547485
0.22507084906101227, -0.3514478802680969
0.15894947946071625, -0.29053640365600586
0.03833204507827759, -0.2544252872467041
-0.06474961340427399, -0.2478320151567459
-0.15188418328762054, -0.24029693007469177
-0.23750558495521545, -0.21623630821704865
-0.34402787685394287, -0.15185481309890747
-0.38066619634628296, -0.11816765367984772
-0.4388509690761566, -0.011941631324589252
-0.46428224444389343, 0.022613845765590668
-0.5138160586357117, 0.10222050547599792
-0.563032865524292, 0.14895574748516083
-0.580080509185791, 0.18640665709972382
-0.5096672177314758, 0.2926296293735504
-0.4531327784061432, 0.3179870545864105
-0.33189254999160767, 0.34658434987068176
-0.23925261199474335, 0.3650799095630646
-0.1332477182149887, 0.3781997859477997
0.16886767745018005, 0.20883068442344666
0.6126129627227783, -0.10279883444309235
0.6664658188819885, -0.15113569796085358
0.688021183013916, -0.17438216507434845
0.6579275131225586, -0.2223549783229828
0.6367142796516418, -0.24917055666446686
0.6055871248245239, -0.2676715552806854
0.32937851548194885, -0.37368935346603394
0.24670740962028503, -0.38523536920547485
-0.23750558495521545, -0.21623630821704865
-0.34402787685394287, -0.15185481309890747
-0.38066619634628296, -0.11816765367984772
-0.563032865524292, 0.14895574748516083
