-0.2166902869939804, 0.422529011964798
-0.1761978715658188, 0.4251994490623474
-0.07849138230085373, 0.4232768714427948
-0.053814440965652466, 0.33278122544288635
0.011357799172401428, 0.20008023083209991
0.06815336644649506, 0.14957483112812042
0.10569434612989426, 0.047594718635082245
0.17957448959350586, 0.008104036562144756
0.26255446672439575, -0.07132674008607864
0.29594600200653076, -0.1438571959733963
0.2930503785610199, -0.3567478060722351
0.27209365367889404, -0.39958956837654114
0.15978889167308807, -0.3223150372505188
0.09560991823673248, -0.2890373766422272
0.057493459433317184, -0.26940640807151794
0.012791079469025135, -0.2633008360862732
-0.09288524091243744, -0.3311425745487213
-0.14821162819862366, -0.3310491144657135
-0.11953683197498322, -0.25112131237983704
-0.15868499875068665, -0.15276260673999786
-0.16961586475372314, -0.03625338897109032
-0.18669721484184265, 0.013735920190811157
-0.2231156975030899, 0.09607377648353577
-0.225262850522995, 0.14846648275852203
-0.22768579423427582, 0.20039908587932587
-0.24075090885162354, 0.3346603512763977
-0.24275197088718414, 0.389182984828949
-0.24275197088718414, 0.389182984828949
-0.2166902869939804, 0.422529011964798
-0.1761978715658188, 0.4251994490623474
-0.07849138230085373, 0.4232768714427948
0.26255446672439575, -0.07132674008607864
0.29594600200653076, -0.1438571959733963
0.2930503785610199, -0.3567478060722351
0.27209365367889404, -0.39958956837654114
-0.14821162819862366, -0.3310491144657135
-0.2231156975030899, 0.09607377648353577
-0.24075090885162354, 0.3346603512763977
