0.010715228505432606, 0.4006083905696869
0.0051061189733445644, 0.2524128556251526
0.013829122297465801, 0.2228843718767166
0.013927033171057701, 0.17576992511749268
0.0015179638285189867, 0.13117621839046478
0.006591328885406256, 6.322494009509683E-4
0.005627987906336784, -0.045627057552337646
0.00554839801043272, -0.14563453197479248
0.0119563527405262, -0.22606173157691956
0.01564202271401882, -0.31440210342407227
0.015254508703947067, -0.3624594807624817
-0.011117742396891117, -0.387714684009552
-0.011658024042844772, -0.3327209949493408
-0.008772696368396282, -0.23097015917301178
-0.004644269589334726, -0.18529772758483887
-8.6734420619905E-5, -0.14735163748264313
-0.01781613752245903, -0.016598466783761978
-0.016209008172154427, 0.11627047508955002
-0.008100258186459541, 0.17845802009105682
-0.0044031646102666855, 0.2671327590942383
-0.015019125305116177, 0.3417217433452606
-0.01781613752245903, -0.016598466783761978
-0.015019125305116177, 0.3417217433452606
0.010715228505432606, 0.4006083905696869
0.013829122297465801, 0.2228843718767166
0.01564202271401882, -0.31440210342407227
0.015254508703947067, -0.3624594807624817
-0.011117742396891117, -0.387714684009552
