-0.1452551931142807, -0.08706635236740112
-0.1318325251340866, -0.04283738136291504
-0.11975865811109543, -0.010725622996687889
-0.05560188740491867, 0.01978800632059574
-0.009974502958357334, 0.034542910754680634
0.0601198710501194, 0.16742020845413208
0.07860667258501053, 0.20517215132713318
0.09218473732471466, 0.2359638512134552
0.11455422639846802, 0.20217107236385345
0.11771642416715622, 0.163826122879982
0.10853143036365509, 0.03935201093554497
0.08422690629959106, -0.050959523767232895
-0.029611794278025627, -0.1427212655544281
-0.1452551931142807, -0.08706635236740112
-0.1318325251340866, -0.04283738136291504
-0.11975865811109543, -0.010725622996687889
0.09218473732471466, 0.2359638512134552
0.11455422639846802, 0.20217107236385345
0.11771642416715622, 0.163826122879982
0.10853143036365509, 0.03935201093554497
0.08422690629959106, -0.050959523767232895
-0.029611794278025627, -0.1427212655544281
