-0.26391395926475525, 0.1274077445268631
-0.1775524616241455, 0.19034409523010254
-0.044367432594299316, 0.12925176322460175
0.005846615880727768, 0.11510983854532242
0.08119697123765945, 0.03409942612051964
0.15647807717323303, -0.02475200966000557
0.20431473851203918, -0.07370299100875854
0.1942361295223236, -0.12922115623950958
0.14445699751377106, -0.23748734593391418
0.07207286357879639, -0.18568545579910278
-0.0076092868112027645, -0.07721275091171265
-0.043195776641368866, -0.05813934653997421
-0.0676167905330658, -0.013114701956510544
-0.1295941174030304, 0.03680304437875748
-0.25114941596984863, 0.05221779644489288
-0.26391395926475525, 0.1274077445268631
-0.1775524616241455, 0.19034409523010254
0.005846615880727768, 0.11510983854532242
0.15647807717323303, -0.02475200966000557
0.20431473851203918, -0.07370299100875854
0.1942361295223236, -0.12922115623950958
0.14445699751377106, -0.23748734593391418
0.07207286357879639, -0.18568545579910278
-0.25114941596984863, 0.05221779644489288
