-0.13180895149707794, -0.05879705771803856
-0.06442129611968994, 0.05215560644865036
-0.028043944388628006, 0.14627963304519653
0.015473511070013046, 0.342803955078125
0.09833592176437378, 0.31735706329345703
0.1060861349105835, 0.24103327095508575
0.0885191410779953, 0.14640623331069946
0.05692479386925697, 0.01795094460248947
0.02901444397866726, -0.04222888499498367
0.026990637183189392, -0.13645850121974945
0.032760921865701675, -0.1895856261253357
0.06365274637937546, -0.3115844428539276
0.07435787469148636, -0.36668774485588074
0.042360831052064896, -0.3723193407058716
-0.05025188624858856, -0.20359335839748383
-0.13180895149707794, -0.05879705771803856
0.015473511070013046, 0.342803955078125
0.09833592176437378, 0.31735706329345703
0.1060861349105835, 0.24103327095508575
0.07435787469148636, -0.36668774485588074
0.042360831052064896, -0.3723193407058716
