-0.3393388092517853, 0.16659393906593323
-0.3150467872619629, 0.2093261182308197
-0.2286815494298935, 0.12065780162811279
-0.09284046292304993, 0.06595106422901154
0.025008104741573334, -0.006275860592722893
0.12449374794960022, -0.0029600870329886675
0.17702604830265045, -0.011142377741634846
0.23050221800804138, -0.02878083661198616
0.2749285399913788, -0.04934138059616089
0.38602298498153687, -0.058411892503499985
0.4480781555175781, -0.06698965281248093
0.40024039149284363, -0.0940389409661293
0.2644903063774109, -0.12846964597702026
0.20380285382270813, -0.06864940375089645
0.10342241823673248, -0.02486608177423477
0.03543998673558235, -0.05962265655398369
-0.08972897380590439, -0.1045609563589096
-0.12198954820632935, -0.06680890917778015
-0.14111076295375824, -0.025839701294898987
-0.23654332756996155, 0.051656197756528854
-0.3238230049610138, 0.11879286170005798
-0.3393388092517853, 0.16659393906593323
-0.3150467872619629, 0.2093261182308197
0.4480781555175781, -0.06698965281248093
0.40024039149284363, -0.0940389409661293
0.2644903063774109, -0.12846964597702026
-0.08972897380590439, -0.1045609563589096
-0.3238230049610138, 0.11879286170005798
