-0.16806328296661377, -0.10947021096944809
-0.10071258246898651, -0.08273478597402573
-0.06357093155384064, -0.05330821871757507
-0.0030673518776893616, 0.048010602593421936
-0.007502708118408918, 0.1197158694267273
0.03416980430483818, 0.1337212324142456
0.0703253224492073, 0.09793145954608917
0.08648373186588287, -0.030864043161273003
-0.05496685951948166, -0.11481449007987976
-0.16806328296661377, -0.10947021096944809
-0.007502708118408918, 0.1197158694267273
0.03416980430483818, 0.1337212324142456
0.0703253224492073, 0.09793145954608917
0.08648373186588287, -0.030864043161273003
-0.05496685951948166, -0.11481449007987976
