-0.09127422422170639, 0.1757655143737793
-0.054172493517398834, 0.16802789270877838
-0.007734105922281742, 0.13896191120147705
0.016154257580637932, 0.10735570639371872
0.05206308513879776, 0.04482489824295044
0.09558287262916565, -0.047571443021297455
0.10221076011657715, -0.07694585621356964
0.10698598623275757, -0.10948094725608826
0.09103970974683762, -0.1802407056093216
0.03159131109714508, -0.16400721669197083
0.0029683925677090883, -0.14051130414009094
-0.035541318356990814, -0.06340663880109787
-0.05459719896316528, 0.028514564037322998
-0.11045820266008377, 0.09905508160591125
-0.12018660455942154, 0.14112375676631927
-0.12018660455942154, 0.14112375676631927
-0.09127422422170639, 0.1757655143737793
-0.054172493517398834, 0.16802789270877838
-0.007734105922281742, 0.13896191120147705
0.016154257580637932, 0.10735570639371872
0.05206308513879776, 0.04482489824295044
0.09558287262916565, -0.047571443021297455
0.10221076011657715, -0.07694585621356964
0.10698598623275757, -0.10948094725608826
0.09103970974683762, -0.1802407056093216
0.03159131109714508, -0.16400721669197083
0.0029683925677090883, -0.14051130414009094
-0.035541318356990814, -0.06340663880109787
-0.11045820266008377, 0.09905508160591125
