-0.19984129071235657, 0.06608801335096359
-0.18363836407661438, 0.13079972565174103
-0.09102921932935715, 0.22013439238071442
-0.013546708971261978, 0.2312043309211731
0.023793503642082214, 0.23361028730869293
0.12854500114917755, 0.14474838972091675
0.2092450112104416, 0.062365151941776276
0.1934141367673874, 0.01926656998693943
0.14736948907375336, -0.08691820502281189
0.14659856259822845, -0.15312647819519043
0.09203513711690903, -0.23707203567028046
0.05481275916099548, -0.26910632848739624
0.025057373568415642, -0.29031673073768616
-0.03314966335892677, -0.2682507634162903
-0.05459883064031601, -0.20843438804149628
-0.16217942535877228, -0.11711927503347397
-0.19384916126728058, 0.021135859191417694
-0.19984129071235657, 0.06608801335096359
-0.18363836407661438, 0.13079972565174103
-0.09102921932935715, 0.22013439238071442
-0.013546708971261978, 0.2312043309211731
0.023793503642082214, 0.23361028730869293
0.12854500114917755, 0.14474838972091675
0.2092450112104416, 0.062365151941776276
0.14659856259822845, -0.15312647819519043
0.09203513711690903, -0.23707203567028046
0.05481275916099548, -0.26910632848739624
0.025057373568415642, -0.29031673073768616
-0.03314966335892677, -0.2682507634162903
-0.16217942535877228, -0.11711927503347397
-0.19384916126728058, 0.021135859191417694
