0.0301513709127903, 0.08668401837348938
0.06788818538188934, 0.0737382099032402
0.0807388424873352, 0.029675576835870743
0.05307631567120552, -0.0021910746581852436
0.013399975374341011, -0.03862906992435455
-0.09295043349266052, -0.08536028861999512
-0.09861472994089127, 0.013568712398409843
-0.09861472994089127, 0.013568712398409843
0.0301513709127903, 0.08668401837348938
0.06788818538188934, 0.0737382099032402
0.0807388424873352, 0.029675576835870743
0.05307631567120552, -0.0021910746581852436
0.013399975374341011, -0.03862906992435455
-0.09295043349266052, -0.08536028861999512
