-0.027586540207266808, 0.1449044644832611
0.0369395837187767, 0.08664380759000778
0.0697295069694519, -0.0669669434428215
0.07368075847625732, -0.10126578062772751
0.01921328715980053, -0.12897108495235443
-0.029031973332166672, -0.09052026271820068
-0.08172830939292908, 0.08269884437322617
-0.08172830939292908, 0.08269884437322617
-0.027586540207266808, 0.1449044644832611
0.0369395837187767, 0.08664380759000778
0.0697295069694519, -0.0669669434428215
0.07368075847625732, -0.10126578062772751
0.01921328715980053, -0.12897108495235443
-0.029031973332166672, -0.09052026271820068
