-0.10566891729831696, 0.04922925680875778
7.248625624924898E-4, 0.12889888882637024
0.018827782943844795, 0.14797689020633698
0.10768787562847137, 0.2524142861366272
0.16784930229187012, 0.28985595703125
0.20217172801494598, 0.21137522161006927
0.17972783744335175, 0.17880204319953918
0.12472310662269592, 0.0943918228149414
0.08842979371547699, 0.03343750536441803
0.05279291048645973, -0.09569983929395676
0.051876265555620193, -0.12689338624477386
0.04794682189822197, -0.1973431408405304
0.005797619000077248, -0.2618873715400696
-0.024804405868053436, -0.27594152092933655
-0.026432674378156662, -0.1748935580253601
-0.12808382511138916, -0.12106953561306
-0.18636420369148254, -0.10616762936115265
-0.2005588561296463, -0.07586940377950668
-0.2005588561296463, -0.07586940377950668
-0.10566891729831696, 0.04922925680875778
0.10768787562847137, 0.2524142861366272
0.16784930229187012, 0.28985595703125
0.20217172801494598, 0.21137522161006927
0.04794682189822197, -0.1973431408405304
0.005797619000077248, -0.2618873715400696
-0.024804405868053436, -0.27594152092933655
-0.18636420369148254, -0.10616762936115265
