-0.0662703663110733, -0.03728808835148811
-0.05174914374947548, 0.10969829559326172
-0.0057981680147349834, 0.1006469875574112
0.03570055589079857, 0.08387233316898346
0.07828798145055771, 0.017571020871400833
0.08253834396600723, -0.023903438821434975
0.025596749037504196, -0.07947059720754623
-0.047092337161302567, -0.10177598893642426
-0.0662703663110733, -0.03728808835148811
-0.05174914374947548, 0.10969829559326172
-0.0057981680147349834, 0.1006469875574112
0.03570055589079857, 0.08387233316898346
0.07828798145055771, 0.017571020871400833
0.08253834396600723, -0.023903438821434975
0.025596749037504196, -0.07947059720754623
-0.047092337161302567, -0.10177598893642426
