-0.0723215639591217, 0.06848473101854324
-0.02846221812069416, 0.08021391183137894
0.05491882562637329, 0.02877449244260788
0.08302796632051468, -0.048939041793346405
0.04244820028543472, -0.0649370327591896
-0.025631392374634743, -0.05552695319056511
-0.08233749121427536, 0.02431999333202839
-0.08233749121427536, 0.02431999333202839
-0.0723215639591217, 0.06848473101854324
-0.02846221812069416, 0.08021391183137894
0.05491882562637329, 0.02877449244260788
0.08302796632051468, -0.048939041793346405
0.04244820028543472, -0.0649370327591896
-0.025631392374634743, -0.05552695319056511
