-0.06704214960336685, -0.09377151727676392
-0.0355616994202137, 0.01877668686211109
-0.028754109516739845, 0.06850603222846985
0.023289483040571213, 0.1153358668088913
0.07938364148139954, 0.09573043882846832
0.014274793677031994, -0.011607526801526546
-0.004481436684727669, -0.1256379932165146
-0.05102269724011421, -0.14849066734313965
-0.06704214960336685, -0.09377151727676392
-0.028754109516739845, 0.06850603222846985
0.023289483040571213, 0.1153358668088913
0.07938364148139954, 0.09573043882846832
-0.004481436684727669, -0.1256379932165146
-0.05102269724011421, -0.14849066734313965
