-0.15048041939735413, 0.12153803557157516
-0.09537380933761597, 0.13777849078178406
-0.040435757488012314, 0.09466885030269623
0.017078381031751633, 0.0033625992946326733
0.08160575479269028, -0.04887152463197708
0.15808071196079254, -0.07232210785150528
0.2562888562679291, -0.10957051813602448
0.2656238079071045, -0.1603263020515442
0.21444900333881378, -0.13359752297401428
0.0898037850856781, -0.08946951478719711
-0.01757822558283806, -0.059293609112501144
-0.04811166971921921, -0.03947493061423302
-0.139094278216362, 0.040318023413419724
-0.2001143991947174, 0.0716715157032013
-0.2001143991947174, 0.0716715157032013
-0.15048041939735413, 0.12153803557157516
-0.09537380933761597, 0.13777849078178406
0.2562888562679291, -0.10957051813602448
0.2656238079071045, -0.1603263020515442
-0.01757822558283806, -0.059293609112501144
-0.04811166971921921, -0.03947493061423302
