-0.07207336276769638, 0.013824895024299622
-0.050263017416000366, 0.03749193251132965
-0.06508254259824753, 0.17259055376052856
-0.06368719786405563, 0.2214512974023819
-0.004261151887476444, 0.14236068725585938
0.05765986815094948, 0.037001293152570724
0.08301839232444763, -0.04355801269412041
0.06876566261053085, -0.10608913749456406
-0.033077552914619446, -0.0899830013513565
-0.06430003046989441, -0.06613535434007645
-0.08491509407758713, -0.02951815165579319
-0.08491509407758713, -0.02951815165579319
-0.06368719786405563, 0.2214512974023819
-0.004261151887476444, 0.14236068725585938
0.05765986815094948, 0.037001293152570724
0.08301839232444763, -0.04355801269412041
0.06876566261053085, -0.10608913749456406
-0.033077552914619446, -0.0899830013513565
-0.06430003046989441, -0.06613535434007645
