-0.16087736189365387, 0.11728466302156448
-0.06122805178165436, 0.17314067482948303
0.05352011322975159, 0.13736669719219208
0.14955556392669678, 0.03226982802152634
0.224288672208786, -0.011373495683073997
0.20391389727592468, -0.0448528416454792
0.12985777854919434, -0.1000579297542572
0.05143854767084122, -0.16700412333011627
0.01569751836359501, -0.16527631878852844
-0.04772315174341202, -0.07211736589670181
-0.12997709214687347, 0.006714744493365288
-0.15265190601348877, 0.03220096975564957
-0.2726854085922241, 0.09762653708457947
-0.2726854085922241, 0.09762653708457947
-0.06122805178165436, 0.17314067482948303
0.05352011322975159, 0.13736669719219208
0.224288672208786, -0.011373495683073997
0.20391389727592468, -0.0448528416454792
0.05143854767084122, -0.16700412333011627
0.01569751836359501, -0.16527631878852844
