-0.1046479120850563, -0.09348466992378235
-0.08109007030725479, 0.019698498770594597
-0.05830353498458862, 0.0629129707813263
-0.03741704672574997, 0.1752082109451294
-0.06726305186748505, 0.22207695245742798
-0.0707482323050499, 0.26598161458969116
-0.029728030785918236, 0.2623676657676697
-0.003926252480596304, 0.21228110790252686
0.0316881500184536, 0.10730209946632385
0.07959531247615814, 0.016783511266112328
0.1078311949968338, -0.03534519299864769
0.14235328137874603, -0.09450171142816544
0.08084853738546371, -0.13480225205421448
-0.03482217341661453, -0.16466403007507324
-0.08010416477918625, -0.19134792685508728
-0.1046479120850563, -0.09348466992378235
-0.0707482323050499, 0.26598161458969116
-0.029728030785918236, 0.2623676657676697
-0.003926252480596304, 0.21228110790252686
0.14235328137874603, -0.09450171142816544
0.08084853738546371, -0.13480225205421448
-0.08010416477918625, -0.19134792685508728
