-0.11004386842250824, -0.05289199575781822
-0.06194872409105301, 0.032271333038806915
-0.03383473679423332, 0.06329263746738434
0.06225353851914406, 0.1032361313700676
0.10982593894004822, 0.10654061287641525
0.07651175558567047, -0.007503467611968517
0.05833667144179344, -0.07401023805141449
-0.01335148885846138, -0.1355723887681961
-0.05182315781712532, -0.11786534637212753
-0.11004386842250824, -0.05289199575781822
-0.06194872409105301, 0.032271333038806915
-0.03383473679423332, 0.06329263746738434
0.06225353851914406, 0.1032361313700676
0.10982593894004822, 0.10654061287641525
0.05833667144179344, -0.07401023805141449
-0.01335148885846138, -0.1355723887681961
-0.05182315781712532, -0.11786534637212753
