-0.17063523828983307, 0.10140582174062729
-0.031782276928424835, 0.12030559033155441
0.06389101594686508, 0.11309679597616196
0.17264509201049805, 0.08033298701047897
0.21235325932502747, 0.037128470838069916
0.21675492823123932, -0.012082954868674278
0.20576594769954681, -0.05141044035553932
0.18461880087852478, -0.10276345908641815
0.14498767256736755, -0.11705341935157776
0.09397437423467636, -0.12620240449905396
0.034949060529470444, -0.13107945024967194
-0.041011832654476166, -0.11544349044561386
-0.17064592242240906, -0.06646735221147537
-0.20973427593708038, -0.04382845759391785
-0.23516492545604706, -0.022873640060424805
-0.2598057687282562, 0.043064408004283905
-0.26002052426338196, 0.09336761385202408
-0.26002052426338196, 0.09336761385202408
-0.031782276928424835, 0.12030559033155441
0.06389101594686508, 0.11309679597616196
0.17264509201049805, 0.08033298701047897
0.21235325932502747, 0.037128470838069916
0.21675492823123932, -0.012082954868674278
0.20576594769954681, -0.05141044035553932
0.18461880087852478, -0.10276345908641815
0.14498767256736755, -0.11705341935157776
0.09397437423467636, -0.12620240449905396
0.034949060529470444, -0.13107945024967194
-0.041011832654476166, -0.11544349044561386
-0.17064592242240906, -0.06646735221147537
-0.20973427593708038, -0.04382845759391785
-0.23516492545604706, -0.022873640060424805
-0.2598057687282562, 0.043064408004283905
