-0.17799225449562073, 0.09785182029008865
-0.07005685567855835, 0.1572740525007248
-0.04035227373242378, 0.14396779239177704
0.03622755408287048, 0.07427870482206345
0.09099223464727402, 0.02544448897242546
0.11401363462209702, -5.118485423736274E-4
0.2233676016330719, -0.08131664246320724
0.2027774304151535, -0.10465654730796814
0.13564281165599823, -0.12451871484518051
0.07916800677776337, -0.13616743683815002
0.046980120241642, -0.13134799897670746
1.4486008149106055E-4, -0.1065155565738678
-0.08228430151939392, -0.024533551186323166
-0.16998602449893951, 0.03522370755672455
-0.21706447005271912, 0.07057584822177887
-0.213892862200737, 0.10560571402311325
-0.21706447005271912, 0.07057584822177887
-0.213892862200737, 0.10560571402311325
-0.07005685567855835, 0.1572740525007248
-0.04035227373242378, 0.14396779239177704
0.2233676016330719, -0.08131664246320724
0.2027774304151535, -0.10465654730796814
0.13564281165599823, -0.12451871484518051
0.07916800677776337, -0.13616743683815002
0.046980120241642, -0.13134799897670746
1.4486008149106055E-4, -0.1065155565738678
