-0.2032465785741806, 0.1332787275314331
-0.16932383179664612, 0.16379037499427795
-0.07390754669904709, 0.20861831307411194
-0.04272080585360527, 0.20900774002075195
-9.192766738124192E-4, 0.2042519599199295
0.06059032306075096, 0.18532070517539978
0.12581421434879303, 0.13297346234321594
0.14527057111263275, 0.024216827005147934
0.15101952850818634, -0.015598312951624393
0.15270569920539856, -0.0773286521434784
0.15081222355365753, -0.10986965894699097
0.1163063645362854, -0.20758426189422607
0.04946165159344673, -0.2505836486816406
-0.03825102373957634, -0.2680276036262512
-0.04749325290322304, -0.16637346148490906
-0.07727924734354019, -0.09743354469537735
-0.12531422078609467, -7.721852161921561E-4
-0.20242756605148315, 0.0705128163099289
-0.22515037655830383, 0.09689978510141373
-0.22515037655830383, 0.09689978510141373
-0.2032465785741806, 0.1332787275314331
-0.16932383179664612, 0.16379037499427795
-0.07390754669904709, 0.20861831307411194
-0.04272080585360527, 0.20900774002075195
-9.192766738124192E-4, 0.2042519599199295
0.06059032306075096, 0.18532070517539978
0.12581421434879303, 0.13297346234321594
0.14527057111263275, 0.024216827005147934
0.15101952850818634, -0.015598312951624393
0.15270569920539856, -0.0773286521434784
0.15081222355365753, -0.10986965894699097
0.1163063645362854, -0.20758426189422607
0.04946165159344673, -0.2505836486816406
-0.03825102373957634, -0.2680276036262512
