-0.19984939694404602, 0.21855966746807098
-0.18424579501152039, 0.29282158613204956
-0.14375634491443634, 0.291002094745636
-0.011791463941335678, 0.2239825427532196
0.0527188777923584, 0.13992391526699066
0.13000570237636566, 0.13119028508663177
0.1519649624824524, 0.10636848211288452
0.2119991034269333, 0.025795651599764824
0.24074137210845947, -0.023951692506670952
0.25078776478767395, -0.09346205741167068
0.16828647255897522, -0.1472945362329483
0.12209305912256241, -0.1800960898399353
0.0795661062002182, -0.2016637921333313
0.04122522473335266, -0.2102000117301941
-0.030851813033223152, -0.1826457530260086
-0.1361500322818756, -0.13674716651439667
-0.22184428572654724, -0.12096069008111954
-0.18071560561656952, -0.030809080228209496
-0.18436317145824432, 0.04894664138555527
-0.1902843564748764, 0.10579615086317062
-0.22184428572654724, -0.12096069008111954
-0.19984939694404602, 0.21855966746807098
-0.18424579501152039, 0.29282158613204956
-0.14375634491443634, 0.291002094745636
-0.011791463941335678, 0.2239825427532196
0.13000570237636566, 0.13119028508663177
0.1519649624824524, 0.10636848211288452
0.2119991034269333, 0.025795651599764824
0.24074137210845947, -0.023951692506670952
0.25078776478767395, -0.09346205741167068
0.12209305912256241, -0.1800960898399353
0.0795661062002182, -0.2016637921333313
0.04122522473335266, -0.2102000117301941
