-0.08405619114637375, 0.017574988305568695
0.029403917491436005, 0.10486701130867004
0.07621940225362778, 0.0704113095998764
0.09333747625350952, -0.012768149375915527
0.05032709240913391, -0.047506093978881836
-0.06184884533286095, -0.09995471686124802
-0.08477882295846939, -0.07128160446882248
-0.08477882295846939, -0.07128160446882248
-0.08405619114637375, 0.017574988305568695
0.029403917491436005, 0.10486701130867004
0.07621940225362778, 0.0704113095998764
0.09333747625350952, -0.012768149375915527
0.05032709240913391, -0.047506093978881836
-0.06184884533286095, -0.09995471686124802
