-0.27456673979759216, 0.038861945271492004
-0.2200665920972824, 0.03796732425689697
-0.17569829523563385, 0.028810936957597733
-0.07050858438014984, 0.02771984040737152
0.0013909662375226617, 0.08490166068077087
0.14007800817489624, 0.11824466288089752
0.17122365534305573, 0.1076311469078064
0.29205191135406494, 0.029161827638745308
0.19189848005771637, -0.04855214059352875
0.11411839723587036, -0.0681220293045044
0.06660572439432144, -0.06485512852668762
-0.04469893127679825, -0.0482492558658123
-0.1397402584552765, -0.08258407562971115
-0.15429791808128357, -0.0890524834394455
-0.22027181088924408, -0.12117136269807816
-0.2578422427177429, -0.09452508389949799
-0.27456673979759216, 0.038861945271492004
0.14007800817489624, 0.11824466288089752
0.17122365534305573, 0.1076311469078064
0.29205191135406494, 0.029161827638745308
0.19189848005771637, -0.04855214059352875
0.11411839723587036, -0.0681220293045044
-0.22027181088924408, -0.12117136269807816
-0.2578422427177429, -0.09452508389949799
