-0.26895612478256226, 0.1771833896636963
-0.26365119218826294, 0.20790575444698334
-0.23220406472682953, 0.26011598110198975
-0.1475997269153595, 0.2249876707792282
-0.09723307192325592, 0.1903948336839676
-0.05925515294075012, 0.12490831315517426
-0.015754569321870804, 0.03698577731847763
0.04551251232624054, -0.0012652123114094138
0.08909982442855835, -0.03716035932302475
0.17908309400081635, -0.09501015394926071
0.19124604761600494, -0.17600855231285095
0.19205035269260406, -0.24944983422756195
0.15778926014900208, -0.2930218279361725
0.13022612035274506, -0.22909745573997498
0.08206714689731598, -0.13041207194328308
0.03316660597920418, -0.04108072444796562
-0.022466100752353668, -0.00892946869134903
-0.047265056520700455, 0.04107734188437462
-0.11248008906841278, 0.1113169863820076
-0.14783616364002228, 0.14238940179347992
-0.26895612478256226, 0.1771833896636963
-0.26365119218826294, 0.20790575444698334
-0.23220406472682953, 0.26011598110198975
-0.1475997269153595, 0.2249876707792282
-0.09723307192325592, 0.1903948336839676
0.17908309400081635, -0.09501015394926071
0.19124604761600494, -0.17600855231285095
0.19205035269260406, -0.24944983422756195
0.15778926014900208, -0.2930218279361725
