-0.14748121798038483, 0.029620079323649406
-0.044094543904066086, 0.1273818463087082
-0.026815831661224365, 0.17879530787467957
-0.002645410131663084, 0.21076709032058716
0.11408739537000656, 0.19133789837360382
0.11950500309467316, 0.16082197427749634
0.1262897551059723, 0.09516704082489014
0.13992585241794586, 0.003851511748507619
0.12160812318325043, -0.05983186140656471
0.10567687451839447, -0.10875843465328217
0.07574146240949631, -0.16476137936115265
0.03854314237833023, -0.15903770923614502
-0.09106281399726868, -0.18813711404800415
-0.1210927739739418, -0.1638130098581314
-0.15855714678764343, -0.021919628605246544
-0.15855714678764343, -0.021919628605246544
-0.14748121798038483, 0.029620079323649406
-0.002645410131663084, 0.21076709032058716
0.11408739537000656, 0.19133789837360382
0.11950500309467316, 0.16082197427749634
0.13992585241794586, 0.003851511748507619
0.12160812318325043, -0.05983186140656471
0.10567687451839447, -0.10875843465328217
0.07574146240949631, -0.16476137936115265
-0.09106281399726868, -0.18813711404800415
-0.1210927739739418, -0.1638130098581314
