-0.3184630572795868, 0.031313419342041016
-0.21487480401992798, 0.03301586955785751
-0.09339545667171478, 0.07200384885072708
0.018835822120308876, 0.1149974912405014
0.15163622796535492, 0.15049928426742554
0.27060338854789734, 0.20430345833301544
0.22600306570529938, 0.11369318515062332
0.19222910702228546, -0.006694474723190069
0.19508551061153412, -0.045833975076675415
0.16420160233974457, -0.09798004478216171
0.08751721680164337, -0.1474781334400177
-0.007078312337398529, -0.09555548429489136
-0.06830752640962601, -0.0877758115530014
-0.16682781279087067, -0.12166531383991241
-0.22126752138137817, -0.12359628826379776
-0.2913643419742584, -0.031104901805520058
-0.3184630572795868, 0.031313419342041016
0.27060338854789734, 0.20430345833301544
0.19508551061153412, -0.045833975076675415
0.16420160233974457, -0.09798004478216171
0.08751721680164337, -0.1474781334400177
-0.22126752138137817, -0.12359628826379776
-0.2913643419742584, -0.031104901805520058
