-0.005457811523228884, 0.15191061794757843
0.005862718913704157, 0.11442720890045166
0.011239218525588512, 0.07950767874717712
0.0843222588300705, -0.03435686230659485
0.0646994560956955, -0.08469878882169724
0.031010720878839493, -0.08092238008975983
-0.002375224372372031, -0.07254517078399658
-0.046289507299661636, -0.05118630826473236
-0.09640447050333023, 0.06524402648210526
-0.09640447050333023, 0.06524402648210526
-0.005457811523228884, 0.15191061794757843
0.0843222588300705, -0.03435686230659485
0.0646994560956955, -0.08469878882169724
0.031010720878839493, -0.08092238008975983
-0.002375224372372031, -0.07254517078399658
-0.046289507299661636, -0.05118630826473236
