-0.19389614462852478, 0.33309486508369446
-0.15254808962345123, 0.3487052321434021
-0.10797034949064255, 0.31717565655708313
-0.07237090170383453, 0.2896997630596161
0.01664031110703945, 0.23054851591587067
0.09227894991636276, 0.1548171490430832
0.13765139877796173, 0.1145847886800766
0.18574103713035583, 0.07550054043531418
0.10656571388244629, 3.5490676964400336E-5
0.08915700018405914, -0.13658113777637482
0.12586000561714172, -0.1517341583967209
0.13743121922016144, -0.20111054182052612
0.20028100907802582, -0.288663774728775
0.22274841368198395, -0.32946038246154785
0.19487687945365906, -0.3525231182575226
0.13764286041259766, -0.33156123757362366
0.09523854404687881, -0.291207492351532
0.00804574228823185, -0.23563599586486816
-0.11235738545656204, -0.13867327570915222
-0.17180132865905762, -0.08621077239513397
-0.14389777183532715, -0.047488052397966385
-0.09440165013074875, 0.08651899546384811
-0.11578366160392761, 0.13439777493476868
-0.11890384554862976, 0.17642761766910553
-0.2519177198410034, 0.2836271822452545
-0.2519177198410034, 0.2836271822452545
-0.19389614462852478, 0.33309486508369446
-0.15254808962345123, 0.3487052321434021
0.01664031110703945, 0.23054851591587067
0.18574103713035583, 0.07550054043531418
0.22274841368198395, -0.32946038246154785
0.19487687945365906, -0.3525231182575226
0.13764286041259766, -0.33156123757362366
0.00804574228823185, -0.23563599586486816
-0.11235738545656204, -0.13867327570915222
-0.17180132865905762, -0.08621077239513397
