-0.17603127658367157, -0.12590622901916504
-0.17243938148021698, -0.08460399508476257
-0.08028596639633179, 0.013604742474853992
-0.03895020857453346, 0.10476001352071762
-0.024120228365063667, 0.1454712301492691
0.016919566318392754, 0.1428450495004654
0.05006559565663338, 0.13291426002979279
0.15709684789180756, 0.03182806819677353
0.19419389963150024, -0.02994643896818161
0.1082959994673729, -0.03942837566137314
-0.00434076227247715, -0.08002740889787674
-0.04086753726005554, -0.10427659004926682
-0.17603127658367157, -0.12590622901916504
-0.17243938148021698, -0.08460399508476257
-0.024120228365063667, 0.1454712301492691
0.016919566318392754, 0.1428450495004654
0.05006559565663338, 0.13291426002979279
0.15709684789180756, 0.03182806819677353
0.19419389963150024, -0.02994643896818161
-0.04086753726005554, -0.10427659004926682
