-0.07437444478273392, 0.12019606679677963
-0.06656510382890701, 0.20053961873054504
-0.006506212987005711, 0.09876095503568649
0.06668106466531754, 0.04168495163321495
0.07651762664318085, -0.007461537607014179
0.06357736885547638, -0.0442328006029129
0.04303104057908058, -0.09570912271738052
0.01963968388736248, -0.14076143503189087
-0.05330123007297516, -0.13121649622917175
-0.037211161106824875, -0.10192517191171646
0.0012886513723060489, -0.052949149161577225
-0.07437444478273392, 0.12019606679677963
-0.06656510382890701, 0.20053961873054504
0.06668106466531754, 0.04168495163321495
0.07651762664318085, -0.007461537607014179
0.06357736885547638, -0.0442328006029129
0.04303104057908058, -0.09570912271738052
0.01963968388736248, -0.14076143503189087
-0.05330123007297516, -0.13121649622917175
