-0.747153103351593, -0.24320653080940247
-0.7219049334526062, -0.17810483276844025
-0.6695371270179749, -0.05029916390776634
-0.6283460259437561, 0.06023453176021576
-0.5657215714454651, 0.1659058779478073
-0.5135588645935059, 0.2554831802845001
-0.4894613027572632, 0.2949877977371216
-0.3751964569091797, 0.38803064823150635
-0.3032786548137665, 0.4557247459888458
-0.26862233877182007, 0.4983013868331909
-0.22545085847377777, 0.5472268462181091
-0.1477106511592865, 0.6656844615936279
-0.048346035182476044, 0.7334985136985779
-0.010540495626628399, 0.7505851984024048
0.12039694935083389, 0.7804319858551025
0.28317728638648987, 0.8252667784690857
0.31379836797714233, 0.8244655132293701
0.4241091012954712, 0.9118673801422119
0.4871487319469452, 0.9856367707252502
0.5115382671356201, 1.0493249893188477
0.5453418493270874, 1.111467957496643
0.5794240236282349, 1.1334857940673828
0.6176717281341553, 1.1683794260025024
0.6613863706588745, 1.2715402841567993
0.6869690418243408, 1.3011317253112793
0.7472307085990906, 1.421022891998291
0.763006329536438, 1.475488543510437
0.8257083892822266, 1.587800145149231
0.835100531578064, 1.6707425117492676
0.8720343112945557, 1.7623450756072998
0.8936768770217896, 1.857941746711731
0.9048422574996948, 1.92168128490448
0.9508456587791443, 2.004138231277466
0.9895431399345398, 2.1448163986206055
1.015087604522705, 2.212953805923462
1.0339820384979248, 2.071239948272705
1.0306875705718994, 1.945811152458191
1.0299451351165771, 1.9037944078445435
1.0221734046936035, 1.810911774635315
1.0168230533599854, 1.7041335105895996
1.001744270324707, 1.6400716304779053
1.0028938055038452, 1.5289009809494019
0.9492663741111755, 1.4471243619918823
0.9392863512039185, 1.3608657121658325
0.9499973654747009, 1.2245218753814697
0.9784855842590332, 1.1533424854278564
0.9695535898208618, 1.023449420928955
0.9399363398551941, 0.9135133028030396
0.9488614797592163, 0.8568958044052124
0.9305739998817444, 0.7833998203277588
0.8651984930038452, 0.7806856632232666
0.767932653427124, 0.7619453072547913
0.7392474412918091, 0.774220883846283
0.6971673369407654, 0.7807465195655823
0.5804443359375, 0.6993840932846069
0.5781585574150085, 0.6220225095748901
0.5755540132522583, 0.5863066911697388
0.5744795799255371, 0.5630494356155396
0.5742689371109009, 0.4874300956726074
0.5617619752883911, 0.38209643959999084
0.569779098033905, 0.33495861291885376
0.5675983428955078, 0.24612624943256378
0.5598528385162354, 0.11791910231113434
0.5667228102684021, 0.07658902555704117
0.5646615624427795, 0.030378427356481552
0.5407794117927551, -0.024566058069467545
0.4662347435951233, -0.1008608266711235
0.43432193994522095, -0.12351963669061661
0.36626294255256653, -0.2069045454263687
0.3574143052101135, -0.27045565843582153
0.3360512852668762, -0.345893532037735
0.30076125264167786, -0.36878088116645813
0.19705921411514282, -0.47364532947540283
0.20296646654605865, -0.5760017037391663
0.19795620441436768, -0.6243476867675781
0.18579444289207458, -0.6910429000854492
0.12029676139354706, -0.8169682025909424
0.09299290180206299, -0.845966100692749
0.0406009666621685, -0.9488329887390137
-0.027976153418421745, -1.063217043876648
-0.09683777391910553, -1.1072396039962769
-0.17377954721450806, -1.2271366119384766
-0.16646546125411987, -1.2868555784225464
-0.17988444864749908, -1.3262999057769775
-0.22074450552463531, -1.3454667329788208
-0.2838347554206848, -1.3715317249298096
-0.38542744517326355, -1.3968517780303955
-0.506809651851654, -1.4198942184448242
-0.5409707427024841, -1.4052188396453857
-0.59175705909729, -1.3187373876571655
-0.638651430606842, -1.2646781206130981
-0.7090519666671753, -1.188353419303894
-0.7328267097473145, -1.1355334520339966
-0.7417958378791809, -1.0843623876571655
-0.7801114320755005, -0.8259726166725159
-0.7840969562530518, -0.7367626428604126
-0.7633415460586548, -0.6101663708686829
-0.7636409997940063, -0.5635455250740051
-0.7499665021896362, -0.45176011323928833
-0.7497164607048035, -0.3475068509578705
0.4871487319469452, 0.9856367707252502
0.5115382671356201, 1.0493249893188477
1.015087604522705, 2.212953805923462
1.0339820384979248, 2.071239948272705
1.0299451351165771, 1.9037944078445435
1.0168230533599854, 1.7041335105895996
0.9695535898208618, 1.023449420928955
0.9488614797592163, 0.8568958044052124
0.9305739998817444, 0.7833998203277588
0.7714434266090393, 0.7626217603683472
-0.7840969562530518, -0.7367626428604126
-0.747153103351593, -0.24320653080940247
-0.7219049334526062, -0.17810483276844025
-0.6283460259437561, 0.06023453176021576
-0.5135588645935059, 0.2554831802845001
-0.4894613027572632, 0.2949877977371216
-0.1477106511592865, 0.6656844615936279
-0.048346035182476044, 0.7334985136985779
-0.010540495626628399, 0.7505851984024048
0.20799985527992249, 0.8045605421066284
0.5804443359375, 0.6993840932846069
0.5667228102684021, 0.07658902555704117
0.5646615624427795, 0.030378427356481552
0.5407794117927551, -0.024566058069467545
0.12029676139354706, -0.8169682025909424
-0.17988444864749908, -1.3262999057769775
-0.22074450552463531, -1.3454667329788208
-0.2838347554206848, -1.3715317249298096
-0.38542744517326355, -1.3968517780303955
-0.506809651851654, -1.4198942184448242
-0.5409707427024841, -1.4052188396453857
-0.7090519666671753, -1.188353419303894
-0.7328267097473145, -1.1355334520339966
-0.7417958378791809, -1.0843623876571655
-0.7801114320755005, -0.8259726166725159
0.20799985527992249, 0.8045605421066284
0.4871487319469452, 0.9856367707252502
0.7714434266090393, 0.7626217603683472
0.5804443359375, 0.6993840932846069
