-0.07103234529495239, 0.29345208406448364
-0.06214657053351402, 0.3243062496185303
-0.006172295659780502, 0.3378680646419525
0.044840291142463684, 0.22643403708934784
0.07082097232341766, 0.1613459438085556
0.1269093155860901, 0.07005388289690018
0.1403982788324356, -0.012879491783678532
0.1448131650686264, -0.05965183675289154
0.11267983168363571, -0.14223229885101318
0.086680568754673, -0.26422446966171265
0.001638291752897203, -0.23807473480701447
-0.10575684159994125, -0.1954180747270584
-0.1311788111925125, -0.1491732895374298
-0.15314200520515442, -0.0780254527926445
-0.12386278063058853, 0.011971556581556797
-0.06934492290019989, 0.12543746829032898
-0.06287610530853271, 0.2314402461051941
-0.15314200520515442, -0.0780254527926445
-0.07103234529495239, 0.29345208406448364
-0.06214657053351402, 0.3243062496185303
-0.006172295659780502, 0.3378680646419525
0.1269093155860901, 0.07005388289690018
0.1403982788324356, -0.012879491783678532
0.1448131650686264, -0.05965183675289154
0.086680568754673, -0.26422446966171265
0.001638291752897203, -0.23807473480701447
-0.10575684159994125, -0.1954180747270584
-0.1311788111925125, -0.1491732895374298
