-0.12231753766536713, -0.02967912331223488
-0.11327561736106873, 6.252140738070011E-4
-0.09980497509241104, 0.03351781144738197
0.0031713182106614113, 0.04607589170336723
0.03314723074436188, 0.050468869507312775
0.12038280069828033, 0.05720314010977745
0.08814898133277893, -0.011173544451594353
0.06127707660198212, -0.03110199235379696
0.016223818063735962, -0.05319947376847267
-0.019417043775320053, -0.06032915040850639
-0.12231753766536713, -0.02967912331223488
-0.11327561736106873, 6.252140738070011E-4
-0.09980497509241104, 0.03351781144738197
0.03314723074436188, 0.050468869507312775
0.12038280069828033, 0.05720314010977745
0.08814898133277893, -0.011173544451594353
0.06127707660198212, -0.03110199235379696
0.016223818063735962, -0.05319947376847267
-0.019417043775320053, -0.06032915040850639
