-0.07819253951311111, 0.2552546262741089
-0.0660693496465683, 0.1991640329360962
0.0057625980116426945, 0.12337161600589752
0.025449495762586594, 0.07095442712306976
0.07376370579004288, -0.04004800692200661
0.09971138089895248, -0.06262212246656418
0.1330157369375229, -0.08397098630666733
0.1529616415500641, -0.10936319082975388
0.16078752279281616, -0.16156607866287231
0.12500765919685364, -0.14169852435588837
-0.02007390931248665, -0.11730114370584488
-0.13855138421058655, -0.09026648104190826
-0.07229700684547424, -0.011375178582966328
-0.09075234830379486, 0.07315263152122498
-0.09982428699731827, 0.2212171107530594
-0.13855138421058655, -0.09026648104190826
-0.09982428699731827, 0.2212171107530594
-0.07819253951311111, 0.2552546262741089
0.0057625980116426945, 0.12337161600589752
0.1529616415500641, -0.10936319082975388
0.16078752279281616, -0.16156607866287231
