-0.12346969544887543, 0.17175963521003723
-0.08546093106269836, 0.2594894766807556
0.010831927880644798, 0.22467085719108582
0.00582658126950264, 0.09774456173181534
0.051980987191200256, 0.03127220273017883
0.080671027302742, -0.04727314040064812
0.07637080550193787, -0.1036820262670517
0.1603577584028244, -0.1899699717760086
0.15127252042293549, -0.26376909017562866
0.029959965497255325, -0.20671243965625763
-0.003538781311362982, -0.1665896326303482
-0.016375722363591194, -0.12595777213573456
-0.05089258775115013, -0.03505920246243477
-0.08919679373502731, 0.03219873085618019
-0.10047886520624161, 0.0795997828245163
-0.12346969544887543, 0.17175963521003723
-0.08546093106269836, 0.2594894766807556
0.010831927880644798, 0.22467085719108582
0.1603577584028244, -0.1899699717760086
0.15127252042293549, -0.26376909017562866
0.029959965497255325, -0.20671243965625763
-0.003538781311362982, -0.1665896326303482
-0.08919679373502731, 0.03219873085618019
