-0.03962022066116333, 0.10786940902471542
0.08766574412584305, 0.11579014360904694
0.12366883456707001, 0.11278598755598068
0.10500647872686386, 0.03444049507379532
0.061233215034008026, -0.027926435694098473
0.034826841205358505, -0.14847484230995178
-0.04530516639351845, -0.12333996593952179
-0.06965417414903641, -0.07955532521009445
-0.098157599568367, -0.013817454688251019
-0.11003592610359192, 0.04369547963142395
-0.11003592610359192, 0.04369547963142395
-0.03962022066116333, 0.10786940902471542
0.08766574412584305, 0.11579014360904694
0.12366883456707001, 0.11278598755598068
0.10500647872686386, 0.03444049507379532
0.034826841205358505, -0.14847484230995178
-0.04530516639351845, -0.12333996593952179
-0.06965417414903641, -0.07955532521009445
-0.098157599568367, -0.013817454688251019
