0.04329834505915642, -0.16513431072235107
-0.026583781465888023, -0.05773073807358742
-0.06896788626909256, 0.08452033996582031
-0.08084451407194138, 0.1455700546503067
-0.07850779592990875, 0.207462877035141
-0.055371951311826706, 0.25436288118362427
-0.025809960439801216, 0.23726888000965118
-0.017232133075594902, 0.19484543800354004
-0.03777264431118965, 0.15430262684822083
-0.03771612048149109, 0.025933409109711647
-0.0021899158600717783, -0.01434964220970869
0.04368728771805763, -0.10238347202539444
0.08520728349685669, -0.162058487534523
-0.08084451407194138, 0.1455700546503067
-0.07850779592990875, 0.207462877035141
-0.055371951311826706, 0.25436288118362427
-0.025809960439801216, 0.23726888000965118
0.08520728349685669, -0.162058487534523
0.04329834505915642, -0.16513431072235107
-0.026583781465888023, -0.05773073807358742
-0.06896788626909256, 0.08452033996582031
