-0.22133168578147888, -0.015397690236568451
-0.1888771951198578, -0.01223030872642994
-0.1046387106180191, 0.015800679102540016
-0.007381935138255358, 0.08851808309555054
0.022233277559280396, 0.2166389524936676
0.1251840442419052, 0.10781837999820709
0.15319781005382538, 0.09421341866254807
0.19565272331237793, 0.042368073016405106
0.1899726390838623, -0.0023182230070233345
0.1653546392917633, -0.03169308230280876
0.12012969702482224, -0.07459066063165665
0.021318191662430763, -0.10841559618711472
-0.01458140928298235, -0.11542987823486328
-0.05204809457063675, -0.11942841112613678
-0.17643718421459198, -0.05722130089998245
-0.22133168578147888, -0.015397690236568451
0.022233277559280396, 0.2166389524936676
0.15319781005382538, 0.09421341866254807
0.19565272331237793, 0.042368073016405106
0.1899726390838623, -0.0023182230070233345
0.1653546392917633, -0.03169308230280876
0.12012969702482224, -0.07459066063165665
0.021318191662430763, -0.10841559618711472
-0.01458140928298235, -0.11542987823486328
-0.05204809457063675, -0.11942841112613678
-0.17643718421459198, -0.05722130089998245
