-0.24670009315013885, -0.044456202536821365
-0.24079936742782593, 0.008731886744499207
-0.22565604746341705, 0.05423140525817871
-0.21629594266414642, 0.1510591208934784
-0.22643841803073883, 0.2102624773979187
-0.1391957700252533, 0.30394360423088074
-0.06760980933904648, 0.24425581097602844
0.004257102031260729, 0.2104925662279129
0.04393988475203514, 0.18972566723823547
0.10303550213575363, 0.1691914200782776
0.19559155404567719, 0.16969795525074005
0.308140367269516, 0.1393173187971115
0.34481197595596313, 0.10034454613924026
0.23901012539863586, 0.045293208211660385
0.20855572819709778, -0.012519239448010921
0.1977655440568924, -0.07340886443853378
0.18890739977359772, -0.12918347120285034
0.1686576008796692, -0.21748468279838562
0.12043929845094681, -0.2502521574497223
0.028859226033091545, -0.276067852973938
-0.1037418395280838, -0.3330393135547638
-0.12477802485227585, -0.2616559565067291
-0.16548973321914673, -0.1500471532344818
-0.24670009315013885, -0.044456202536821365
-0.22643841803073883, 0.2102624773979187
-0.1391957700252533, 0.30394360423088074
0.308140367269516, 0.1393173187971115
0.34481197595596313, 0.10034454613924026
0.1686576008796692, -0.21748468279838562
0.12043929845094681, -0.2502521574497223
-0.1037418395280838, -0.3330393135547638
