-0.11514046788215637, 0.019694805145263672
-0.1073213517665863, 0.05313839018344879
-0.051431454718112946, 0.09814924001693726
0.10992403328418732, -0.0162774920463562
0.1264369934797287, -0.04583483189344406
0.08091944456100464, -0.10923872888088226
-0.05286634340882301, -0.06845074146986008
-0.11512516438961029, -0.016985533758997917
-0.11514046788215637, 0.019694805145263672
-0.1073213517665863, 0.05313839018344879
-0.051431454718112946, 0.09814924001693726
0.10992403328418732, -0.0162774920463562
0.1264369934797287, -0.04583483189344406
0.08091944456100464, -0.10923872888088226
-0.05286634340882301, -0.06845074146986008
-0.11512516438961029, -0.016985533758997917
