-0.10024720430374146, -0.19422587752342224
-0.11090392619371414, -0.23531001806259155
-0.16776521503925323, -0.3367023766040802
-0.1855788677930832, -0.36553725600242615
-0.2236105501651764, -0.3829057514667511
-0.18968994915485382, -0.30091461539268494
-0.2236105501651764, -0.3829057514667511
-0.18968994915485382, -0.30091461539268494
-0.10024720430374146, -0.19422587752342224
-0.11090392619371414, -0.23531001806259155
-0.16776521503925323, -0.3367023766040802
-0.1855788677930832, -0.36553725600242615
