-0.17887523770332336, 0.532736599445343
-0.13412675261497498, 0.5057982802391052
-0.015758132562041283, 0.4560029208660126
0.1865272969007492, 0.38934025168418884
0.23518489301204681, 0.38759276270866394
0.3608984649181366, 0.4407275915145874
0.3876924514770508, 0.46589815616607666
0.434410959482193, 0.48779454827308655
0.44924741983413696, 0.41168126463890076
0.4614366888999939, 0.32287752628326416
0.46632444858551025, 0.2515631914138794
0.4825965464115143, 0.15111981332302094
0.5039493441581726, 0.10126698017120361
0.5544261336326599, -0.010731654241681099
0.5766570568084717, -0.07312445342540741
0.582420825958252, -0.13175003230571747
0.5851480960845947, -0.17365069687366486
0.5589250326156616, -0.304330974817276
0.5601754188537598, -0.36436161398887634
0.5069897174835205, -0.44349104166030884
0.4233010709285736, -0.5327430963516235
0.3668868839740753, -0.594452440738678
0.31367820501327515, -0.607653021812439
0.25963354110717773, -0.6134796738624573
0.137222021818161, -0.6084489226341248
0.0888872966170311, -0.5960291028022766
-0.005276024807244539, -0.5544830560684204
-0.12511225044727325, -0.5152895450592041
-0.2705547511577606, -0.4828798174858093
-0.3887723386287689, -0.4413565695285797
-0.4418390989303589, -0.3943846821784973
-0.46088680624961853, -0.34395214915275574
-0.39373597502708435, -0.22708125412464142
-0.39220884442329407, -0.20888115465641022
-0.3884946405887604, -0.154744490981102
-0.46332255005836487, -0.039067599922418594
-0.5844576358795166, 0.023207079619169235
-0.6212924718856812, 0.06606779247522354
-0.6726311445236206, 0.19290070235729218
-0.7365308403968811, 0.321729451417923
-0.685174286365509, 0.36432382464408875
-0.6277623176574707, 0.3650283217430115
-0.3931718170642853, 0.23248714208602905
-0.3633362054824829, 0.21126848459243774
-0.3408893346786499, 0.1725308895111084
-0.2328205108642578, 0.11276891827583313
-0.15525594353675842, 0.22912397980690002
-0.16879071295261383, 0.2983272671699524
-0.17513224482536316, 0.35566920042037964
-0.23163318634033203, 0.48476287722587585
-0.26550963521003723, 0.5353773832321167
-0.26550963521003723, 0.5353773832321167
-0.17887523770332336, 0.532736599445343
0.434410959482193, 0.48779454827308655
0.5766570568084717, -0.07312445342540741
0.582420825958252, -0.13175003230571747
0.5851480960845947, -0.17365069687366486
0.5601754188537598, -0.36436161398887634
0.5069897174835205, -0.44349104166030884
0.3668868839740753, -0.594452440738678
0.31367820501327515, -0.607653021812439
0.25963354110717773, -0.6134796738624573
0.137222021818161, -0.6084489226341248
0.0888872966170311, -0.5960291028022766
0.05125400051474571, -0.5841824412345886
-0.2328205108642578, 0.11276891827583313
-0.7365308403968811, 0.321729451417923
-0.685174286365509, 0.36432382464408875
-0.6277623176574707, 0.3650283217430115
-0.3931718170642853, 0.23248714208602905
-0.3633362054824829, 0.21126848459243774
-0.2328205108642578, 0.11276891827583313
0.05125400051474571, -0.5841824412345886
-0.2705547511577606, -0.4828798174858093
-0.3887723386287689, -0.4413565695285797
-0.4418390989303589, -0.3943846821784973
