-0.22033993899822235, 0.0905255526304245
-0.14930371940135956, 0.2026263326406479
-0.14749795198440552, 0.25866812467575073
-0.13249412178993225, 0.36671939492225647
-0.1258302628993988, 0.4791317880153656
-0.05514294654130936, 0.43979182839393616
0.20124590396881104, 0.16465364396572113
0.24066399037837982, 0.12596188485622406
0.31978240609169006, 0.03248121589422226
0.337799072265625, -0.009541397914290428
0.2670336663722992, -0.08797197788953781
0.18202795088291168, -0.17389936745166779
0.11565674096345901, -0.2446783185005188
0.039418745785951614, -0.2945229113101959
-0.030423710122704506, -0.3941376805305481
-0.1306949257850647, -0.43815532326698303
-0.21128815412521362, -0.4101825952529907
-0.229409322142601, -0.2712453007698059
-0.19614402949810028, -0.21205200254917145
-0.20906081795692444, -0.0974436029791832
-0.2202220857143402, 0.030949275940656662
-0.229409322142601, -0.2712453007698059
-0.22033993899822235, 0.0905255526304245
-0.1258302628993988, 0.4791317880153656
-0.05514294654130936, 0.43979182839393616
0.24066399037837982, 0.12596188485622406
0.31978240609169006, 0.03248121589422226
0.337799072265625, -0.009541397914290428
0.2670336663722992, -0.08797197788953781
0.11565674096345901, -0.2446783185005188
-0.030423710122704506, -0.3941376805305481
-0.1306949257850647, -0.43815532326698303
-0.21128815412521362, -0.4101825952529907
