-0.11910991370677948, -0.2088358849287033
-0.0970027893781662, -0.07500047981739044
-0.06239933893084526, 0.006262334529310465
-0.026348380371928215, 0.13119347393512726
-0.05659372732043266, 0.2792087197303772
-2.314597659278661E-4, 0.28705209493637085
0.062221284955739975, 0.22528548538684845
0.09352072328329086, 0.13574044406414032
0.09887482970952988, -0.011733565479516983
0.09714790433645248, -0.0486539751291275
0.047485027462244034, -0.16463880240917206
-0.007793276570737362, -0.2476244419813156
-0.05000890791416168, -0.26319175958633423
-0.0900348573923111, -0.2619630694389343
-0.11910991370677948, -0.2088358849287033
-0.05659372732043266, 0.2792087197303772
-2.314597659278661E-4, 0.28705209493637085
0.062221284955739975, 0.22528548538684845
0.09352072328329086, 0.13574044406414032
0.09887482970952988, -0.011733565479516983
0.09714790433645248, -0.0486539751291275
0.047485027462244034, -0.16463880240917206
-0.007793276570737362, -0.2476244419813156
-0.05000890791416168, -0.26319175958633423
-0.0900348573923111, -0.2619630694389343
