-0.18800918757915497, -0.03752312436699867
-0.07711689174175262, 0.0630531907081604
-5.373536259867251E-4, 0.09905628114938736
0.06524929404258728, 0.10457773506641388
0.10652130842208862, 0.09581445157527924
0.21336360275745392, 0.021173875778913498
0.23080061376094818, -0.012251692824065685
0.16005650162696838, -0.018274560570716858
0.0429038479924202, -0.06261757016181946
-0.07314246892929077, -0.09300107508897781
-0.16421525180339813, -0.131749227643013
-0.24173025786876678, -0.09036301076412201
-0.24173025786876678, -0.09036301076412201
-0.18800918757915497, -0.03752312436699867
-0.07711689174175262, 0.0630531907081604
-5.373536259867251E-4, 0.09905628114938736
0.06524929404258728, 0.10457773506641388
0.10652130842208862, 0.09581445157527924
0.21336360275745392, 0.021173875778913498
0.23080061376094818, -0.012251692824065685
-0.16421525180339813, -0.131749227643013
