-0.09147951751947403, -0.169322669506073
-0.07390855997800827, -0.07430613785982132
-0.08789736032485962, 0.027319397777318954
-0.05306234210729599, 0.1079980880022049
-0.020576966926455498, 0.16337956488132477
0.08419261127710342, 0.15406914055347443
0.07429208606481552, 0.09928157180547714
0.08661265671253204, -0.00907527282834053
0.04168134555220604, -0.057567816227674484
0.0016294124070554972, -0.14722050726413727
-0.027318229898810387, -0.21921806037425995
-0.09147951751947403, -0.169322669506073
-0.08789736032485962, 0.027319397777318954
-0.05306234210729599, 0.1079980880022049
-0.020576966926455498, 0.16337956488132477
0.08419261127710342, 0.15406914055347443
0.08661265671253204, -0.00907527282834053
-0.027318229898810387, -0.21921806037425995
