-0.26264289021492004, 0.11548229306936264
-0.22985614836215973, 0.13607926666736603
-0.1341584175825119, 0.2314688116312027
-0.10968736559152603, 0.2613184452056885
-0.061583004891872406, 0.27040451765060425
0.03475944325327873, 0.30796152353286743
0.06614352762699127, 0.30775368213653564
0.14199264347553253, 0.1657620221376419
0.21683946251869202, 0.10222732275724411
0.30468398332595825, 0.008387569338083267
0.41146236658096313, -0.002763462485745549
0.4353892207145691, -0.11189784854650497
0.3534969389438629, -0.12434884905815125
0.2190769463777542, -0.16188840568065643
0.13875624537467957, -0.2042650580406189
0.04203642159700394, -0.22006815671920776
-0.05407436192035675, -0.2406473606824875
-0.09746886044740677, -0.2409871518611908
-0.15553145110607147, -0.19655364751815796
-0.26615092158317566, -0.1321524679660797
-0.30493542551994324, -0.12775684893131256
-0.3618399500846863, -0.10912933200597763
-0.3987886607646942, -0.04468327388167381
-0.3987886607646942, -0.04468327388167381
-0.26264289021492004, 0.11548229306936264
-0.10968736559152603, 0.2613184452056885
0.03475944325327873, 0.30796152353286743
0.06614352762699127, 0.30775368213653564
0.41146236658096313, -0.002763462485745549
0.4353892207145691, -0.11189784854650497
0.13875624537467957, -0.2042650580406189
-0.05407436192035675, -0.2406473606824875
-0.09746886044740677, -0.2409871518611908
-0.3618399500846863, -0.10912933200597763
