0.023700015619397163, -0.04979432746767998
0.03611931949853897, -0.12231731414794922
0.06480273604393005, -0.2116127759218216
0.11433417350053787, -0.2640119194984436
0.09270253777503967, -0.30385836958885193
0.006085976492613554, -0.17755445837974548
-0.005439301021397114, -0.1470237523317337
-0.020273365080356598, -0.08964148908853531
-0.02582627907395363, -0.058748096227645874
-0.03950676694512367, 0.02692648395895958
-0.0023047507274895906, 0.06257224082946777
-0.03950676694512367, 0.02692648395895958
-0.0023047507274895906, 0.06257224082946777
0.11433417350053787, -0.2640119194984436
0.09270253777503967, -0.30385836958885193
0.006085976492613554, -0.17755445837974548
-0.005439301021397114, -0.1470237523317337
-0.020273365080356598, -0.08964148908853531
-0.02582627907395363, -0.058748096227645874
