-0.052736133337020874, 0.26974236965179443
-0.04800964146852493, 0.37309539318084717
-0.015404168516397476, 0.3756297826766968
0.004195707850158215, 0.29518839716911316
0.014272429049015045, 0.17727680504322052
0.02104194648563862, 0.09969211369752884
0.037378910928964615, -0.021065345034003258
0.043151650577783585, -0.07182569801807404
0.06260240077972412, -0.22046610713005066
0.055162716656923294, -0.2924654185771942
0.03978116065263748, -0.3184114694595337
-0.016450956463813782, -0.31867504119873047
-0.01966720074415207, -0.20094001293182373
-0.03292253986001015, -0.07709027081727982
-0.032415907829999924, -0.04668031260371208
-0.023533236235380173, 0.010554425418376923
-0.03314707428216934, 0.10736909508705139
-0.052736133337020874, 0.26974236965179443
-0.04800964146852493, 0.37309539318084717
-0.015404168516397476, 0.3756297826766968
0.004195707850158215, 0.29518839716911316
0.06260240077972412, -0.22046610713005066
0.055162716656923294, -0.2924654185771942
0.03978116065263748, -0.3184114694595337
-0.016450956463813782, -0.31867504119873047
-0.03292253986001015, -0.07709027081727982
