-0.11745070666074753, 0.21854865550994873
-0.03977100923657417, 0.12750817835330963
-0.010799665004014969, 0.08913033455610275
0.03480833023786545, 0.037244897335767746
0.07042820006608963, -0.0026381348725408316
0.1951202005147934, -0.02340218983590603
0.2327030897140503, -0.055711206048727036
0.20653998851776123, -0.07884594053030014
0.053886719048023224, -0.12154583632946014
-0.019789453595876694, -0.10003907978534698
-0.08080803602933884, -0.0697544515132904
-0.12935036420822144, -0.01924070715904236
-0.14007748663425446, 0.021750429645180702
-0.12956321239471436, 0.15169554948806763
-0.15625600516796112, 0.19575965404510498
-0.15625600516796112, 0.19575965404510498
-0.11745070666074753, 0.21854865550994873
0.1951202005147934, -0.02340218983590603
0.2327030897140503, -0.055711206048727036
0.20653998851776123, -0.07884594053030014
0.053886719048023224, -0.12154583632946014
-0.019789453595876694, -0.10003907978534698
-0.08080803602933884, -0.0697544515132904
-0.12935036420822144, -0.01924070715904236
-0.14007748663425446, 0.021750429645180702
