-0.06642760336399078, -0.009231040254235268
-0.04416839778423309, 0.07305852323770523
-0.0014940553810447454, 0.07596804201602936
0.06285460293292999, 0.08217376470565796
0.10056691616773605, -0.0024011109489947557
0.028574828058481216, -0.08042445778846741
-0.029100874438881874, -0.09173834323883057
-0.0751536414027214, -0.06627853959798813
-0.0751536414027214, -0.06627853959798813
-0.06642760336399078, -0.009231040254235268
-0.04416839778423309, 0.07305852323770523
0.06285460293292999, 0.08217376470565796
0.10056691616773605, -0.0024011109489947557
0.028574828058481216, -0.08042445778846741
-0.029100874438881874, -0.09173834323883057
