-0.22034119069576263, 0.07484261691570282
-0.14693565666675568, 0.10491545498371124
-0.008573436178267002, 0.14240515232086182
0.030583273619413376, 0.1460018754005432
0.14201921224594116, 0.16069720685482025
0.18151897192001343, 0.16288112103939056
0.21068407595157623, 0.10941877216100693
0.17203481495380402, 0.05844053253531456
0.1365772783756256, -0.04854878783226013
0.16070227324962616, -0.11639528721570969
0.11068660020828247, -0.19834861159324646
0.02880844660103321, -0.22464583814144135
-0.006166564300656319, -0.2207454890012741
-0.018720149993896484, -0.18696896731853485
-0.025658514350652695, -0.11979725956916809
-0.11614742875099182, -0.0056543671526014805
-0.2002815157175064, 6.570116966031492E-4
-0.272411972284317, -0.007311631925404072
-0.3042752742767334, -0.0037333634681999683
-0.3296806514263153, 0.03817155212163925
-0.3296806514263153, 0.03817155212163925
-0.14693565666675568, 0.10491545498371124
-0.008573436178267002, 0.14240515232086182
0.14201921224594116, 0.16069720685482025
0.18151897192001343, 0.16288112103939056
0.21068407595157623, 0.10941877216100693
0.16070227324962616, -0.11639528721570969
0.11068660020828247, -0.19834861159324646
0.02880844660103321, -0.22464583814144135
-0.006166564300656319, -0.2207454890012741
-0.3042752742767334, -0.0037333634681999683
