-0.06052490323781967, 0.30449041724205017
0.004788063932210207, 0.24971170723438263
0.02951228618621826, 0.21289445459842682
0.07367213070392609, 0.09295106679201126
0.07372766733169556, -0.055427100509405136
0.07726769149303436, -0.15211142599582672
0.06745704263448715, -0.2380576729774475
-0.00823376327753067, -0.3557787835597992
-0.045808304101228714, -0.22685126960277557
-0.05323342606425285, -0.16864299774169922
-0.04112857207655907, -0.08992930501699448
-0.06037251651287079, -0.008005490526556969
-0.07677272707223892, 0.04869819059967995
-0.08173573017120361, 0.14934413135051727
-0.0825696662068367, 0.2503519654273987
-0.0825696662068367, 0.2503519654273987
-0.06052490323781967, 0.30449041724205017
0.004788063932210207, 0.24971170723438263
0.02951228618621826, 0.21289445459842682
0.07367213070392609, 0.09295106679201126
0.07726769149303436, -0.15211142599582672
0.06745704263448715, -0.2380576729774475
-0.00823376327753067, -0.3557787835597992
-0.045808304101228714, -0.22685126960277557
-0.05323342606425285, -0.16864299774169922
-0.07677272707223892, 0.04869819059967995
-0.08173573017120361, 0.14934413135051727
