2.218373556388542E-4, 0.10074756294488907
0.02171178348362446, 0.06374271959066391
0.05436248332262039, -0.04381660372018814
0.05457664281129837, -0.10869843512773514
0.03356973081827164, -0.1372263878583908
-0.011332357302308083, -0.09084314107894897
-0.02191106230020523, -0.029464416205883026
-0.05751773715019226, 0.06196007505059242
-0.05915021523833275, 0.10001195222139359
-0.05918789282441139, 0.17344973981380463
-0.05918789282441139, 0.17344973981380463
2.218373556388542E-4, 0.10074756294488907
0.02171178348362446, 0.06374271959066391
0.05436248332262039, -0.04381660372018814
0.05457664281129837, -0.10869843512773514
0.03356973081827164, -0.1372263878583908
-0.011332357302308083, -0.09084314107894897
-0.05751773715019226, 0.06196007505059242
-0.05915021523833275, 0.10001195222139359
