-0.06035669893026352, 0.9118655323982239
0.0017991287168115377, 0.9099794626235962
0.12069711089134216, 0.879429280757904
0.23082073032855988, 0.8343043327331543
0.3781946897506714, 0.8196292519569397
0.4264402985572815, 0.8228380084037781
0.5227653980255127, 0.8253353238105774
0.6292115449905396, 0.859522819519043
0.7184181213378906, 0.9019039273262024
0.7544370293617249, 0.9096924662590027
0.8335527181625366, 0.881476640701294
0.9666780829429626, 0.8493434190750122
1.0174813270568848, 0.8385928869247437
1.0020827054977417, 0.7788575291633606
0.9843794107437134, 0.737205445766449
0.9444049000740051, 0.6927639245986938
0.895346999168396, 0.707844078540802
0.7634167075157166, 0.647631824016571
0.7317191958427429, 0.5995749831199646
0.6842162013053894, 0.5381118059158325
0.6449711322784424, 0.4714242219924927
0.6113789081573486, 0.4040527641773224
0.5506001710891724, 0.26944786310195923
0.5285034775733948, 0.23538774251937866
0.5379980206489563, 0.07242444157600403
0.5250844955444336, -0.06166722998023033
0.5019339323043823, -0.12233952432870865
0.48902201652526855, -0.26870280504226685
0.48096975684165955, -0.36526429653167725
0.4564994275569916, -0.495778888463974
0.4525631368160248, -0.6427640914916992
0.44524919986724854, -0.7023619413375854
0.43411505222320557, -0.7562639713287354
0.40564486384391785, -0.855137288570404
0.39129674434661865, -0.9014602899551392
0.31763818860054016, -1.0110142230987549
0.3175594210624695, -1.0489717721939087
0.30249732732772827, -1.0893200635910034
0.26931583881378174, -1.1786885261535645
0.18665851652622223, -1.0960010290145874
0.13691486418247223, -1.0748889446258545
0.01970347948372364, -1.0109132528305054
-0.1112995594739914, -0.9424615502357483
-0.21865889430046082, -0.9307788014411926
-0.3980390727519989, -0.9530985951423645
-0.531132161617279, -0.9712620973587036
-0.5687142014503479, -0.9390587210655212
-0.5939232707023621, -0.8558205366134644
-0.6103978157043457, -0.7775464653968811
-0.6426604986190796, -0.711574912071228
-0.6544691920280457, -0.6806128621101379
-0.7200010418891907, -0.5585699677467346
-0.7305247187614441, -0.49069374799728394
-0.7000306248664856, -0.23606115579605103
-0.6799048781394958, -0.17431402206420898
-0.6472583413124084, -0.08799759298563004
-0.6280403733253479, -0.02014749124646187
-0.6114322543144226, 0.032524168491363525
-0.5548791885375977, 0.13337329030036926
-0.48494669795036316, 0.2507917582988739
-0.42689579725265503, 0.3685545027256012
-0.38431182503700256, 0.42994293570518494
-0.33414703607559204, 0.5642712116241455
-0.32824692130088806, 0.692574143409729
-0.31907692551612854, 0.7400782704353333
-0.29511111974716187, 0.7713975310325623
-0.25163090229034424, 0.7984755039215088
-0.20567288994789124, 0.8296495676040649
-0.1572667956352234, 0.8464614748954773
-0.11123093217611313, 0.860037088394165
-0.09021957218647003, 0.8746945261955261
-0.7305247187614441, -0.49069374799728394
-0.7000306248664856, -0.23606115579605103
-0.6799048781394958, -0.17431402206420898
-0.6114322543144226, 0.032524168491363525
-0.3391827642917633, 0.5507867932319641
0.5285034775733948, 0.23538774251937866
0.5379980206489563, 0.07242444157600403
0.5250844955444336, -0.06166722998023033
0.44524919986724854, -0.7023619413375854
0.43411505222320557, -0.7562639713287354
0.40564486384391785, -0.855137288570404
0.39129674434661865, -0.9014602899551392
0.26931583881378174, -1.1786885261535645
-0.531132161617279, -0.9712620973587036
-0.5687142014503479, -0.9390587210655212
-0.7200010418891907, -0.5585699677467346
-0.3391827642917633, 0.5507867932319641
-0.32824692130088806, 0.692574143409729
-0.31907692551612854, 0.7400782704353333
-0.29511111974716187, 0.7713975310325623
-0.20567288994789124, 0.8296495676040649
-0.06035669893026352, 0.9118655323982239
0.7544370293617249, 0.9096924662590027
1.0174813270568848, 0.8385928869247437
1.0020827054977417, 0.7788575291633606
0.9843794107437134, 0.737205445766449
0.9444049000740051, 0.6927639245986938
0.5285034775733948, 0.23538774251937866
