-0.2566731870174408, 0.18741478025913239
-0.19407305121421814, 0.20430612564086914
-0.10353434085845947, 0.18893975019454956
-0.0642465129494667, 0.1426837295293808
-0.027481047436594963, 0.10300380736589432
0.06030455231666565, 0.05535680055618286
0.1047925129532814, 0.03208985924720764
0.20408278703689575, -0.0065674204379320145
0.23250210285186768, -0.028252089396119118
0.26922571659088135, -0.06280689686536789
0.2844719886779785, -0.09293163567781448
0.23618008196353912, -0.17092762887477875
0.15878017246723175, -0.20651616156101227
0.12068802118301392, -0.1980361044406891
-0.017860721796751022, -0.16005852818489075
-0.016358187422156334, -0.10946456342935562
-0.1461915522813797, -0.03803033381700516
-0.2101263403892517, -0.024434346705675125
-0.25881460309028625, 0.10049217194318771
-0.2777929902076721, 0.1313847154378891
-0.2823416292667389, 0.1710873395204544
-0.2823416292667389, 0.1710873395204544
-0.2566731870174408, 0.18741478025913239
-0.19407305121421814, 0.20430612564086914
-0.10353434085845947, 0.18893975019454956
0.20408278703689575, -0.0065674204379320145
0.23250210285186768, -0.028252089396119118
0.26922571659088135, -0.06280689686536789
0.2844719886779785, -0.09293163567781448
0.23618008196353912, -0.17092762887477875
0.15878017246723175, -0.20651616156101227
0.12068802118301392, -0.1980361044406891
-0.017860721796751022, -0.16005852818489075
-0.2101263403892517, -0.024434346705675125
-0.2777929902076721, 0.1313847154378891
