-0.7508255243301392, 0.5866615772247314
-0.6928312182426453, 0.6874067783355713
-0.5915548801422119, 0.7852429747581482
-0.5505135655403137, 0.7916052937507629
-0.43682605028152466, 0.8733620047569275
-0.3170042335987091, 0.9379714727401733
-0.24073131382465363, 0.97267746925354
-0.1849410980939865, 0.9914002418518066
-0.1022762656211853, 1.0163755416870117
0.005741409491747618, 1.0781582593917847
0.08954650163650513, 1.1179438829421997
0.14745810627937317, 1.1515803337097168
0.17950689792633057, 1.16433846950531
0.2796967625617981, 1.1869302988052368
0.3052314817905426, 1.1164770126342773
0.35786107182502747, 0.9914569854736328
0.375670462846756, 0.9425909519195557
0.3838038742542267, 0.8721402883529663
0.3876255750656128, 0.8128968477249146
0.385446161031723, 0.7751694917678833
0.37261539697647095, 0.6684655547142029
0.34472593665122986, 0.5679268836975098
0.3214298188686371, 0.5126441121101379
0.3016466498374939, 0.459805965423584
0.25932762026786804, 0.4243684411048889
0.1496099978685379, 0.40935689210891724
0.09149298071861267, 0.37547940015792847
0.10796267539262772, 0.24441465735435486
0.04742773249745369, 0.10877348482608795
0.07355213165283203, 0.07491487264633179
0.09366486966609955, 0.010218893177807331
0.1251949816942215, -0.04626630246639252
0.09590668976306915, -0.1337900012731552
0.06853417307138443, -0.15630310773849487
0.02058028057217598, -0.21112540364265442
-0.004313685465604067, -0.24191194772720337
0.0741439238190651, -0.36578452587127686
0.08327417075634003, -0.3668700158596039
0.1642654836177826, -0.37044328451156616
0.13335900008678436, -0.4584798216819763
0.24101613461971283, -0.5622692704200745
0.35860177874565125, -0.6004365086555481
0.4287559986114502, -0.6229317784309387
0.5618548393249512, -0.6695618033409119
0.6003480553627014, -0.6812098622322083
0.6307662725448608, -0.6956112384796143
0.7514859437942505, -0.6821852922439575
0.8555904626846313, -0.6558079719543457
0.9045095443725586, -0.7279471755027771
0.8486191630363464, -0.8528021574020386
0.8193296790122986, -0.8739286065101624
0.7210789918899536, -0.9038662910461426
0.6209675073623657, -0.9274066090583801
0.5703238844871521, -0.9601275324821472
0.5413080453872681, -0.9876883029937744
0.48931175470352173, -1.0471478700637817
0.4682975709438324, -1.0720878839492798
0.43138203024864197, -1.1166036128997803
0.37975794076919556, -1.2460236549377441
0.34741130471229553, -1.3126821517944336
0.24416615068912506, -1.265402913093567
0.1241893395781517, -1.1924452781677246
0.06721798330545425, -1.1445071697235107
0.007089843507856131, -1.081993818283081
-0.016225935891270638, -1.024200201034546
-0.0781606063246727, -0.9490235447883606
-0.14353451132774353, -0.8333209753036499
-0.17517367005348206, -0.8042755126953125
-0.22193631529808044, -0.6949504613876343
-0.2263069599866867, -0.5969202518463135
-0.2507977783679962, -0.4856317639350891
-0.2764902412891388, -0.3729685842990875
-0.28993362188339233, -0.3198729157447815
-0.30625805258750916, -0.25601550936698914
-0.35912370681762695, -0.1627720296382904
-0.4018489718437195, -0.04123847931623459
-0.4409639835357666, 0.09577431529760361
-0.46233174204826355, 0.19392627477645874
-0.46618887782096863, 0.22843782603740692
-0.4790661931037903, 0.283937007188797
-0.5664442777633667, 0.35839229822158813
-0.7035012245178223, 0.39907243847846985
-0.7861568927764893, 0.5018988847732544
-3.114872088190168E-4, -1.0636478662490845
0.24101613461971283, -0.5622692704200745
0.8555904626846313, -0.6558079719543457
0.9045095443725586, -0.7279471755027771
0.8486191630363464, -0.8528021574020386
0.34741130471229553, -1.3126821517944336
0.24416615068912506, -1.265402913093567
0.1241893395781517, -1.1924452781677246
0.06721798330545425, -1.1445071697235107
0.007089843507856131, -1.081993818283081
-0.28701359033584595, -0.33140572905540466
-0.004313685465604067, -0.24191194772720337
0.1642654836177826, -0.37044328451156616
0.24101613461971283, -0.5622692704200745
-3.114872088190168E-4, -1.0636478662490845
-0.0781606063246727, -0.9490235447883606
-0.17517367005348206, -0.8042755126953125
-0.22193631529808044, -0.6949504613876343
-0.7861568927764893, 0.5018988847732544
-0.7508255243301392, 0.5866615772247314
-0.6928312182426453, 0.6874067783355713
-0.5915548801422119, 0.7852429747581482
-0.43682605028152466, 0.8733620047569275
-0.3170042335987091, 0.9379714727401733
0.14745810627937317, 1.1515803337097168
0.17950689792633057, 1.16433846950531
0.2796967625617981, 1.1869302988052368
0.35786107182502747, 0.9914569854736328
0.375670462846756, 0.9425909519195557
0.3838038742542267, 0.8721402883529663
0.3876255750656128, 0.8128968477249146
0.38703808188438416, 0.8027271032333374
-0.4790661931037903, 0.283937007188797
-0.7035012245178223, 0.39907243847846985
-0.4790661931037903, 0.283937007188797
-0.1709061861038208, 0.4685225784778595
0.09149298071861267, 0.37547940015792847
0.10796267539262772, 0.24441465735435486
0.1251949816942215, -0.04626630246639252
0.09590668976306915, -0.1337900012731552
-0.004313685465604067, -0.24191194772720337
-0.28701359033584595, -0.33140572905540466
-0.35912370681762695, -0.1627720296382904
-0.4018489718437195, -0.04123847931623459
-0.4409639835357666, 0.09577431529760361
-0.46233174204826355, 0.19392627477645874
-0.1709061861038208, 0.4685225784778595
0.38703808188438416, 0.8027271032333374
0.385446161031723, 0.7751694917678833
0.37261539697647095, 0.6684655547142029
0.34472593665122986, 0.5679268836975098
0.3016466498374939, 0.459805965423584
0.25932762026786804, 0.4243684411048889
0.09149298071861267, 0.37547940015792847
