-0.5447244048118591, -0.061497095972299576
-0.463105171918869, -0.015539073385298252
-0.42683282494544983, 0.03451678529381752
-0.3445482552051544, 0.08365849405527115
-0.2331845611333847, 0.11115225404500961
-0.18087030947208405, 0.141749769449234
-0.08032523840665817, 0.1837722212076187
-0.04753737151622772, 0.1709006130695343
0.08723029494285583, 0.19666655361652374
0.20357206463813782, 0.17462177574634552
0.26472240686416626, 0.1887606829404831
0.35166338086128235, 0.20096760988235474
0.3863823711872101, 0.20863454043865204
0.4245298504829407, 0.21527591347694397
0.46695780754089355, 0.20381195843219757
0.5098941326141357, 0.0801762267947197
0.5451370477676392, 0.003961505834013224
0.4702821969985962, -0.05084282532334328
0.39018380641937256, -0.0709800198674202
0.35384446382522583, -0.07726477086544037
0.25217360258102417, -0.09107895195484161
0.11844189465045929, -0.12896284461021423
-0.09154235571622849, -0.16564835608005524
-0.1791171282529831, -0.18953359127044678
-0.23950089514255524, -0.20351693034172058
-0.2926643490791321, -0.20387566089630127
-0.39741894602775574, -0.2290697991847992
-0.4921768605709076, -0.22190509736537933
-0.5199989676475525, -0.20458680391311646
-0.5680851936340332, -0.08423012495040894
-0.5680851936340332, -0.08423012495040894
-0.5447244048118591, -0.061497095972299576
-0.42683282494544983, 0.03451678529381752
-0.3445482552051544, 0.08365849405527115
-0.08032523840665817, 0.1837722212076187
0.08723029494285583, 0.19666655361652374
0.4245298504829407, 0.21527591347694397
0.46695780754089355, 0.20381195843219757
0.5451370477676392, 0.003961505834013224
0.4702821969985962, -0.05084282532334328
0.39018380641937256, -0.0709800198674202
0.11844189465045929, -0.12896284461021423
-0.23950089514255524, -0.20351693034172058
-0.39741894602775574, -0.2290697991847992
-0.4921768605709076, -0.22190509736537933
-0.5199989676475525, -0.20458680391311646
