-0.26101434230804443, -0.07911659777164459
-0.24422769248485565, -0.029210470616817474
-0.19187499582767487, 0.011904661543667316
-0.11163773387670517, 0.12280642241239548
-0.06115274131298065, 0.1661054939031601
-0.030761506408452988, 0.18902572989463806
0.09895873814821243, 0.13477623462677002
0.14433181285858154, 0.12167035043239594
0.1796618551015854, 0.11029895395040512
0.22681520879268646, 0.04659293219447136
0.23489566147327423, 0.013536483980715275
0.21742312610149384, -0.056483179330825806
0.18298572301864624, -0.1019185334444046
0.10754770785570145, -0.11968818306922913
0.020802151411771774, -0.13809670507907867
-0.026096122339367867, -0.13614067435264587
-0.1466880589723587, -0.12809017300605774
-0.20518837869167328, -0.11921972781419754
-0.26101434230804443, -0.07911659777164459
-0.24422769248485565, -0.029210470616817474
-0.11163773387670517, 0.12280642241239548
-0.06115274131298065, 0.1661054939031601
-0.030761506408452988, 0.18902572989463806
0.1796618551015854, 0.11029895395040512
0.22681520879268646, 0.04659293219447136
0.23489566147327423, 0.013536483980715275
0.21742312610149384, -0.056483179330825806
0.18298572301864624, -0.1019185334444046
0.10754770785570145, -0.11968818306922913
0.020802151411771774, -0.13809670507907867
-0.026096122339367867, -0.13614067435264587
-0.1466880589723587, -0.12809017300605774
-0.20518837869167328, -0.11921972781419754
