-0.1271408634729681, 0.13320250204913872
-0.05816709770710828, 0.1631058215990965
-0.009414065390279856, 0.0844218712231134
0.1105081904412476, 0.033377475916697825
0.12635475932626, -0.05255251084471935
0.10955993387761623, -0.15124504554402227
0.039018493034225755, -0.14229586833492552
-0.012289994466432546, -0.12131708555758791
-0.05820695787825669, -0.04542502566634566
-0.12384427232927558, 0.026438155357090837
-0.19553976662142736, 0.06349638767751056
-0.19553976662142736, 0.06349638767751056
-0.1271408634729681, 0.13320250204913872
-0.05816709770710828, 0.1631058215990965
0.1105081904412476, 0.033377475916697825
0.12635475932626, -0.05255251084471935
0.10955993387761623, -0.15124504554402227
0.039018493034225755, -0.14229586833492552
-0.012289994466432546, -0.12131708555758791
