-0.3144757765543314, 0.9927037684409057
-0.24483029701452788, 0.9987556957987999
-0.18513586747718738, 1.0074875717980905
-0.14723160819684383, 0.9435095742356621
-0.11130097706958585, 0.8752043314514057
-0.09317542988454026, 0.8027690113059107
-0.08597538024763855, 0.7246532108474368
-0.06436052244390143, 0.6599209951821156
-0.06690470913489736, 0.6009126574513348
-0.050064546897404756, 0.5221784873574558
-0.03203107824915921, 0.4621706943174301
-0.02881917845012911, 0.40058436786187696
-0.023318070084424943, 0.3011513895667176
-0.005745148209220799, 0.2416946337030069
-0.009407092846397553, 0.16415243209362118
0.010120792601608605, 0.10316334537962762
0.015575032689447137, 0.042124963147951486
0.06658039601533279, -0.1617684671040164
0.06938222036371555, -0.21796723973204568
0.0718419679723628, -0.2521829583323583
0.0905764666361456, -0.3555798443460631
0.17804798818269252, -0.39501497977538924
0.2568904407098688, -0.3742391525484906
0.3525330081608581, -0.35838121699622744
0.43764545540824507, -0.3418151964742363
0.5096799164800132, -0.33927343079322064
0.5763075454908755, -0.32892125514863024
0.5954473660535933, -0.3998137492449228
0.5331744834652111, -0.4562741282669182
0.47481055370118286, -0.5320114953212828
0.4115992329101435, -0.5346945509850796
0.3323017662462084, -0.5488142876165669
0.27561021465569807, -0.5535456524986148
0.22827096511260297, -0.5600516628045289
0.1327142255626255, -0.574276599476078
-0.04458347713143745, -0.6280669361155329
-0.08110254166202856, -0.41440313608615
-0.09735469483096908, -0.3360404665778367
-0.10703712084789954, -0.29480432793618183
-0.12279833969676665, -0.2353983113972954
-0.13944371100026398, -0.09303090435176034
-0.1540112688804865, -0.03288555368754966
-0.1759534369495751, 0.07364088954596468
-0.18535981862698409, 0.15236374060680463
-0.18206633338367526, 0.2239832134784268
-0.20237162587813817, 0.30659862691525575
-0.20682687747570014, 0.3642255052825967
-0.21977964790512683, 0.46570434144588724
-0.2506478216542796, 0.5469163559573362
-0.2425261412725051, 0.6442369489930022
-0.27950205607830236, 0.8022916049095158
-0.311019032357458, 0.868417194085902
-0.07505863290789347, -0.44976451590346744
0.0905764666361456, -0.3555798443460631
0.5763075454908755, -0.32892125514863024
0.5954473660535933, -0.3998137492449228
0.47481055370118286, -0.5320114953212828
-0.04458347713143745, -0.6280669361155329
-0.3144757765543314, 0.9927037684409057
-0.18513586747718738, 1.0074875717980905
-0.14723160819684383, 0.9435095742356621
-0.11130097706958585, 0.8752043314514057
-0.09317542988454026, 0.8027690113059107
-0.06436052244390143, 0.6599209951821156
-0.03203107824915921, 0.4621706943174301
0.06658039601533279, -0.1617684671040164
0.0905764666361456, -0.3555798443460631
-0.07505863290789347, -0.44976451590346744
-0.12279833969676665, -0.2353983113972954
-0.1759534369495751, 0.07364088954596468
-0.311019032357458, 0.868417194085902
