-0.2767400228126095, -0.19163663623642238
-0.21838220743568745, -0.1326597538691262
-0.1486556673753368, -0.0813255239576206
-0.07352273882612186, -0.018316973316493696
-0.06289025049998945, -0.007220818059256229
-0.040862608642525985, 0.015767416350604295
-0.01883496678506253, 0.03875565076046482
-0.009738355917544649, 0.04824895123769829
-6.417450500267666E-4, 0.05774225171493176
0.002550768909997825, 0.061073986439179204
0.016393844318463992, 0.07552073768483619
0.06788376877894883, 0.13728726861721932
0.2009793893873878, 0.2566289176815751
0.2566497313103748, 0.19807778627109462
0.1759180476055894, 0.12131820319223761
0.1259462667070254, 0.07380509691901374
0.08147466188378825, 0.023866118491908256
-2.7328432641801105E-4, -0.08337520325726022
-0.10820264622767392, -0.1488233942810249
-0.11790500690518688, -0.15804838658033013
-0.1290777284816273, -0.1686713961684837
-0.15746821653883247, -0.19566503641814398
-0.19973043167180532, -0.23584789728177374
-0.2767400228126095, -0.19163663623642238
-0.21838220743568745, -0.1326597538691262
0.06788376877894883, 0.13728726861721932
0.2009793893873878, 0.2566289176815751
0.2566497313103748, 0.19807778627109462
-2.7328432641801105E-4, -0.08337520325726022
-0.19973043167180532, -0.23584789728177374
