-0.16465318226473843, 0.07113543735278238
-0.09677552290021625, 0.11032161651536151
-0.03026251543270821, 0.1696363803784488
0.057845914144300535, 0.22302423940093927
0.10425005496308105, 0.14644135991722143
0.13000045605479862, 0.1340431975473979
0.18482939069001517, 0.12370047086459499
0.17763758143459515, 0.05698550420527163
0.09130867478558939, -0.005536137344791792
0.014285008647367599, -0.05014985564938627
-0.1367691953606083, -0.10131014546020806
-0.18132325351931186, -0.03377537871730063
-0.25412339848795307, 0.031713867398227506
-0.25412339848795307, 0.031713867398227506
-0.03026251543270821, 0.1696363803784488
0.057845914144300535, 0.22302423940093927
0.18482939069001517, 0.12370047086459499
0.17763758143459515, 0.05698550420527163
0.09130867478558939, -0.005536137344791792
0.014285008647367599, -0.05014985564938627
-0.1367691953606083, -0.10131014546020806
