-0.13748249903361887, -0.009094219415338653
-0.08340961070218915, 0.05205827262286418
-0.04769694105493479, 0.09244669672332587
0.07025440670465045, 0.13311596976644113
0.10541818085937746, 0.044963678537473274
0.05641177236889024, -0.019661485632845224
-0.00253986499971094, -0.07992081178047872
-0.07011238925828346, -0.17248684483311488
-0.12262434708550365, -0.1322353918156471
-0.15424071099380612, -0.10800082431722238
-0.19637854039286556, -0.07570134567475754
-0.19637854039286556, -0.07570134567475754
-0.04769694105493479, 0.09244669672332587
0.07025440670465045, 0.13311596976644113
0.10541818085937746, 0.044963678537473274
0.05641177236889024, -0.019661485632845224
-0.07011238925828346, -0.17248684483311488
