-0.8681348996919894, 0.5837396459756082
-0.7543749865048863, 0.5370143165967269
-0.6064387679253652, 0.33306291775215074
-0.5867938108028021, 0.30597951299934667
-0.5710148584024026, 0.28422595294986097
-0.5479065024023936, 0.28464632216546026
-0.4576306583609187, 0.29229126727105403
-0.33943084024762354, 0.42194880780563604
-0.3263421242881716, 0.43630628099930574
-0.229822292142402, 0.5421822818983592
-0.15737916488816775, 0.5999538764878767
-0.07287355721104607, 0.6840678916975729
-0.02533593181183598, 0.7208456847499585
0.07008149668471836, 0.8078225997546598
0.20681474113383908, 0.9264847483221695
0.24100727574263686, 0.9718020024502912
0.3061009908829359, 1.0178863963785623
0.39839149347265207, 1.050854073944501
0.4653843475130643, 1.0779988133849283
0.5060416556343269, 1.1527885457395153
0.556930140699063, 1.2156872777748748
0.5842791987500043, 1.1654655400554288
0.6148421064204813, 1.112560404252259
0.5898346881732283, 1.044168740966886
0.5676531139947779, 0.98033062436721
0.5459442521542384, 0.8957290560857843
0.5792108026950775, 0.8547386184902465
0.591059984301306, 0.797174388283094
0.7412434547162524, 0.7904425368066682
0.7950856693885898, 0.8064734371770778
0.8471061279993027, 0.8722100939840519
0.8944855491353737, 0.8268731630348969
0.8943859592009831, 0.769831514196319
0.8320076758390733, 0.6692711300842086
0.815744086271924, 0.6235799128048716
0.8409179475900451, 0.5540410896378061
0.8287993589129193, 0.4839411368364004
0.7817117686094144, 0.4148572828966966
0.7292046833066042, 0.35249590142546333
0.6373990731809126, 0.23159400562205165
0.6053847687618031, 0.18632840907010326
0.5191934372289945, 0.053370954976364925
0.4656997697384088, 0.032224488807947545
0.38677748207263496, -0.07475847599577237
0.3155593137131958, -0.18769998865132562
0.2730149996245109, -0.2356256488672672
0.24031505401985978, -0.32031995825038306
0.23512878497610903, -0.350267396733678
0.25495248659952274, -0.41899668035025994
0.2843151394236863, -0.43983851015040626
0.3205654819385541, -0.4655692734236121
0.3568158244534219, -0.49130003669681793
0.4490353875273169, -0.556758169834171
0.5050515662289708, -0.5965188709379109
0.5151801941666242, -0.6037082465317897
0.5322004968506007, -0.6157893842209049
0.5771832077787935, -0.6173544684725143
0.6406661708761499, -0.6050370550525939
0.714299511122783, -0.5733630699779333
0.7530846894819282, -0.503690444228851
0.796588640218964, -0.4564449028994654
0.8410452205094691, -0.39248635320963887
0.8825688212872458, -0.3387175937380394
0.9068392951504187, -0.2572444847459193
0.9734559320832157, -0.22335345625038563
0.9723108096738984, -0.3419940617094977
0.9886125128100531, -0.3855468111845317
1.0163774602894435, -0.4597255513847168
1.0770953602889217, -0.6219436622925567
0.9868673478745911, -0.6557158188308448
0.8943282538681443, -0.6707792129581455
0.8406666388941605, -0.69084867362822
0.6623616783976688, -0.7712982345508633
0.5165244658480036, -0.8562394263947425
0.48868860189934393, -0.9326124878827871
0.5046566551622067, -1.0281958359569492
0.3721566855367419, -0.9105025955464986
0.30452432249695865, -0.843157081229853
0.2636929700971443, -0.8006173943681603
0.1910746313025349, -0.7345104886604509
0.1486151995617088, -0.6938773588098739
0.07276644360446462, -0.6255534508315529
0.0011571907398596182, -0.5556027016030926
-0.06528276440532274, -0.49983417193676327
-0.12940572951964605, -0.41427803800933677
-0.1702458641099377, -0.34175903992159473
-0.22728384600468723, -0.29710697352585347
-0.25447537469349685, -0.2547785541200851
-0.30906530943858107, -0.1919401030106099
-0.33008735488492263, -0.1680974107976697
-0.3618678599210681, -0.13797715744951353
-0.3710270355780849, -0.13121931465387113
-0.4167038281774586, -0.11129936502227254
-0.4949747975040856, -0.1303341205135355
-0.5522350014685563, -0.09011270006228018
-0.7119973083303055, 0.038237734090551145
-0.760266562447241, 0.08327072630027198
-0.8322577134883422, 0.1450217386241317
-0.8963734120785385, 0.19666167744891036
-0.8994846534484846, 0.29853937282142956
-0.8982578930515254, 0.3621988593875165
-0.9117369663541877, 0.4269880542554856
-0.912478079091993, 0.4991537269134376
0.5771832077787935, -0.6173544684725143
0.9068392951504187, -0.2572444847459193
0.9734559320832157, -0.22335345625038563
1.0770953602889217, -0.6219436622925567
0.6063742135699873, -0.8039074836419413
-0.1389047470397871, -0.3974108253938746
0.23512878497610903, -0.350267396733678
0.5771832077787935, -0.6173544684725143
0.6063742135699873, -0.8039074836419413
0.5046566551622067, -1.0281958359569492
0.3721566855367419, -0.9105025955464986
-0.06528276440532274, -0.49983417193676327
-0.12940572951964605, -0.41427803800933677
-0.32777838935116343, -5.303522267396665E-4
0.591059984301306, 0.797174388283094
0.8471061279993027, 0.8722100939840519
0.8944855491353737, 0.8268731630348969
0.8943859592009831, 0.769831514196319
0.8287993589129193, 0.4839411368364004
0.7817117686094144, 0.4148572828966966
0.23512878497610903, -0.350267396733678
-0.1389047470397871, -0.3974108253938746
-0.1797642927492124, -0.33430755770807086
-0.4576306583609187, 0.29229126727105403
-0.229822292142402, 0.5421822818983592
0.24100727574263686, 0.9718020024502912
0.556930140699063, 1.2156872777748748
0.6148421064204813, 1.112560404252259
0.591059984301306, 0.797174388283094
-0.32777838935116343, -5.303522267396665E-4
-0.912478079091993, 0.4991537269134376
-0.8681348996919894, 0.5837396459756082
-0.7543749865048863, 0.5370143165967269
-0.4576306583609187, 0.29229126727105403
-0.1797642927492124, -0.33430755770807086
-0.4949747975040856, -0.1303341205135355
-0.5522350014685563, -0.09011270006228018
-0.7119973083303055, 0.038237734090551145
-0.8963734120785385, 0.19666167744891036
-0.9117369663541877, 0.4269880542554856
