-0.028743155780096813, 0.1038578621432405
0.05637053080059096, 0.11778708466130522
0.13138954294323948, -0.0038521375506188667
0.0404121927571664, -0.07471866020661229
0.006581262503963754, -0.14205548287496367
-0.038017266807814684, -0.10655578015640085
-0.06708990261295403, -0.0648512982798064
-0.11447336537517289, 0.008421856392075086
-0.11447336537517289, 0.008421856392075086
-0.028743155780096813, 0.1038578621432405
0.05637053080059096, 0.11778708466130522
0.13138954294323948, -0.0038521375506188667
0.006581262503963754, -0.14205548287496367
-0.038017266807814684, -0.10655578015640085
-0.06708990261295403, -0.0648512982798064
