-0.7325319826983647, -0.12042162575100293
-0.6434587421622705, -0.11450796233248343
-0.5707325565515944, -0.10066850292252578
-0.47132006740260884, -0.05159526390304033
-0.41925243474536605, -0.022446163747426025
-0.34142851357233406, 0.011320569402635774
-0.2549914163365599, 0.04578504258433298
-0.19953857258926816, 0.09181284604836394
-0.20177965069543474, 0.15070335196366424
-0.2583441603426511, 0.2302119639162565
-0.3221426544442836, 0.2802127550627161
-0.34795058841623194, 0.28286490628668653
-0.4062716165357051, 0.27398195542468945
-0.4158447808536733, 0.3375648422947813
-0.33501735190835796, 0.3911835189625835
-0.2716179254186212, 0.42424155903329996
-0.25363373921376436, 0.37619063055285623
-0.2020736930815617, 0.31781111294543407
-0.10545197449533548, 0.3028239864400015
-0.05395113781178636, 0.3396680142420203
0.0012927112292291472, 0.3521159168803148
0.05023411327386886, 0.37330665200677776
0.11551610003881546, 0.38820422064958515
0.18808353212866175, 0.40700096956253934
0.2458023814096975, 0.42076324973120816
0.34221889745889245, 0.4438964247524404
0.5076766062351095, 0.506783263252861
0.5798616000030946, 0.4686993844354201
0.6469732091603612, 0.41606867610974696
0.7355508967811716, 0.409620343513613
0.7631673613588882, 0.3250406633027244
0.8014253905492211, 0.2690732349770815
0.8713524727108907, 0.18904441779308206
0.8068191967025098, 0.142189587141018
0.6729789314142256, 0.04501393835332168
0.6515834305981949, 0.017946537829507326
0.6573477700455481, -0.05470881815200567
0.6473355480986772, -0.10513698972562587
0.5562810726751207, -0.1043327602818511
0.5007310556093619, -0.1437508152067701
0.37714487455287604, -0.1779650958371365
0.31367196684607734, -0.18957689150226695
0.23796506679561547, -0.21388882653366023
0.1441885139274399, -0.23020668875894768
0.059500888444763166, -0.25063743188562515
0.004870957029233451, -0.2646381672303311
-0.17728844323273418, -0.3113225669272559
-0.24022119652066987, -0.32745117628969767
-0.30244434230996664, -0.34339792514948764
-0.40061678464749584, -0.331682423113776
-0.47245731856217243, -0.2961145001301891
-0.5612009094120184, -0.2875955298774615
-0.6018842419370024, -0.2532715847355421
-0.6538536444684567, -0.20473748944179526
-0.10545197449533548, 0.3028239864400015
-0.05395113781178636, 0.3396680142420203
0.05023411327386886, 0.37330665200677776
0.5076766062351095, 0.506783263252861
0.7355508967811716, 0.409620343513613
0.8713524727108907, 0.18904441779308206
0.6473355480986772, -0.10513698972562587
0.37714487455287604, -0.1779650958371365
0.2411033739384792, -0.21288101457312553
-0.0739002100810618, 0.004936782576778369
-0.4158447808536733, 0.3375648422947813
-0.33501735190835796, 0.3911835189625835
-0.2716179254186212, 0.42424155903329996
-0.10545197449533548, 0.3028239864400015
-0.0739002100810618, 0.004936782576778369
-0.19953857258926816, 0.09181284604836394
-0.4062716165357051, 0.27398195542468945
-0.7325319826983647, -0.12042162575100293
-0.19953857258926816, 0.09181284604836394
0.2411033739384792, -0.21288101457312553
0.23796506679561547, -0.21388882653366023
-0.30244434230996664, -0.34339792514948764
-0.40061678464749584, -0.331682423113776
-0.5612009094120184, -0.2875955298774615
-0.6018842419370024, -0.2532715847355421
-0.6538536444684567, -0.20473748944179526
