-0.1343790473305995, 0.003160644573148905
-0.09975390423903001, 0.04246160154458542
-0.06555048715532608, 0.08128388220716083
-0.010080314233062618, 0.14424480264150302
0.037997687443292134, 0.19881530564731237
0.13117752290909973, 0.21702908613293864
0.19263116885129986, 0.16364785982849053
0.1313300096836328, 0.09307661236686458
0.05886773201148218, 0.003511454040448514
0.030365766288258864, -0.043386958936259754
-0.06681584116344247, -0.1350148564627169
-0.14241763775997857, -0.09971313424859345
-0.2009386061557369, -0.07238718350388305
-0.2009386061557369, -0.07238718350388305
0.037997687443292134, 0.19881530564731237
0.13117752290909973, 0.21702908613293864
0.19263116885129986, 0.16364785982849053
0.030365766288258864, -0.043386958936259754
-0.06681584116344247, -0.1350148564627169
