-0.24169623750110658, -0.24044122843943977
-0.17968775525502986, -0.12877522781121312
-0.15123578279115193, -0.04511763301946569
-0.10632366382786514, 0.02809927804145611
-0.0627910039060198, 0.08112787225511145
7.913035459965658E-4, 0.1478693872150209
0.07145996903186279, 0.20558718286304933
0.10744513754535223, 0.2670889804496358
0.13863628720234253, 0.31157505610116343
0.2743287114646004, 0.28566102532819504
0.2766292288559923, 0.22499835301458893
0.16624634647926737, 0.09519190670394014
0.12192231908791965, 0.020815971859997
0.09956483430749996, -0.024197742613805688
0.044477104077944786, -0.015687581967205745
0.0026148115069024513, -0.09268194825156803
-0.0033978036402029657, -0.1433679297946598
-0.036247255948780185, -0.24806880034296094
-0.061664392679927696, -0.31609353107699406
-0.14241861234086006, -0.3108741961212785
-0.24169623750110658, -0.24044122843943977
-0.15123578279115193, -0.04511763301946569
-0.10632366382786514, 0.02809927804145611
-0.0627910039060198, 0.08112787225511145
0.13863628720234253, 0.31157505610116343
0.2743287114646004, 0.28566102532819504
0.2766292288559923, 0.22499835301458893
-0.061664392679927696, -0.31609353107699406
-0.14241861234086006, -0.3108741961212785
