-0.047080863267183304, 0.17589949071407318
0.13307641446590424, -0.022124378010630608
0.15630269050598145, -0.07854513823986053
0.09494774788618088, -0.14062900841236115
0.0029996943194419146, -0.10444745421409607
-0.12081382423639297, 0.08418402075767517
-0.12081382423639297, 0.08418402075767517
-0.047080863267183304, 0.17589949071407318
0.13307641446590424, -0.022124378010630608
0.15630269050598145, -0.07854513823986053
0.09494774788618088, -0.14062900841236115
0.0029996943194419146, -0.10444745421409607
