-0.11464272439479828, 0.019456053152680397
-0.041022978723049164, 0.09484664350748062
0.02890157327055931, 0.1590489149093628
0.13925328850746155, 0.06238941103219986
0.1416732370853424, 0.006630806252360344
0.09276548773050308, -0.04566986858844757
-0.01691581681370735, -0.158363938331604
-0.11420582979917526, -0.10100856423377991
-0.1587536782026291, -0.05435280501842499
-0.1587536782026291, -0.05435280501842499
-0.11464272439479828, 0.019456053152680397
-0.041022978723049164, 0.09484664350748062
0.02890157327055931, 0.1590489149093628
0.13925328850746155, 0.06238941103219986
0.1416732370853424, 0.006630806252360344
0.09276548773050308, -0.04566986858844757
-0.01691581681370735, -0.158363938331604
-0.11420582979917526, -0.10100856423377991
