-0.1940179467201233, -0.023577922955155373
-0.06130281090736389, 0.04909554868936539
0.03277336806058884, 0.07760468870401382
0.13765761256217957, 0.1044575497508049
0.15091358125209808, 0.016824575141072273
0.10886500030755997, -0.03755398467183113
0.002382316393777728, -0.08045464754104614
-0.06223353371024132, -0.08361698687076569
-0.1940179467201233, -0.023577922955155373
-0.06130281090736389, 0.04909554868936539
0.03277336806058884, 0.07760468870401382
0.13765761256217957, 0.1044575497508049
0.15091358125209808, 0.016824575141072273
0.10886500030755997, -0.03755398467183113
0.002382316393777728, -0.08045464754104614
-0.06223353371024132, -0.08361698687076569
