-0.21454253792762756, 0.02871093899011612
-0.1705993115901947, 0.11372903734445572
-0.13687793910503387, 0.1702674776315689
-0.07825477421283722, 0.21250033378601074
-0.0017297829035669565, 0.20718777179718018
0.17602276802062988, 0.17263315618038177
0.20098285377025604, 0.052087537944316864
0.20028865337371826, -0.10823317617177963
0.1530454307794571, -0.18264901638031006
-0.09884974360466003, -0.20923057198524475
-0.17960181832313538, -0.18549004197120667
-0.1984071284532547, -0.12947428226470947
-0.21976351737976074, -0.022743724286556244
-0.21976351737976074, -0.022743724286556244
-0.21454253792762756, 0.02871093899011612
-0.1705993115901947, 0.11372903734445572
-0.13687793910503387, 0.1702674776315689
-0.07825477421283722, 0.21250033378601074
-0.0017297829035669565, 0.20718777179718018
0.17602276802062988, 0.17263315618038177
0.20098285377025604, 0.052087537944316864
0.20028865337371826, -0.10823317617177963
0.1530454307794571, -0.18264901638031006
-0.09884974360466003, -0.20923057198524475
-0.17960181832313538, -0.18549004197120667
-0.1984071284532547, -0.12947428226470947
