-0.028229456394910812, 0.05956822633743286
0.053605444729328156, 0.07183541357517242
0.08150685578584671, 0.02899910882115364
0.0987858697772026, -0.041881948709487915
0.0033684726804494858, -0.06689037382602692
-0.05884722247719765, -0.07424777001142502
-0.08389733731746674, 0.035100337117910385
-0.08389733731746674, 0.035100337117910385
-0.028229456394910812, 0.05956822633743286
0.053605444729328156, 0.07183541357517242
0.08150685578584671, 0.02899910882115364
0.0987858697772026, -0.041881948709487915
0.0033684726804494858, -0.06689037382602692
-0.05884722247719765, -0.07424777001142502
