-0.2030881941318512, 0.0763607919216156
-0.19091862440109253, 0.1583710014820099
-0.06692557036876678, 0.1669163703918457
0.049904242157936096, 0.14815598726272583
0.22798360884189606, 0.10383445024490356
0.23267127573490143, 0.05048813670873642
0.22672873735427856, -0.002121134428307414
0.21021714806556702, -0.06737682223320007
0.18811170756816864, -0.13686510920524597
0.030731216073036194, -0.1591787040233612
-0.048110779374837875, -0.16791386902332306
-0.20056132972240448, -0.1695670336484909
-0.20634230971336365, 0.013533862307667732
-0.20634230971336365, 0.013533862307667732
-0.2030881941318512, 0.0763607919216156
-0.19091862440109253, 0.1583710014820099
-0.06692557036876678, 0.1669163703918457
0.049904242157936096, 0.14815598726272583
0.22798360884189606, 0.10383445024490356
0.23267127573490143, 0.05048813670873642
0.22672873735427856, -0.002121134428307414
0.21021714806556702, -0.06737682223320007
0.18811170756816864, -0.13686510920524597
0.030731216073036194, -0.1591787040233612
-0.048110779374837875, -0.16791386902332306
-0.20056132972240448, -0.1695670336484909
