-0.2321920245885849, 0.1371667981147766
-0.19828107953071594, 0.17571911215782166
-0.06205398216843605, 0.17555305361747742
0.0867181345820427, 0.172779381275177
0.2747263014316559, -0.04437661170959473
0.2622179388999939, -0.09915578365325928
0.23495879769325256, -0.17968669533729553
0.01889904960989952, -0.21816061437129974
-0.032639794051647186, -0.20461490750312805
-0.19618074595928192, -0.04167776554822922
-0.22253404557704926, 0.03387851268053055
-0.2321920245885849, 0.1371667981147766
-0.19828107953071594, 0.17571911215782166
-0.06205398216843605, 0.17555305361747742
0.0867181345820427, 0.172779381275177
0.2747263014316559, -0.04437661170959473
0.2622179388999939, -0.09915578365325928
0.23495879769325256, -0.17968669533729553
0.01889904960989952, -0.21816061437129974
-0.032639794051647186, -0.20461490750312805
-0.19618074595928192, -0.04167776554822922
-0.22253404557704926, 0.03387851268053055
