0.08105378597974777, 0.07673373818397522
0.1373966783285141, 0.0314943753182888
0.1134820207953453, -0.017650442197918892
0.026460371911525726, -0.04528626799583435
-0.08922790735960007, -0.07943081110715866
-0.13604916632175446, 0.004850113298743963
-0.13604916632175446, 0.004850113298743963
0.08105378597974777, 0.07673373818397522
0.1373966783285141, 0.0314943753182888
0.1134820207953453, -0.017650442197918892
0.026460371911525726, -0.04528626799583435
-0.08922790735960007, -0.07943081110715866
