-0.21528063714504242, -0.07321276515722275
-0.19214783608913422, 0.1077980250120163
-0.1302376687526703, 0.14235347509384155
0.09056798368692398, 0.1870148926973343
0.18950390815734863, 0.18864044547080994
0.2305547446012497, 0.10495215654373169
0.2512738108634949, 0.026589691638946533
0.25051775574684143, -0.049880221486091614
0.19015665352344513, -0.09277544170618057
0.06898662447929382, -0.17128337919712067
-0.051526863127946854, -0.19314400851726532
-0.19161778688430786, -0.15360616147518158
-0.21528063714504242, -0.07321276515722275
-0.19214783608913422, 0.1077980250120163
-0.1302376687526703, 0.14235347509384155
0.09056798368692398, 0.1870148926973343
0.18950390815734863, 0.18864044547080994
0.2305547446012497, 0.10495215654373169
0.2512738108634949, 0.026589691638946533
0.25051775574684143, -0.049880221486091614
0.19015665352344513, -0.09277544170618057
0.06898662447929382, -0.17128337919712067
-0.051526863127946854, -0.19314400851726532
-0.19161778688430786, -0.15360616147518158
