0.07158767431974411, 0.12407534569501877
0.1560586839914322, 0.1432497650384903
0.1544392853975296, 0.043834757059812546
0.14384162425994873, -0.10422701388597488
-0.0028876732103526592, -0.08902832120656967
-0.07695099711418152, -0.07941222190856934
-0.27753955125808716, -0.04469583183526993
-0.27753955125808716, -0.04469583183526993
0.07158767431974411, 0.12407534569501877
0.1560586839914322, 0.1432497650384903
0.1544392853975296, 0.043834757059812546
0.14384162425994873, -0.10422701388597488
-0.0028876732103526592, -0.08902832120656967
-0.07695099711418152, -0.07941222190856934
