-0.11714794486761093, 0.17005345225334167
-0.03432564437389374, 0.1888570934534073
0.10270383954048157, 0.18824712932109833
0.1634983867406845, 0.13360190391540527
0.16235212981700897, 0.012798118405044079
-0.039173539727926254, -0.24654996395111084
-0.09576176851987839, -0.30445754528045654
-0.11707893759012222, -0.029381688684225082
-0.11714794486761093, 0.17005345225334167
-0.03432564437389374, 0.1888570934534073
0.10270383954048157, 0.18824712932109833
0.1634983867406845, 0.13360190391540527
0.16235212981700897, 0.012798118405044079
-0.039173539727926254, -0.24654996395111084
-0.09576176851987839, -0.30445754528045654
-0.11707893759012222, -0.029381688684225082
