-0.05098508298397064, 0.3657676875591278
0.05399904400110245, 0.27690550684928894
0.05712201073765755, 0.2140170931816101
0.07187114655971527, -0.3416745960712433
-0.044662460684776306, -0.3456118404865265
-0.05431905761361122, -0.2764328718185425
-0.05468739569187164, 0.032153721898794174
-0.054639916867017746, 0.2177044153213501
-0.05468739569187164, 0.032153721898794174
-0.054639916867017746, 0.2177044153213501
-0.05098508298397064, 0.3657676875591278
0.05399904400110245, 0.27690550684928894
0.05712201073765755, 0.2140170931816101
0.07187114655971527, -0.3416745960712433
-0.044662460684776306, -0.3456118404865265
-0.05431905761361122, -0.2764328718185425
