-0.07409300655126572, 0.09792518615722656
0.19564968347549438, -0.026048991829156876
0.14250846207141876, -0.08049939572811127
-0.09379006177186966, -0.08087293803691864
-0.13705410063266754, 0.02500941976904869
-0.13961149752140045, 0.07820265740156174
-0.13961149752140045, 0.07820265740156174
-0.07409300655126572, 0.09792518615722656
0.19564968347549438, -0.026048991829156876
0.14250846207141876, -0.08049939572811127
-0.09379006177186966, -0.08087293803691864
-0.13705410063266754, 0.02500941976904869
