-0.11623325198888779, 0.22622337937355042
0.005545894615352154, 0.22999171912670135
0.16445381939411163, 0.23026013374328613
0.1543041169643402, 0.15002332627773285
0.10121967643499374, -0.2665765881538391
-0.03483688086271286, -0.2668745219707489
-0.0948452576994896, -0.2660357356071472
-0.11812645941972733, -0.17273582518100739
-0.11991208791732788, 0.008940459229052067
-0.11991208791732788, 0.008940459229052067
-0.11623325198888779, 0.22622337937355042
0.005545894615352154, 0.22999171912670135
0.16445381939411163, 0.23026013374328613
0.1543041169643402, 0.15002332627773285
0.10121967643499374, -0.2665765881538391
-0.03483688086271286, -0.2668745219707489
-0.0948452576994896, -0.2660357356071472
-0.11812645941972733, -0.17273582518100739
