-0.1446131318807602, 0.18843990564346313
0.044248633086681366, 0.19963432848453522
0.14472812414169312, 0.11903142184019089
0.15181954205036163, 0.049746397882699966
0.15427757799625397, -0.012607754208147526
0.15203626453876495, -0.18213985860347748
0.05148439481854439, -0.18981227278709412
-0.1455303430557251, -0.19045871496200562
-0.1508004367351532, 0.0034534898586571217
-0.1508004367351532, 0.0034534898586571217
-0.1446131318807602, 0.18843990564346313
0.044248633086681366, 0.19963432848453522
0.14472812414169312, 0.11903142184019089
0.15181954205036163, 0.049746397882699966
0.15427757799625397, -0.012607754208147526
0.15203626453876495, -0.18213985860347748
0.05148439481854439, -0.18981227278709412
-0.1455303430557251, -0.19045871496200562
