0.08846236020326614, 0.06105658411979675
0.1677834689617157, 0.051370710134506226
0.15237584710121155, -0.012129079550504684
0.08714316040277481, -0.0363255999982357
-0.0684359073638916, -0.05247430130839348
-0.1576063483953476, -0.05216161906719208
-0.1686944216489792, 0.009501015767455101
-0.1686944216489792, 0.009501015767455101
0.08846236020326614, 0.06105658411979675
0.1677834689617157, 0.051370710134506226
0.15237584710121155, -0.012129079550504684
0.08714316040277481, -0.0363255999982357
-0.0684359073638916, -0.05247430130839348
-0.1576063483953476, -0.05216161906719208
