-0.13819928467273712, 0.050534654408693314
-0.03897641599178314, 0.07070613652467728
0.12324187159538269, 0.032878391444683075
0.17955568432807922, -0.0478130541741848
0.05982905626296997, -0.07139038294553757
-0.09486226737499237, -0.07949850708246231
-0.13692307472229004, -0.051052555441856384
-0.13819928467273712, 0.050534654408693314
-0.03897641599178314, 0.07070613652467728
0.12324187159538269, 0.032878391444683075
0.17955568432807922, -0.0478130541741848
0.05982905626296997, -0.07139038294553757
-0.09486226737499237, -0.07949850708246231
-0.13692307472229004, -0.051052555441856384
