-0.319950670003891, -0.06942173093557358
-0.27636146545410156, 0.11237002164125443
-0.051745567470788956, 0.1989481896162033
0.08317680656909943, 0.2509540021419525
0.14469115436077118, 0.2727470397949219
0.2035457044839859, 0.290009468793869
0.25528252124786377, 0.29107028245925903
0.4153378903865814, 0.03296155482530594
0.3851887285709381, -0.09159921109676361
0.2415340393781662, -0.06671439111232758
0.04210313409566879, -0.009086690843105316
-4.1778161539696157E-4, -0.06739223748445511
-0.016323799267411232, -0.16679264605045319
-0.09370724111795425, -0.3076387643814087
-0.15908843278884888, -0.3071635663509369
-0.29908615350723267, -0.24802158772945404
-0.33428359031677246, -0.1685030311346054
-0.33428359031677246, -0.1685030311346054
-0.319950670003891, -0.06942173093557358
-0.27636146545410156, 0.11237002164125443
-0.051745567470788956, 0.1989481896162033
0.04210313409566879, -0.009086690843105316
-0.016323799267411232, -0.16679264605045319
-0.09370724111795425, -0.3076387643814087
-0.15908843278884888, -0.3071635663509369
-0.29908615350723267, -0.24802158772945404
-0.051745567470788956, 0.1989481896162033
0.08317680656909943, 0.2509540021419525
0.14469115436077118, 0.2727470397949219
0.2035457044839859, 0.290009468793869
0.25528252124786377, 0.29107028245925903
0.4153378903865814, 0.03296155482530594
0.3851887285709381, -0.09159921109676361
0.2415340393781662, -0.06671439111232758
0.04210313409566879, -0.009086690843105316
