-0.11128611862659454, 0.18767149746418
-0.046021126210689545, 0.20019516348838806
0.020293403416872025, 0.2591496407985687
0.09156893938779831, 0.22042475640773773
0.022027861326932907, 0.11334124952554703
0.03842657804489136, 0.03172709420323372
0.060360293835401535, -0.02516644448041916
0.051274094730615616, -0.0754353255033493
0.061611760407686234, -0.17322279512882233
0.1307278424501419, -0.1881939023733139
0.12804394960403442, -0.24842669069766998
0.09063972532749176, -0.33603906631469727
0.016297651454806328, -0.27781984210014343
-0.006213850807398558, -0.2843203842639923
-0.09833528846502304, -0.32014283537864685
-0.10984164476394653, -0.2645242512226105
-0.07348369807004929, -0.22826127707958221
-0.020095033571124077, -0.21872615814208984
-5.41544402949512E-4, -0.15679852664470673
0.014483622275292873, -0.10905667394399643
-0.018362771719694138, -0.01699814759194851
-0.013269727118313313, 0.08176159858703613
-0.07714585959911346, 0.12395812571048737
-0.15306904911994934, 0.1255543828010559
-0.15306904911994934, 0.1255543828010559
-0.11128611862659454, 0.18767149746418
0.020293403416872025, 0.2591496407985687
0.09156893938779831, 0.22042475640773773
0.12200210243463516, -0.09714177995920181
0.014483622275292873, -0.10905667394399643
-0.10984164476394653, -0.2645242512226105
0.014483622275292873, -0.10905667394399643
0.12200210243463516, -0.09714177995920181
0.1307278424501419, -0.1881939023733139
0.12804394960403442, -0.24842669069766998
0.09063972532749176, -0.33603906631469727
-0.09833528846502304, -0.32014283537864685
