-0.20193937420845032, 0.06135769560933113
-0.13643547892570496, 0.11911219358444214
-0.0764661580324173, 0.12613029778003693
0.01920289918780327, 0.1406671702861786
0.07988344132900238, 0.11313337087631226
0.1185334175825119, 0.03892385587096214
0.1574455201625824, -0.020466938614845276
0.16221269965171814, -0.0992840975522995
0.1692987084388733, -0.19057878851890564
0.11948142200708389, -0.22490020096302032
0.09691077470779419, -0.16165964305400848
0.06506431102752686, -0.13916011154651642
-0.012688558548688889, -0.1211383119225502
-0.14112553000450134, -0.02688160352408886
-0.18220925331115723, 0.004435940645635128
-0.20193937420845032, 0.06135769560933113
-0.13643547892570496, 0.11911219358444214
0.01920289918780327, 0.1406671702861786
0.07988344132900238, 0.11313337087631226
0.1574455201625824, -0.020466938614845276
0.1692987084388733, -0.19057878851890564
0.11948142200708389, -0.22490020096302032
-0.14112553000450134, -0.02688160352408886
-0.18220925331115723, 0.004435940645635128
