-0.0705784410238266, -0.02396600879728794
-0.014829848892986774, 0.08284362405538559
0.024977432563900948, 0.12334366887807846
0.09705756604671478, 0.12407024204730988
0.0859212651848793, 0.02298565022647381
0.06556220352649689, -0.03436118736863136
-0.0346493124961853, -0.11156219244003296
-0.09971390664577484, -0.07149554044008255
-0.09971390664577484, -0.07149554044008255
-0.014829848892986774, 0.08284362405538559
0.024977432563900948, 0.12334366887807846
0.09705756604671478, 0.12407024204730988
0.0859212651848793, 0.02298565022647381
0.06556220352649689, -0.03436118736863136
-0.0346493124961853, -0.11156219244003296
