-0.07981743663549423, 0.14854900538921356
-0.02348087541759014, 0.12996424734592438
0.00441600801423192, 0.08101791143417358
0.049432121217250824, 0.038040176033973694
0.10235138237476349, 0.004997778683900833
0.16361898183822632, -0.06744871288537979
0.11762683838605881, -0.13212712109088898
0.05631791800260544, -0.1567457616329193
0.024825850501656532, -0.10278011113405228
-0.03899690508842468, -0.040064193308353424
-0.088272325694561, 0.010312743484973907
-0.15166349709033966, 0.05110141634941101
-0.1689014732837677, 0.12880444526672363
-0.1689014732837677, 0.12880444526672363
-0.07981743663549423, 0.14854900538921356
-0.02348087541759014, 0.12996424734592438
0.10235138237476349, 0.004997778683900833
0.16361898183822632, -0.06744871288537979
0.11762683838605881, -0.13212712109088898
0.05631791800260544, -0.1567457616329193
-0.15166349709033966, 0.05110141634941101
