-0.3229354363091187, -0.32018179395493185
-0.29229955156271215, -0.2814167385589626
-0.23049555474776207, -0.20168926892468808
-0.1685845122519791, -0.1255707685672548
-0.06905699069312618, -0.0108021508088792
-0.016517709821761876, 0.06650990158003797
0.04679624209390981, 0.11398683241731379
0.09803523635387516, 0.17050393475306608
0.1400586208754752, 0.2145270112554334
0.19635601300866942, 0.24959101383673885
0.21407567776179023, 0.2703096775200049
0.2356540476444746, 0.34294152715329285
0.30720696541706294, 0.4066435785887203
0.34644430216704386, 0.4666122331097259
0.4332394034698939, 0.44932461302138854
0.3954303483342205, 0.4075048776843091
0.35999547882340194, 0.3443155166299144
0.33607998219254687, 0.29628382136498005
0.28961212744159376, 0.2739360359116091
0.24890903555229155, 0.20467731250923754
0.20387972123951664, 0.15150543468991837
0.12962151242466893, 0.0879515312179389
0.11156230140234166, 0.06969735869387132
0.021963899718836867, -0.041489595368276615
-0.013047947142479824, -0.0773322869444575
-0.08126423607632378, -0.12346395196480094
-0.10376970229367648, -0.17702439190718797
-0.14062506632991903, -0.23809958472480894
-0.1898742421783223, -0.2881712247264954
-0.22936613758058708, -0.32853591709675345
-0.2578820917593441, -0.37590169046039007
-0.30883032463296806, -0.4090397744586551
-0.36805082927068383, -0.3498431771075936
-0.36805082927068383, -0.3498431771075936
-0.016517709821761876, 0.06650990158003797
0.34644430216704386, 0.4666122331097259
0.4332394034698939, 0.44932461302138854
0.33607998219254687, 0.29628382136498005
-0.2578820917593441, -0.37590169046039007
-0.30883032463296806, -0.4090397744586551
