-0.43162538109428633, 0.0691961605344506
-0.3460619376699638, 0.1258615358652849
-0.3426507947688334, 0.20480585501064585
-0.3676641667283201, 0.28500760276576603
-0.3677689789470676, 0.3753476794372642
-0.3231477548210816, 0.44385236542906437
-0.2836021306052945, 0.49121921091995097
-0.25771524874374063, 0.5268910589146293
-0.2283222597408513, 0.5780214615656497
-0.14723490641478476, 0.5951106609643071
-0.06953116331494055, 0.5655261154398538
-0.0022052827772622574, 0.5215725376086127
-0.012406762258781207, 0.42820571823947895
0.0873140408333116, 0.4300414445026427
0.16962486421905065, 0.4158083273327847
0.2946007169836689, 0.34430129267406334
0.343760486554846, 0.31161190307044456
0.46646030154230567, 0.23275772145949555
0.4656749077951908, 0.1451390102928311
0.4143165823468283, 0.08219304574936381
0.3965892663124408, 0.05531701660079589
0.3157854872326462, -0.07962065789888885
0.27606995103550697, -0.14027682783079137
0.2366899823639626, -0.21948333890225274
0.19345591289925776, -0.28084394643125116
0.16891609974478478, -0.32490455449684047
0.1207895754155768, -0.4050216588460396
0.0784512996479494, -0.4832538470989108
0.025964760771732986, -0.5565665214036467
-0.011159950589833871, -0.5072345861669565
-0.07581830636484513, -0.4594505267799484
-0.20164608234295847, -0.40610116790702155
-0.24814138609359232, -0.3610701810305221
-0.34324787572011334, -0.31124020832927907
-0.38208622201816694, -0.2552718105844631
-0.4669352750010704, -0.18918298815048415
-0.4149984329922994, -0.12059669012116696
-0.4137465862517286, -0.025287271083784923
-0.4835046637039486, -0.02320967808190854
-0.4835046637039486, -0.02320967808190854
-0.3677689789470676, 0.3753476794372642
-0.3231477548210816, 0.44385236542906437
-0.2283222597408513, 0.5780214615656497
-0.14723490641478476, 0.5951106609643071
-0.06953116331494055, 0.5655261154398538
0.2946007169836689, 0.34430129267406334
0.46646030154230567, 0.23275772145949555
0.4656749077951908, 0.1451390102928311
0.0784512996479494, -0.4832538470989108
0.025964760771732986, -0.5565665214036467
-0.20164608234295847, -0.40610116790702155
-0.34324787572011334, -0.31124020832927907
-0.4669352750010704, -0.18918298815048415
