0.1461587810233228, 0.12788411459746035
0.09162436416917595, 0.2644553160023363
0.06486079234352427, 0.31043294038765745
0.11038456026553624, 0.37013209508886286
0.23173771200861568, 0.35829640975011035
0.3037171162656282, 0.29004726056849356
0.40125221236980607, 0.18628578592873296
0.3748938767437643, 0.11659489315866028
0.2886545065229889, 0.06172262300507554
0.2494853990084283, 0.002435014890843492
0.20588729610714757, 0.034919283481024674
0.15661349220849377, 0.06041459034529929
0.06486079234352427, 0.31043294038765745
0.11038456026553624, 0.37013209508886286
0.23173771200861568, 0.35829640975011035
0.3037171162656282, 0.29004726056849356
0.40125221236980607, 0.18628578592873296
0.3748938767437643, 0.11659489315866028
0.2494853990084283, 0.002435014890843492
0.15661349220849377, 0.06041459034529929
