-0.029378672871340376, 0.30147737133409813
-0.015153180763093375, 0.2892960891091709
0.07587982939367012, 0.2980181407822278
0.1522290413425269, 0.36107015006807136
0.2307524390422232, 0.38934958216862353
0.3119116459941286, 0.3460845387195351
0.37658646270124924, 0.302710110176016
0.4232210643205487, 0.2589329766150975
0.3870937218499004, 0.17369956776803586
0.3501129051373724, 0.12661189967875883
0.3049203409541161, 0.07985213816267561
0.24634224968426516, 0.011402882105471291
0.18274355216641472, -0.05646378205626405
0.0798630702534219, -0.1767613359416809
0.04039862265259366, -0.22126720225038526
-0.0219362361415573, -0.3000050683278642
-0.07047532234440884, -0.34728164797745664
-0.1673200319504564, -0.451550739574079
-0.24206920552553698, -0.36902272141218756
-0.3276157142548412, -0.33398648386160024
-0.37950801652347677, -0.2690529243435156
-0.436330045351169, -0.21915604352179174
-0.4877494965503716, -0.14930859539118932
-0.4114437484665437, -0.09803360121836383
-0.3535599556547591, -0.120171830283506
-0.2659180147332367, -0.11145458754643776
-0.19351605430345029, -0.0701762027348028
-0.12291715685839684, 0.01782991149843656
-0.15894826820223829, 0.09808914072490735
-0.22774959515813753, 0.11809201513225126
-0.16536028525274793, 0.20917925627374845
-0.1361958571691453, 0.2809551187232043
-0.08456919329557841, 0.27218186020828233
-0.04343097661123142, 0.3570960121216137
-0.22774959515813753, 0.11809201513225126
-0.1361958571691453, 0.2809551187232043
-0.04343097661123142, 0.3570960121216137
0.2307524390422232, 0.38934958216862353
0.3119116459941286, 0.3460845387195351
0.37658646270124924, 0.302710110176016
0.4232210643205487, 0.2589329766150975
0.3870937218499004, 0.17369956776803586
0.3501129051373724, 0.12661189967875883
0.02370992674207915, -0.24766405890203147
-0.19351605430345029, -0.0701762027348028
-0.4877494965503716, -0.14930859539118932
-0.4114437484665437, -0.09803360121836383
-0.19351605430345029, -0.0701762027348028
0.02370992674207915, -0.24766405890203147
-0.0219362361415573, -0.3000050683278642
-0.1673200319504564, -0.451550739574079
-0.3276157142548412, -0.33398648386160024
-0.436330045351169, -0.21915604352179174
