-0.12070107555364315, -0.032092850486039805
-0.04251664320522905, 0.028278346466377224
0.0033325028075667056, 0.09363375943790944
0.0402725157264015, 0.12808111615322326
0.12017977531641301, 0.17633775494767354
0.18935871986117117, 0.14031244005835142
0.09726565842192429, 0.056797005281332566
0.026120549061700034, -0.0544126325757727
-0.06833860148364333, -0.15134059626595525
-0.09859656468752862, -0.20529427474130718
-0.15386734900270999, -0.16047112226257962
-0.155050820183496, -0.09977467660709553
-0.155050820183496, -0.09977467660709553
-0.12070107555364315, -0.032092850486039805
0.0033325028075667056, 0.09363375943790944
0.0402725157264015, 0.12808111615322326
0.12017977531641301, 0.17633775494767354
0.18935871986117117, 0.14031244005835142
-0.09859656468752862, -0.20529427474130718
-0.15386734900270999, -0.16047112226257962
