-0.08591036743679849, 0.04497109642970182
-0.03983274489709211, 0.07452076412241596
0.01653597903710011, 0.11340109877690116
0.08104130484635595, 0.10539106465856612
0.12020542097566278, 0.05348817032975515
0.08014298058715243, -0.04073045884429571
0.03670321669655399, -0.07796686547870864
-0.041614233309997785, -0.08217957454448208
-0.1169474560862348, -0.051692037077587474
-0.1169474560862348, -0.051692037077587474
-0.08591036743679849, 0.04497109642970182
0.01653597903710011, 0.11340109877690116
0.08104130484635595, 0.10539106465856612
0.12020542097566278, 0.05348817032975515
0.08014298058715243, -0.04073045884429571
0.03670321669655399, -0.07796686547870864
-0.041614233309997785, -0.08217957454448208
