-0.13314902645796112, 0.02226716777494818
-0.03260307450905155, 0.07721562590274801
-0.016849786948691818, 0.08582481249959344
0.028636441769604795, 0.11068307964682644
0.05036920486933604, 0.12256005529865353
0.07210196796906729, 0.13443703095048062
0.12330115145413093, 0.16241743329761926
0.17872165946533278, 0.11334568940945547
0.19975568371306449, 0.05236874996147706
0.09395990964016755, -0.019922743592759643
0.04407264212406678, -0.07689853504200492
-0.00899331505924687, -0.10386538281454417
-0.10173478190536453, -0.08902181228186257
-0.13314902645796112, 0.02226716777494818
-0.016849786948691818, 0.08582481249959344
0.05036920486933604, 0.12256005529865353
0.07210196796906729, 0.13443703095048062
0.12330115145413093, 0.16241743329761926
0.17872165946533278, 0.11334568940945547
0.19975568371306449, 0.05236874996147706
0.04407264212406678, -0.07689853504200492
-0.00899331505924687, -0.10386538281454417
-0.10173478190536453, -0.08902181228186257
