-0.13699071602985086, 0.0022039156525405276
-0.08246397817716765, 0.0335527864776299
-0.13147581509533857, 0.11709814541122981
-0.01060269656359325, 0.1880082910960078
0.11615717589538588, 0.2623718975970628
0.18122344248379554, 0.23143544703191996
0.23817211468585198, 0.10948279734139457
0.16944435441833786, 0.05481489956598995
0.10231836871178672, 0.015123773250179173
0.03968912229628021, -0.02554431879053856
-0.10710863175614643, -0.049771563297726286
-0.13699071602985086, 0.0022039156525405276
-0.13147581509533857, 0.11709814541122981
0.11615717589538588, 0.2623718975970628
0.18122344248379554, 0.23143544703191996
0.23817211468585198, 0.10948279734139457
0.16944435441833786, 0.05481489956598995
0.03968912229628021, -0.02554431879053856
-0.10710863175614643, -0.049771563297726286
