-0.022803372191549313, 0.08528886103093439
0.06661214707767803, 0.007109090181303566
0.08781934262475606, -0.07240242791470959
0.12346699715157937, -0.21845203761261967
0.06758360205211549, -0.20729499136177515
-0.028825012525078263, -0.21827353856856574
-0.044781329674281556, -0.1602388315798159
-0.04874965620668563, -0.14580563465910595
-0.0527179827390897, -0.13137243773839602
-0.06162368774930309, -0.09898150592354542
-0.06456405436615381, -0.08828710110238318
-0.10498288520017143, 0.05872019277038755
-0.12304275553502275, 0.13011312715988324
-0.12304275553502275, 0.13011312715988324
-0.022803372191549313, 0.08528886103093439
0.06661214707767803, 0.007109090181303566
0.08781934262475606, -0.07240242791470959
0.12346699715157937, -0.21845203761261967
-0.028825012525078263, -0.21827353856856574
-0.10498288520017143, 0.05872019277038755
