0.4793042106617419, 1.959536359224965
0.5162112041922035, 1.9110951302981467
0.5172995936977618, 1.8234801342081384
0.41848536086109916, 1.7291219951504146
0.3516129404814241, 1.6872457193216832
0.3083141744520736, 1.643613647219185
0.2683723295399071, 1.5985247580182032
0.21416815468367392, 1.551375695922273
0.18549566112917093, 1.459628108100634
0.05310811939776795, 1.3570802085416769
-0.00951823067545278, 1.2708018990927274
-0.05559728811290055, 1.1854581323134474
-0.08230803703664168, 1.121753044980724
-0.14625216892496362, 1.0560218418036715
-0.15534905921437522, 1.042180351166449
-0.19455471420552628, 0.9752279056668184
-0.26845140299370185, 0.9239691043766558
-0.28376672166854083, 0.9120050191784417
-0.2928139452093932, 0.9007163672284223
-0.3251581029193572, 0.8603590203191049
-0.40039031234167854, 0.7664882074929695
-0.4135044759865247, 0.7501250405684659
-0.4547336303672712, 0.698681459905705
-0.4861916097156045, 0.6196607547271286
-0.49362951969470437, 0.5897789734156793
-0.4705483686215943, 0.4942212183210904
-0.45476964619021487, 0.48277817998645334
-0.30869927871937997, 0.37684509054955695
-0.273989706379829, 0.3516730293394267
-0.239280134040278, 0.3265009681292964
-0.2017737656026018, 0.31109573600102425
-0.1786959050081488, 0.30443077823617093
-0.1418965295632127, 0.294647964594981
-0.07525516932868531, 0.31161418108677463
-0.036946555238126955, 0.35239691171411724
-0.012780070582619128, 0.38320573301853755
0.023931113608464064, 0.43941512507065456
0.07732783702500842, 0.49613795627217383
0.10453271962338606, 0.5415711854749047
0.16112873529811328, 0.6014111873424718
0.2242708486999409, 0.605127200990844
0.27434371045142136, 0.43556261520555345
0.28469540492869444, 0.40050808217473877
0.35229475868591464, 0.3130787690350311
0.4118332477951331, 0.2628938098042547
0.49914560911074357, 0.2396546300584988
0.5347103292586648, 0.23816781033416304
0.5604061052130259, 0.2430581358538214
0.624402685897231, 0.28475945871570923
0.717162344460665, 0.32830132501328513
0.7835532098588196, 0.35066738069245024
0.87366752835207, 0.3826993487324552
0.9570156189368689, 0.4000071586373982
1.0196871592037873, 0.39839241636549466
1.1236188018282411, 0.3560211421406285
1.1752263879347908, 0.2723640557093852
1.2735875068334965, 0.2881976616350841
1.3332726128038974, 0.30235155203027664
1.3572289261980908, 0.24423624608743363
1.3849735200211086, 0.2021092159199517
1.3227939233961383, 0.19451229855418906
1.2615833853298968, 0.17680967652190688
1.1783824165227361, 0.1458860157869371
1.2043558494974127, 0.056035182805414106
1.2182019194289961, -0.02502750312443412
1.137691035458713, -0.021964378183020217
1.1026639713580688, -0.023222322563226844
1.0458566165186303, -0.05108669909624548
1.010521472465802, -0.08511626124338485
0.9883895009057811, -0.13638234148353706
1.013796699980375, -0.23041410771149393
1.0666530764867588, -0.2364537485696062
1.124352781890197, -0.23069081291085458
1.1918182191800122, -0.23102988906018146
1.262312856177187, -0.2329106201030005
1.2987737845958718, -0.29258258789107106
1.286997319416632, -0.38086215439779053
1.2652468016092042, -0.436833227848352
1.2769866981481754, -0.5078346126506039
1.3552613469869226, -0.5732355446308439
1.3521941397152373, -0.6237296874674754
1.2631208061208785, -0.6285601524237784
1.1593428463970392, -0.6610797371090837
1.1502470081814598, -0.7052654451114956
1.1667437934309572, -0.753069153985354
1.1925253711922303, -0.8324930747402576
1.1586422707515194, -0.9168190308208695
1.246276162362818, -1.0433824866346149
1.2196987092790637, -1.1189180224254214
1.2387865847997488, -1.1939637109119599
1.0885678415566886, -1.1945290312797388
1.0213114921481212, -1.258487061603598
1.0048226562717943, -1.3184835654441343
0.9635983676579709, -1.408178668687255
0.9960395728121215, -1.4645473252177883
1.0181982216577525, -1.5171611018584061
1.059088806324572, -1.5959413939625033
1.0029212318852136, -1.65165090260916
0.9212892910257768, -1.7122240914890037
0.8199807195467389, -1.6423309324570017
0.7401570112243507, -1.6390345254554644
0.6373476312152164, -1.5671324059760305
0.5642003295750542, -1.566505794795948
0.39243386922682066, -1.493487248377851
0.30940806690145367, -1.453146999267353
0.25596497322749295, -1.4248298322468924
0.19080939476578138, -1.413062456884988
-0.2902115592945583, -1.2133092735262352
-0.2672958065225684, -1.1307573479098991
-0.3230041721908904, -1.0683683297929565
-0.3779250486359657, -1.0342728901511902
-0.3809738028251555, -0.9705886203593507
-0.41634327685346356, -0.7976098151608721
-0.33315561697413065, -0.856244392093141
-0.23345036769172006, -0.8628684058738699
-0.17287763295685948, -0.8545996234102418
-0.14313875940005436, -0.8406490311048158
-0.1126169248602353, -0.7523605665902136
-0.11661894088940929, -0.5961197021536163
-0.17244440596399213, -0.5299803374339557
-0.20377802752439017, -0.5045991729307588
-0.22754463569129607, -0.490879605934035
-0.27077070963100686, -0.46744791185353113
-0.378895062176789, -0.4470859206883594
-0.33498547173628307, -0.4213023741120105
-0.38937827017528337, -0.3401028499968435
-0.40820064181695315, -0.34506780407692317
-0.4231295919409239, -0.3503427008050287
-0.43434034884880607, -0.35472644986633317
-0.4840496498965918, -0.3770104807347564
-0.4752390777248715, -0.301799952726759
-0.4396482355935338, -0.20976444043298603
-0.44545099225961, -0.19910247481556806
-0.4535733931407938, -0.1862666931752271
-0.480630998760366, -0.14524098995410442
-0.5388692395416034, -0.07319898964001036
-0.55984565365921, -0.017953116617145534
-0.5781254821680646, 0.05976362738795051
-0.6035194652112045, 0.1831509078495051
-0.6493145164159302, 0.3608746459776075
-0.6658272847255579, 0.4322811698037568
-0.6936162883412347, 0.521352788237546
-0.7073404981827385, 0.5840141516282096
-0.7301145080247193, 0.6747833847455851
-0.762963403863206, 0.7803181555841983
-0.8174990543517078, 1.045536611766935
-0.8435232801768809, 1.1182507076645443
-0.8149298292677574, 1.1821313396523785
-0.7885025566412597, 1.2507734104893553
-0.752885188125787, 1.3129129397195478
-0.5360406590029567, 1.5321665923415342
-0.525356363453218, 1.5429695894678583
-0.504001835118117, 1.5645613647200645
-0.43306579123263444, 1.6523570262369773
-0.3715345261432758, 1.7131544496374214
-0.29651741321289504, 1.7708330803217123
-0.23496547922150707, 1.835855664218531
-0.1870441740709834, 1.8796021134582825
-0.12241406921641843, 1.859746433191949
-0.030247431247647557, 1.8809560247980972
0.026275289942656526, 1.7500612164724052
0.11883657581499861, 1.746594884785554
0.1476808691033166, 1.7674505656865114
0.19667270605498333, 1.8278846732411869
0.27091155113990345, 1.8685707274495813
0.31045789052899303, 1.9164163716427685
0.35226674049533246, 1.9509034937816934
0.40096563651575295, 1.9796805556273704
0.4555208068659253, 2.0194511946113947
0.11696028460828588, -1.2308112196792271
0.20465275124065513, -0.8934126614534919
1.0213114921481212, -1.258487061603598
1.059088806324572, -1.5959413939625033
1.0029212318852136, -1.65165090260916
0.9212892910257768, -1.7122240914890037
0.7401570112243507, -1.6390345254554644
0.19080939476578138, -1.413062456884988
0.14463274133255316, -1.3938867152831282
0.20465275124065513, -0.8934126614534919
0.2976257845832808, -0.5356970148497486
1.1502470081814598, -0.7052654451114956
1.1667437934309572, -0.753069153985354
1.1925253711922303, -0.8324930747402576
1.246276162362818, -1.0433824866346149
1.2387865847997488, -1.1939637109119599
1.0213114921481212, -1.258487061603598
0.2976257845832808, -0.5356970148497486
0.40719936743700386, -0.11411041460662291
0.9883895009057811, -0.13638234148353706
1.262312856177187, -0.2329106201030005
1.2987737845958718, -0.29258258789107106
1.3552613469869226, -0.5732355446308439
1.3521941397152373, -0.6237296874674754
1.1502470081814598, -0.7052654451114956
0.40719936743700386, -0.11411041460662291
0.49914560911074357, 0.2396546300584988
0.717162344460665, 0.32830132501328513
0.8615756459895196, 0.37849645597700604
1.1783824165227361, 0.1458860157869371
1.2043558494974127, 0.056035182805414106
1.2182019194289961, -0.02502750312443412
0.9883895009057811, -0.13638234148353706
0.8615756459895196, 0.37849645597700604
0.87366752835207, 0.3826993487324552
0.9570156189368689, 0.4000071586373982
1.0196871592037873, 0.39839241636549466
1.3332726128038974, 0.30235155203027664
1.3849735200211086, 0.2021092159199517
1.1783824165227361, 0.1458860157869371
-0.1418965295632127, 0.294647964594981
0.16112873529811328, 0.6014111873424718
0.2242708486999409, 0.605127200990844
0.49914560911074357, 0.2396546300584988
0.11696028460828588, -1.2308112196792271
-0.6581027968728834, 0.3988779986604175
-0.4705483686215943, 0.4942212183210904
-0.1418965295632127, 0.294647964594981
0.005216984577714398, -0.5723010550605352
-0.11661894088940929, -0.5961197021536163
-0.378895062176789, -0.4470859206883594
-0.4840496498965918, -0.3770104807347564
-0.14313875940005436, -0.8406490311048158
-0.11661894088940929, -0.5961197021536163
0.005216984577714398, -0.5723010550605352
0.11622148448398582, -1.226457424943077
-0.41634327685346356, -0.7976098151608721
-0.14313875940005436, -0.8406490311048158
0.11622148448398582, -1.226457424943077
0.14463274133255316, -1.3938867152831282
-0.2902115592945583, -1.2133092735262352
-0.3779250486359657, -1.0342728901511902
0.11883657581499861, 1.746594884785554
0.19667270605498333, 1.8278846732411869
0.35226674049533246, 1.9509034937816934
0.4555208068659253, 2.0194511946113947
0.5162112041922035, 1.9110951302981467
0.5172995936977618, 1.8234801342081384
0.18549566112917093, 1.459628108100634
0.1818989366711139, 1.4568420714868988
-0.7991520109164952, 0.9321221167786486
-0.4547336303672712, 0.698681459905705
-0.4705483686215943, 0.4942212183210904
-0.6581027968728834, 0.3988779986604175
-0.6936162883412347, 0.521352788237546
-0.762963403863206, 0.7803181555841983
-0.8435232801768809, 1.1182507076645443
-0.7885025566412597, 1.2507734104893553
-0.752885188125787, 1.3129129397195478
-0.43306579123263444, 1.6523570262369773
-0.3715345261432758, 1.7131544496374214
-0.1870441740709834, 1.8796021134582825
-0.030247431247647557, 1.8809560247980972
0.11883657581499861, 1.746594884785554
0.1818989366711139, 1.4568420714868988
-0.19455471420552628, 0.9752279056668184
-0.4547336303672712, 0.698681459905705
-0.7991520109164952, 0.9321221167786486
