-0.04384647948914599, 0.05396098464299569
0.06502320952630983, 0.058130723640923254
0.09695718704104613, -0.007804937816734718
0.08121117395633713, -0.0681682039984192
0.024742610231124326, -0.10231875900958923
-0.03434472680300925, -0.2036460536375507
-0.07146144286015743, -0.11864172668378166
-0.09343881281716965, -0.0683093767384523
-0.12603836173061267, 0.0063497798021494994
-0.12603836173061267, 0.0063497798021494994
-0.04384647948914599, 0.05396098464299569
0.06502320952630983, 0.058130723640923254
0.09695718704104613, -0.007804937816734718
0.08121117395633713, -0.0681682039984192
-0.03434472680300925, -0.2036460536375507
