-0.1265548353150181, -0.09656513397597596
-0.07306192764464595, -0.028671576469357068
-0.015140164379981657, 0.051179558077402355
0.0914458642296548, 0.1286599205543814
0.07253899927598867, 0.03491027999187321
0.00542971388724638, -0.05252843043128181
-0.04810900425302267, -0.09657152032511271
-0.07865439175763798, -0.15263230321552732
-0.10943006134139815, -0.19770017301522233
-0.16840978336413506, -0.15742446339812266
-0.16840978336413506, -0.15742446339812266
-0.1265548353150181, -0.09656513397597596
-0.015140164379981657, 0.051179558077402355
0.0914458642296548, 0.1286599205543814
0.07253899927598867, 0.03491027999187321
0.00542971388724638, -0.05252843043128181
-0.10943006134139815, -0.19770017301522233
