-0.11990000841331702, 0.19421220725017174
-0.033755658802389774, 0.2098942575477403
0.0040071460031536055, 0.16327879527229444
0.02843282688450423, 0.13312705173682654
0.04743637165815631, 0.10966854464082065
0.06643991643180838, 0.08621003754481477
0.1297616728249093, 0.008043890682644605
0.1752681613159433, -0.0481305912835469
0.13408104486692948, -0.12473701242223176
-0.030540195667181635, -0.08405432675307789
-0.09697086669336195, -0.03197958505069999
-0.12051559413174773, -0.013522965828479144
-0.1387528822714968, 7.731726051518374E-4
-0.2124682055836127, 0.05855832457919827
-0.2398368021682859, 0.11138124534781299
-0.2398368021682859, 0.11138124534781299
-0.11990000841331702, 0.19421220725017174
-0.033755658802389774, 0.2098942575477403
0.1752681613159433, -0.0481305912835469
0.13408104486692948, -0.12473701242223176
-0.030540195667181635, -0.08405432675307789
-0.2124682055836127, 0.05855832457919827
