0.1020864612692281, 0.20339010214621467
0.15494001609879623, 0.22864997921572
0.16853146588460174, 0.13883822039904492
0.16772478546423644, 0.07065370972271613
0.08174961150362102, 0.009422036827770743
0.04762405984267284, -0.0442079192821135
0.04792258893828438, -0.12714280743793963
-0.02798217129446662, -0.20158834181713547
-0.07841605991734192, -0.23353389812981137
-0.1251474166965565, -0.28745366136379263
-0.1482735541413494, -0.2362963543225303
-0.15273788345205344, -0.18527449131899495
-0.16413734332037702, -0.09878918556507525
-0.21299949400015666, -0.004804759460141176
-0.174507257468676, 0.06747517592567771
-0.1317488257297348, 0.1308471677914427
-0.07437458273539746, 0.18146881507070478
-0.021849150720932266, 0.10663306023763011
0.0389543962076687, 0.13600783404469938
-0.21299949400015666, -0.004804759460141176
-0.174507257468676, 0.06747517592567771
-0.1317488257297348, 0.1308471677914427
-0.07437458273539746, 0.18146881507070478
0.15494001609879623, 0.22864997921572
0.16853146588460174, 0.13883822039904492
0.16772478546423644, 0.07065370972271613
0.04792258893828438, -0.12714280743793963
-0.02798217129446662, -0.20158834181713547
-0.1251474166965565, -0.28745366136379263
-0.1482735541413494, -0.2362963543225303
