-0.16498850583502073, 0.1299392998005142
-0.07420108161867564, 0.0615143997633036
-0.033097579086487326, 0.020041236927556758
0.08633662735471322, -0.014384600678167084
0.1739403642026549, -0.0938093180211569
0.2584667810113819, -0.16128318642932818
0.16033984382598687, -0.11751471139896216
0.10282794527012151, -0.09186214169595107
0.021388030469560115, -0.055536735241157126
-0.02300088633632051, -0.03573753175463122
-0.05881960213654914, -0.019760975132262486
-0.09463831793677777, -0.00378441850989375
-0.11863515077796072, 0.006919113151680504
-0.14263198361914367, 0.01762264481325476
-0.217208023500352, 0.05088649297797733
-0.217208023500352, 0.05088649297797733
-0.16498850583502073, 0.1299392998005142
0.08633662735471322, -0.014384600678167084
0.2584667810113819, -0.16128318642932818
-0.09463831793677777, -0.00378441850989375
-0.14263198361914367, 0.01762264481325476
