-0.4333474440142679, -0.062402122076878515
-0.37254394672032193, -0.03818806329015018
-0.29951309957093514, -0.0374046383839855
-0.23549353984217328, -0.013689652366765
-0.13528287712479337, 0.017231753437523038
-0.04210571110251404, 0.02935084937039661
0.033825796910916896, 0.04454743349633397
0.10344197440739711, 0.07188387551460308
0.1852192676630857, 0.07576848280415374
0.24550791961570984, 0.09457090290244101
0.3094882932543634, 0.09895918228141502
0.36172466309846346, 0.1186999651935096
0.4358493034559321, 0.1254748530701792
0.5033251730646207, 0.1413199285160231
0.47676177818886645, 0.07351971955961506
0.406301489424408, 0.057684229687208384
0.2891907417314089, 0.020266226493439597
0.20533864123414386, 0.0162370586422884
0.14916768903031655, 0.008286603055700868
0.12142348208088061, 0.00395652358361628
0.03647954477968497, -0.020841344523278467
-0.024150331002831125, -0.041194590220894355
-0.11392589084943203, -0.051174892400744146
-0.2081265385069624, -0.07828244382583091
-0.29089855794446073, -0.10888125582498745
-0.37301642796375656, -0.10144764111921344
-0.4730440209370812, -0.13282402846991467
-0.49541939218748055, -0.08450934406644166
-0.49541939218748055, -0.08450934406644166
-0.37254394672032193, -0.03818806329015018
-0.13528287712479337, 0.017231753437523038
0.10344197440739711, 0.07188387551460308
0.36172466309846346, 0.1186999651935096
0.5033251730646207, 0.1413199285160231
0.47676177818886645, 0.07351971955961506
0.2891907417314089, 0.020266226493439597
-0.29089855794446073, -0.10888125582498745
-0.4730440209370812, -0.13282402846991467
