-0.033431558513122295, -0.10065307514910413
-0.06857201249869196, -0.26515007431284876
-0.07256008167862034, -0.2863727853105656
-0.02164401485692801, -0.3717367708631885
-0.06513585459664495, -0.4531210916324198
-0.1199955482427416, -0.394749292748388
-0.12307461115519583, -0.31703713755499296
-0.14101352315410073, -0.24649330399158353
-0.14127583222443055, -0.1721635067998468
-0.07764076891432727, -0.1519052798492155
-0.14127583222443055, -0.1721635067998468
-0.033431558513122295, -0.10065307514910413
-0.02164401485692801, -0.3717367708631885
-0.06513585459664495, -0.4531210916324198
-0.1199955482427416, -0.394749292748388
-0.14101352315410073, -0.24649330399158353
