-0.37486077147822644, -0.05169172146727833
-0.3192993730800042, -0.03721436116816024
-0.22588978435388923, -0.01521337028129225
-0.09153129390777373, 0.010090918674657154
-0.03716929858658648, 0.04066060588431493
0.05362296035235277, 0.05084491758775933
0.09959420950474339, 0.06624881033695043
0.15758048574616695, 0.08973135622975838
0.23119461714414752, 0.09444526658129686
0.3073138011854637, 0.1333604918220209
0.4051201903823321, 0.137120676442676
0.38690101306154656, 0.07914405082119648
0.3288342074257763, 0.05773800089570295
0.24890509116916776, 0.03463514869561044
0.1545717522199767, 0.012403167626286368
0.07302951228686543, -0.0050113654320828906
0.006285446029405518, -0.025132481602369177
-0.07440841536542392, -0.04275688040435941
-0.1764731589312306, -0.08188220665792877
-0.36578192126106407, -0.13182497996075251
-0.44104740872037057, -0.1377901365888069
-0.46413197577376775, -0.06873828620795161
-0.46413197577376775, -0.06873828620795161
0.3073138011854637, 0.1333604918220209
0.4051201903823321, 0.137120676442676
0.38690101306154656, 0.07914405082119648
0.3288342074257763, 0.05773800089570295
0.24890509116916776, 0.03463514869561044
-0.1764731589312306, -0.08188220665792877
-0.36578192126106407, -0.13182497996075251
-0.44104740872037057, -0.1377901365888069
