-0.24992387210740313, 0.01309692682929217
-0.17006333368889, 0.04814864687644612
-0.11093750620367764, 0.04989063708927333
-0.06709410400909868, 0.056943359564993155
0.07109676449378632, 0.08083881190568395
0.15333615314742358, 0.08606453098141234
0.17895796880336948, -0.019759672351537774
0.11131949549192025, -0.10016368672259424
0.05511545557285385, -0.08401206335247383
-0.0033950779189805967, -0.06512435025587253
-0.04064995351248737, -0.0533418801739319
-0.0794104970690472, -0.04140360416452026
-0.17587303768226445, -0.020342027110242272
-0.24992387210740313, 0.01309692682929217
-0.17006333368889, 0.04814864687644612
0.07109676449378632, 0.08083881190568395
0.15333615314742358, 0.08606453098141234
0.17895796880336948, -0.019759672351537774
0.11131949549192025, -0.10016368672259424
-0.17587303768226445, -0.020342027110242272
