-0.23859791285161874, -0.23661977040040771
-0.1503960942636756, -0.06513340757839386
-0.10816591541726617, 0.005291041937749169
0.02494961082765746, 0.16079128112356691
0.03890578964329986, 0.2642297791945726
0.0802963965471435, 0.33925113165994725
0.14274491434114023, 0.3708992439678093
0.24589273466113043, 0.32859150427741274
0.21732872965140926, 0.23697730963906158
0.19879476952684688, 0.18202620694549923
0.1596545289189712, 0.12576123092393912
0.11185077466822822, 0.042656319736163545
0.004999983807406103, -0.1491508038371004
-0.03461731149846413, -0.21363864467547464
-0.07589796584182137, -0.2847285602555884
-0.17502894868270352, -0.4329948491311135
-0.2725219060798194, -0.33646506520770786
-0.2725219060798194, -0.33646506520770786
-0.23859791285161874, -0.23661977040040771
-0.1503960942636756, -0.06513340757839386
0.0802963965471435, 0.33925113165994725
0.14274491434114023, 0.3708992439678093
0.24589273466113043, 0.32859150427741274
0.21732872965140926, 0.23697730963906158
0.19879476952684688, 0.18202620694549923
0.004999983807406103, -0.1491508038371004
-0.07589796584182137, -0.2847285602555884
-0.17502894868270352, -0.4329948491311135
