-0.05907462030615135, -0.11925406348307958
-0.032966632992139956, -0.040311935329249815
-0.026451234930474136, 0.04072902949913778
-0.018895664758066814, 0.10136192677771595
8.111381765369628E-4, 0.1606921134497583
0.0417912436905857, 0.22111079655922472
0.06782208371670405, 0.12357113365923207
0.020539935473456887, 0.02193130354882109
0.0023197045658474324, -0.037510513672702146
0.003713210022542439, -0.11821065737320825
-0.08000650759652024, -0.22118719376093768
-0.08000650759652024, -0.22118719376093768
-0.018895664758066814, 0.10136192677771595
8.111381765369628E-4, 0.1606921134497583
0.0417912436905857, 0.22111079655922472
0.06782208371670405, 0.12357113365923207
0.003713210022542439, -0.11821065737320825
