-0.02009780208735854, -0.13747698712206619
-0.008210160446239453, -0.014907782006128537
0.013937976055147433, 0.06328371902999075
-0.018722762401841758, 0.1375427160732126
-0.03424646176615287, 0.2047623659528699
0.058116023542148294, 0.22560862896521852
0.04393860438081453, 0.1684941501488624
0.04408018746588271, 0.09701408204214569
0.035406399459459344, 0.046588076091689336
0.011371801953375667, -0.05000416092193683
-0.03424646176615287, 0.2047623659528699
0.058116023542148294, 0.22560862896521852
0.04408018746588271, 0.09701408204214569
0.035406399459459344, 0.046588076091689336
0.011371801953375667, -0.05000416092193683
-0.02009780208735854, -0.13747698712206619
