-0.4281950965396648, 0.035758833071801416
-0.366066173441949, 0.042863919013768334
-0.2950404043867897, 0.04752204344815289
-0.23027761161515614, 0.03692053095566547
-0.13789699971773467, 0.1009131123426911
-0.08848646954139966, 0.0693497393684294
-0.003332227071091808, 0.0958341734357994
0.08610784257806638, 0.10124713672060758
0.15145437948425408, 0.09246327105519246
0.26258146873081917, 0.06517373280819887
0.3068275964228355, 0.0702102845798981
0.4199231762078795, 0.09728052215482241
0.4830423814268023, 0.08651701282254126
0.4496702471812354, 0.04461579311854824
0.42757611837333737, -0.05737503534765128
0.27542829503093796, -0.06892641811969788
0.18410102502394815, -0.06321784392805438
0.11909686000655033, -0.06700227623973995
0.014268164522316606, -0.062057367219650356
-0.1228660959281026, -0.055623648178523534
-0.2421814021972748, -0.030403151297166184
-0.32198185515286876, -0.054133735775582316
-0.3917269590480111, -0.06067835751691367
-0.44787804918858415, -0.030300606064798365
-0.5160773341685873, 0.009876168987218631
-0.5160773341685873, 0.009876168987218631
-0.4281950965396648, 0.035758833071801416
-0.13789699971773467, 0.1009131123426911
0.08610784257806638, 0.10124713672060758
0.4199231762078795, 0.09728052215482241
0.4830423814268023, 0.08651701282254126
0.42757611837333737, -0.05737503534765128
0.27542829503093796, -0.06892641811969788
0.11909686000655033, -0.06700227623973995
-0.3917269590480111, -0.06067835751691367
-0.44787804918858415, -0.030300606064798365
