0.3567618452709584, -0.21420172951429864
0.269715047793598, -0.19995358189886542
0.17458914623507665, -0.14509068064464845
0.09422096650651729, -0.09930912439806838
0.0011183735885321616, -0.04362462129183521
-0.05546608413809526, -0.017992489084132087
-0.13957396527957777, 0.012103295823948874
-0.22356311181411936, 0.04387055488034992
-0.3980059234704939, 0.1457136421438952
-0.4536876616697673, 0.1699063549302416
-0.3940926299472869, 0.25203089454707417
-0.3422552540904771, 0.22067390219772132
-0.2587963478196047, 0.17890772219761275
-0.20653015421450274, 0.14896477049805024
-0.14408234239205678, 0.12507606023104365
-0.07079746274495541, 0.07707256442682162
-0.0016121512619031685, 0.045812336514921295
0.05163384077039414, 0.018641348202845104
0.13635349284689957, -0.00855903315755448
0.18768545317509275, -0.05292218038701122
0.22530908460814403, -0.0817886114931706
0.28727645956477643, -0.09404018377340098
0.4083085364670905, -0.151956890581651
-0.4536876616697673, 0.1699063549302416
-0.3940926299472869, 0.25203089454707417
0.13635349284689957, -0.00855903315755448
0.4083085364670905, -0.151956890581651
0.3567618452709584, -0.21420172951429864
0.269715047793598, -0.19995358189886542
-0.22356311181411936, 0.04387055488034992
