-0.13934862220921537, -0.08683334313211342
-0.08830192151831534, -0.0406656779839355
-0.05592986560173041, 0.04419049927498324
-0.08177044783269277, 0.09734924561265695
-0.03583522044436827, 0.15728393421472073
0.026455291759387947, 0.11105444418655439
0.11573272920966109, 0.0761646537192911
0.09252400707112132, 0.01946814979781943
0.07522949754366225, -0.04118390821076409
0.05544120293500573, -0.12191221419373348
0.06748064592128156, -0.17173292255090283
-0.08860362533495116, -0.1223384827418214
-0.13934862220921537, -0.08683334313211342
-0.08177044783269277, 0.09734924561265695
-0.03583522044436827, 0.15728393421472073
0.11573272920966109, 0.0761646537192911
0.06748064592128156, -0.17173292255090283
-0.08860362533495116, -0.1223384827418214
