-0.11694867209321144, -0.10423713863527274
-0.048750754024198456, -0.034991178232783485
-0.05657856218177136, -0.022141071749014626
-0.10058424592388279, 0.01736327124995859
-0.09031647339101556, 0.10616527673211362
-0.08305107280892401, 0.1859420419660436
-0.038780574211676314, 0.13514784341620356
0.0173717798534447, 0.08315390173858482
0.052603494857890794, 0.043917418941427644
0.09290056755811625, 0.0062393170265888295
0.10704403614591372, -0.06809402464747168
0.08352283482903862, -0.134653626823178
-7.698564452871832E-4, -0.11101372219896546
-0.0517700262517298, -0.13828532829790477
-0.11694867209321144, -0.10423713863527274
-0.08305107280892401, 0.1859420419660436
0.09290056755811625, 0.0062393170265888295
0.10704403614591372, -0.06809402464747168
0.08352283482903862, -0.134653626823178
-0.0517700262517298, -0.13828532829790477
