-0.42662484026136377, 0.2985500150977769
-0.33586993075489835, 0.28194913863888466
-0.22275442795926514, 0.1848774654532423
-0.14682181884042908, 0.1580039226336139
-0.06788767670819958, 0.11293673911243743
0.02096028230620152, 0.05103777471331612
0.12301815989992447, -0.050983168927891225
0.18305219135649267, -0.06464774162116543
0.3534082478466497, -0.1709902379815571
0.4063592025934518, -0.20020544930894013
0.4079425242325836, -0.27037451726399275
0.3198269846636447, -0.32049199136182743
0.27512255035223926, -0.24725039646196761
0.22802974226829617, -0.20207886019785076
0.1337913794220262, -0.15142107103481908
0.07319384870102255, -0.10921364671507862
0.018950133895952397, -0.07893650423862708
-0.05383764615556981, -0.040022344912259616
-0.12180696137942923, 0.01341448230493879
-0.15676323619212773, 0.051225085415799856
-0.23057885336903317, 0.06452320909195894
-0.29601934437351546, 0.11127194606720175
-0.375796743273622, 0.13138631359785732
-0.38294057167949414, 0.21627490912225986
-0.42662484026136377, 0.2985500150977769
-0.33586993075489835, 0.28194913863888466
-0.06788767670819958, 0.11293673911243743
0.4063592025934518, -0.20020544930894013
0.4079425242325836, -0.27037451726399275
0.3198269846636447, -0.32049199136182743
-0.375796743273622, 0.13138631359785732
