-0.06267016427729648, -0.04426883087001022
-0.04185097879449985, 0.03442236845914676
-0.022228448784149497, 0.09537424416450442
0.03582554377890322, 0.07692155619006413
0.03423901025131974, -0.00788857623506278
-0.008211854381296856, -0.10088591800007948
-0.06267016427729648, -0.04426883087001022
-0.04185097879449985, 0.03442236845914676
-0.022228448784149497, 0.09537424416450442
0.03582554377890322, 0.07692155619006413
0.03423901025131974, -0.00788857623506278
-0.008211854381296856, -0.10088591800007948
