0.6719516737166723, 0.13237168689700074
0.6323313920332596, 0.06634332628846301
0.6104819614479976, 9.001755578936718E-4
0.5715867646048534, -0.04783910386615528
0.5768899034199498, -0.11715173075626703
0.5744847653961981, -0.22849291457794554
0.552694509353034, -0.3076733205895548
0.4768925190235317, -0.3576912143236497
0.37003619146996114, -0.3407064527071056
0.24029372002699684, -0.30107301600609365
0.06663383704241854, -0.25561009281525837
-0.03633067153909651, -0.2189497800812451
-0.06460670343034644, -0.21664607355045418
-0.10380796161687587, -0.2987600478162153
-0.046975468807227104, -0.34232850533723463
0.03894881306313583, -0.3742152707349016
0.1865703459455537, -0.41754539994640305
0.26556244041130805, -0.4356000002937469
0.3969590229618193, -0.4728624812141669
0.47696201885168943, -0.5239583827341375
0.4609748375635907, -0.5824025273334162
0.4097779062175278, -0.6287388864547893
0.3508616892327764, -0.652101552288984
0.2029032937995258, -0.6241450729997393
0.11556366110546235, -0.5942599060648605
0.054344887175975555, -0.5829460832774085
-0.031857513158815465, -0.5505647008728356
-0.22342615839055757, -0.5004955369997895
-0.33450563627012175, -0.46612826567539883
-0.3525598859288714, -0.4620872659597002
-0.45745668523280736, -0.44210756227900805
-0.5387256529787646, -0.37524046785446646
-0.5095426069626341, -0.2917384321460824
-0.4542801484691875, -0.2283449818996035
-0.44083435665070103, -0.13493125554118754
-0.45906674712645773, -0.07424876474601767
-0.4361050486890231, 0.0036688497503930724
-0.41854902280587336, 0.08480330662615822
-0.40392025837627127, 0.17129269393759153
-0.3831621680769745, 0.25299248180297507
-0.34502750252479786, 0.32718722585939924
-0.3206564446853295, 0.427144387972607
-0.31358515480942634, 0.5081621885829413
-0.17078699421041488, 0.46761226342477286
-0.0662811474673041, 0.4499827617130473
-0.02369007204758098, 0.42363640200686614
0.10962503219756571, 0.402614522580404
0.16689352029772805, 0.43203288605803836
0.13454343168932995, 0.5063399896806144
0.04593119976037719, 0.5351174811262243
-0.0728915745574758, 0.5777926089656555
-0.09092835634537408, 0.5819767219843882
-0.22170567608789937, 0.6050420858980645
-0.27753968605296925, 0.6318683343951502
-0.2648665957507673, 0.6920496556663702
-0.15622513929424026, 0.69028488083645
-0.06568770681993143, 0.6758447952110122
0.017075960797313584, 0.6427791125634454
0.10363452011881859, 0.6144485480884657
0.16422387958393508, 0.5993919574552702
0.2953195265094503, 0.5624887166457697
0.3386903953049378, 0.5550532469262371
0.42880835218955393, 0.5427594221538632
0.5017268818682821, 0.5136203082368737
0.5460329343699947, 0.49913246724574223
0.616870583234481, 0.47717797928928046
0.7366309945694496, 0.43680988624837275
0.689459877630928, 0.4081468848529453
0.6310865081990126, 0.3882564578787472
0.6137889461922935, 0.3384136285703353
0.6109961062444487, 0.26561756978655987
0.6309507874058495, 0.20247291155880692
-0.5387256529787646, -0.37524046785446646
-0.5095426069626341, -0.2917384321460824
-0.4478813118978103, -0.183889498982708
-0.10380796161687587, -0.2987600478162153
0.3969590229618193, -0.4728624812141669
0.47696201885168943, -0.5239583827341375
0.4609748375635907, -0.5824025273334162
0.4097779062175278, -0.6287388864547893
0.3508616892327764, -0.652101552288984
0.2029032937995258, -0.6241450729997393
-0.45745668523280736, -0.44210756227900805
-0.27753968605296925, 0.6318683343951502
-0.2648665957507673, 0.6920496556663702
-0.15622513929424026, 0.69028488083645
-0.06568770681993143, 0.6758447952110122
0.42880835218955393, 0.5427594221538632
0.7366309945694496, 0.43680988624837275
0.6127717253306932, 0.31189951712106395
0.16689352029772805, 0.43203288605803836
-0.22170567608789937, 0.6050420858980645
-0.45906674712645773, -0.07424876474601767
-0.40392025837627127, 0.17129269393759153
-0.3831621680769745, 0.25299248180297507
-0.31358515480942634, 0.5081621885829413
0.16689352029772805, 0.43203288605803836
0.6127717253306932, 0.31189951712106395
0.6719516737166723, 0.13237168689700074
0.5744847653961981, -0.22849291457794554
0.552694509353034, -0.3076733205895548
0.4768925190235317, -0.3576912143236497
-0.10380796161687587, -0.2987600478162153
-0.4478813118978103, -0.183889498982708
