-0.23566986952042562, -0.02912158823818446
-0.166044506009249, -0.00895323205253163
-0.05678068111870981, 0.025957105733776194
-0.008673997433319527, 0.054928345922557964
0.06420256375006997, 0.06390507447326252
0.2152261524567624, 0.13696513619282136
0.32150715035452976, 0.07410863767262063
0.23428659957179354, 0.044488962668721564
0.17327695129038156, 0.030634512686648328
0.04134451305907197, -0.004507904175919023
-0.016091538291847063, -0.027753404791546452
-0.10042158107907953, -0.05676691006223878
-0.17639592355932932, -0.0791764846387777
-0.23782380314858104, -0.08060429722522991
-0.23782380314858104, -0.08060429722522991
-0.23566986952042562, -0.02912158823818446
-0.008673997433319527, 0.054928345922557964
0.2152261524567624, 0.13696513619282136
0.32150715035452976, 0.07410863767262063
0.23428659957179354, 0.044488962668721564
-0.10042158107907953, -0.05676691006223878
-0.17639592355932932, -0.0791764846387777
