-0.24098920822143555, 0.4190565049648285
-0.16221840679645538, 0.4396706521511078
0.12169870734214783, 0.3375023305416107
0.19550511240959167, 0.07203572988510132
0.22276395559310913, -0.026008816435933113
0.21956488490104675, -0.1409708559513092
0.1560034453868866, -0.3290991187095642
0.10966311395168304, -0.43238094449043274
-0.09188882261514664, -0.41767191886901855
-0.1369563639163971, -0.3373318910598755
-0.1215403601527214, -0.28263217210769653
-0.07746389508247375, -0.22948580980300903
-0.0681707113981247, -0.10996424406766891
-0.05088619887828827, -0.0491173081099987
-0.02636709064245224, 0.011302586644887924
-0.07369153201580048, 0.14822427928447723
-0.1099124625325203, 0.2165423482656479
-0.20110003650188446, 0.291490375995636
-0.2769753634929657, 0.29146867990493774
-0.3287537395954132, 0.3633481562137604
-0.3287537395954132, 0.3633481562137604
-0.24098920822143555, 0.4190565049648285
-0.16221840679645538, 0.4396706521511078
0.12169870734214783, 0.3375023305416107
0.19550511240959167, 0.07203572988510132
-0.02636709064245224, 0.011302586644887924
-0.2769753634929657, 0.29146867990493774
-0.1369563639163971, -0.3373318910598755
-0.1215403601527214, -0.28263217210769653
-0.05088619887828827, -0.0491173081099987
-0.02636709064245224, 0.011302586644887924
0.19550511240959167, 0.07203572988510132
0.22276395559310913, -0.026008816435933113
0.21956488490104675, -0.1409708559513092
0.1560034453868866, -0.3290991187095642
0.10966311395168304, -0.43238094449043274
-0.09188882261514664, -0.41767191886901855
