-0.22098252177238464, -0.015831628814339638
-0.16248959302902222, 0.10585466027259827
-0.018716445192694664, 0.23994570970535278
0.03389992564916611, 0.21886569261550903
0.2308402955532074, 0.009856529533863068
0.08775549381971359, -0.16938146948814392
-0.01877679117023945, -0.19032537937164307
-0.08575202524662018, -0.1546880304813385
-0.22098252177238464, -0.015831628814339638
-0.16248959302902222, 0.10585466027259827
-0.018716445192694664, 0.23994570970535278
0.03389992564916611, 0.21886569261550903
0.2308402955532074, 0.009856529533863068
0.08775549381971359, -0.16938146948814392
-0.01877679117023945, -0.19032537937164307
-0.08575202524662018, -0.1546880304813385
