-0.10239849239587784, 0.19361282885074615
-0.03826761990785599, 0.2523561418056488
0.058202989399433136, 0.22100868821144104
0.24608691036701202, 0.033631183207035065
0.16970983147621155, -0.08678265661001205
0.08671493828296661, -0.1728697270154953
-0.008493197150528431, -0.23615491390228271
-0.09302878379821777, -0.19369326531887054
-0.18735870718955994, -0.07619886845350266
-0.25543347001075745, 0.013684888370335102
-0.25543347001075745, 0.013684888370335102
-0.10239849239587784, 0.19361282885074615
-0.03826761990785599, 0.2523561418056488
0.058202989399433136, 0.22100868821144104
0.24608691036701202, 0.033631183207035065
0.16970983147621155, -0.08678265661001205
0.08671493828296661, -0.1728697270154953
-0.008493197150528431, -0.23615491390228271
-0.09302878379821777, -0.19369326531887054
-0.18735870718955994, -0.07619886845350266
