-0.365421324968338, 0.4121115803718567
-0.3173939883708954, 0.3822265565395355
0.2805604040622711, -0.21172741055488586
0.39297717809677124, -0.3337537944316864
0.3276897668838501, -0.39334437251091003
-0.26604005694389343, 0.19676166772842407
-0.4013347923755646, 0.35159188508987427
-0.4013347923755646, 0.35159188508987427
-0.365421324968338, 0.4121115803718567
-0.3173939883708954, 0.3822265565395355
0.2805604040622711, -0.21172741055488586
0.39297717809677124, -0.3337537944316864
0.3276897668838501, -0.39334437251091003
-0.26604005694389343, 0.19676166772842407
