-0.04504948854446411, 0.08805099129676819
0.025673286989331245, 0.1433037668466568
0.071467325091362, 0.0796416625380516
0.08432270586490631, -0.04201872646808624
0.07118073105812073, -0.0978689044713974
-0.02487950399518013, -0.113939069211483
-0.08752748370170593, 0.010148564353585243
-0.08752748370170593, 0.010148564353585243
-0.04504948854446411, 0.08805099129676819
0.025673286989331245, 0.1433037668466568
0.071467325091362, 0.0796416625380516
0.08432270586490631, -0.04201872646808624
0.07118073105812073, -0.0978689044713974
-0.02487950399518013, -0.113939069211483
