-0.6173993349075317, 0.13371121883392334
-0.5605548024177551, 0.20085732638835907
-0.45272955298423767, 0.3186519742012024
-0.41318222880363464, 0.3590106666088104
-0.20282159745693207, 0.5657303333282471
0.2654402554035187, 0.11009300500154495
0.3431064486503601, 0.03452069312334061
0.633581280708313, -0.27132847905158997
0.6094083189964294, -0.3286373019218445
0.41786956787109375, -0.5156422257423401
0.357837438583374, -0.5640998482704163
0.1995830535888672, -0.40528208017349243
0.16752266883850098, -0.3572610020637512
0.10570394992828369, -0.2800747752189636
0.08766099810600281, -0.2593880593776703
0.06536135077476501, -0.23522230982780457
-6.212845910340548E-4, -0.20651200413703918
-0.09647854417562485, -0.18170155584812164
-0.1562085747718811, -0.16400133073329926
-0.24420049786567688, -0.14132171869277954
-0.31670519709587097, -0.1285851001739502
-0.3781760334968567, -0.10715683549642563
-0.4672575294971466, -0.0860321894288063
-0.5151838660240173, 0.014204991981387138
-0.5424057841300964, 0.03515009582042694
-0.600952684879303, 0.07879585027694702
-0.6173993349075317, 0.13371121883392334
-0.5605548024177551, 0.20085732638835907
-0.45272955298423767, 0.3186519742012024
-0.41318222880363464, 0.3590106666088104
-0.20282159745693207, 0.5657303333282471
0.2654402554035187, 0.11009300500154495
0.06536135077476501, -0.23522230982780457
-0.31670519709587097, -0.1285851001739502
-0.4672575294971466, -0.0860321894288063
-0.600952684879303, 0.07879585027694702
0.06536135077476501, -0.23522230982780457
0.2654402554035187, 0.11009300500154495
0.3431064486503601, 0.03452069312334061
0.633581280708313, -0.27132847905158997
0.6094083189964294, -0.3286373019218445
0.41786956787109375, -0.5156422257423401
0.357837438583374, -0.5640998482704163
0.1995830535888672, -0.40528208017349243
