-0.15894845128059387, -0.15627028048038483
-0.12268538773059845, 0.0829526036977768
-0.09932141751050949, 0.13960854709148407
-0.06562530249357224, 0.20146796107292175
-0.018212582916021347, 0.2190534472465515
0.07281351089477539, 0.21977750957012177
0.1467180997133255, 0.16788208484649658
0.15975970029830933, 0.10556996613740921
0.1765676587820053, 0.003995230887085199
0.13674606382846832, -0.12048361450433731
-0.06399642676115036, -0.20892730355262756
-0.13417948782444, -0.21423624455928802
-0.15894845128059387, -0.15627028048038483
-0.12268538773059845, 0.0829526036977768
-0.09932141751050949, 0.13960854709148407
-0.06562530249357224, 0.20146796107292175
-0.018212582916021347, 0.2190534472465515
0.07281351089477539, 0.21977750957012177
0.1467180997133255, 0.16788208484649658
0.15975970029830933, 0.10556996613740921
0.1765676587820053, 0.003995230887085199
0.13674606382846832, -0.12048361450433731
-0.06399642676115036, -0.20892730355262756
-0.13417948782444, -0.21423624455928802
