-0.2812867760658264, 0.12759463489055634
-0.2364702969789505, 0.20477809011936188
0.1554287075996399, 0.06580619513988495
0.2404775470495224, 0.024698229506611824
0.2572360038757324, -0.03715991973876953
0.25221407413482666, -0.11174334585666656
0.23490193486213684, -0.21702860295772552
0.02505175955593586, -0.15146857500076294
-0.09880682826042175, -0.09982868283987045
-0.2152845412492752, -0.018227791413664818
-0.274340957403183, 0.028796305879950523
-0.2812867760658264, 0.12759463489055634
-0.2364702969789505, 0.20477809011936188
0.1554287075996399, 0.06580619513988495
0.2404775470495224, 0.024698229506611824
0.2572360038757324, -0.03715991973876953
0.25221407413482666, -0.11174334585666656
0.23490193486213684, -0.21702860295772552
0.02505175955593586, -0.15146857500076294
-0.09880682826042175, -0.09982868283987045
-0.2152845412492752, -0.018227791413664818
-0.274340957403183, 0.028796305879950523
