-0.12972434186108162, 0.3794986715136014
-0.12916860471223865, 0.4706185684706914
-0.032957832424985345, 0.5060004388269597
0.0282158804812338, 0.5294343331572485
0.06552447684384992, 0.4845427997047716
0.08968724147315722, 0.38475485465964226
0.09098623520693484, 0.2903188431825714
0.08911862248266264, 0.1889271313517328
0.10780741826491745, 0.13017680923425137
0.10475075253417233, 0.04621370930794835
0.10609001498623802, 0.024655232391902086
0.10931416855010306, -0.0943362789744716
0.12153547701895574, -0.19026063456475284
0.12673650831102667, -0.2468957908109408
0.12773906542420427, -0.310706088393874
0.134540217042982, -0.4292850380388762
0.15041157229484306, -0.5174034172721648
0.15284747101203866, -0.6097989291144275
0.06691116504290426, -0.6484159884906318
0.027975492735500262, -0.6149992135335506
-0.04448169855061677, -0.5961876315313238
-0.05051473291959815, -0.4911475861529823
-0.0625033431956267, -0.4312612026133667
-0.0664002823015742, -0.3137427975471008
-0.08533227883787757, -0.232313191546293
-0.08862339580054883, -0.13141038316690412
-0.09007772663034766, -0.06866193763401228
-0.10095096075685468, -0.014297310307606925
-0.10638396996601503, 0.11296212330204833
-0.11316829227929963, 0.1702735188455813
-0.1283561227207114, 0.2901323010395796
-0.12972434186108162, 0.3794986715136014
-0.12916860471223865, 0.4706185684706914
0.0282158804812338, 0.5294343331572485
0.06552447684384992, 0.4845427997047716
0.08968724147315722, 0.38475485465964226
0.10780741826491745, 0.13017680923425137
0.15041157229484306, -0.5174034172721648
0.15284747101203866, -0.6097989291144275
0.06691116504290426, -0.6484159884906318
-0.04448169855061677, -0.5961876315313238
-0.08533227883787757, -0.232313191546293
-0.1283561227207114, 0.2901323010395796
