-0.33778788178763625, -0.028339761732961107
-0.2149048712319884, 0.00896897505921076
-0.12078646001575755, 0.03127948325227428
-0.05979694185094449, 0.03736859236025509
-0.08352160809127963, -0.016816066934021604
-0.12128655118160529, -0.06380550460900189
-0.24500938321600518, -0.08550733914763113
-0.34020698395428356, -0.08805878726090201
-0.34020698395428356, -0.08805878726090201
-0.33778788178763625, -0.028339761732961107
-0.2149048712319884, 0.00896897505921076
-0.12078646001575755, 0.03127948325227428
-0.05979694185094449, 0.03736859236025509
-0.08352160809127963, -0.016816066934021604
-0.12128655118160529, -0.06380550460900189
-0.24500938321600518, -0.08550733914763113
