-0.08648711054563143, -0.041882330131375316
-0.12709141872094207, -0.04373880568158081
-0.1867088800986424, -0.06252188149906203
-0.28205639775468666, -0.06027699055414398
-0.2679229739385579, 7.976123174597392E-4
-0.2038174828724013, 0.04072929914645178
-0.10457288000178298, 0.03843018975136306
-0.28205639775468666, -0.06027699055414398
-0.2679229739385579, 7.976123174597392E-4
-0.2038174828724013, 0.04072929914645178
-0.10457288000178298, 0.03843018975136306
-0.08648711054563143, -0.041882330131375316
-0.1867088800986424, -0.06252188149906203
