-0.04680909951666583, 0.046108052737127786
-0.03160389956177354, 0.10455541978114717
0.03038112288332195, 0.08509657747892935
0.034847502302090834, 0.020221179523291895
0.035032117391753624, -0.11238458575253812
-0.032099551695268055, -0.09159273101853696
-0.04631210741886158, -0.013211134454497458
-0.04680909951666583, 0.046108052737127786
-0.03160389956177354, 0.10455541978114717
0.03038112288332195, 0.08509657747892935
0.034847502302090834, 0.020221179523291895
0.035032117391753624, -0.11238458575253812
-0.032099551695268055, -0.09159273101853696
-0.04631210741886158, -0.013211134454497458
