-0.14685198664665222, -0.07412541657686234
-0.09632378071546555, 0.030270271003246307
-0.023083152249455452, 0.04647482931613922
0.06636190414428711, 0.10025060921907425
0.10505963861942291, 0.06465891003608704
0.09591742604970932, -0.0359208807349205
0.04462435096502304, -0.08313097804784775
-0.04076138883829117, -0.080104298889637
-0.14685198664665222, -0.07412541657686234
-0.09632378071546555, 0.030270271003246307
0.06636190414428711, 0.10025060921907425
0.10505963861942291, 0.06465891003608704
0.09591742604970932, -0.0359208807349205
0.04462435096502304, -0.08313097804784775
-0.04076138883829117, -0.080104298889637
