-0.07436656206846237, -0.03532933071255684
-0.044470369815826416, 0.05566198751330376
-0.0030480618588626385, 0.15255361795425415
0.025610484182834625, 0.22806856036186218
0.04342913255095482, 0.2863532304763794
0.06384063512086868, 0.3469347357749939
0.08635638654232025, 0.40844273567199707
0.17214618623256683, 0.3738020360469818
0.1405021846294403, 0.27748486399650574
0.06264123320579529, 0.08207359910011292
0.055483024567365646, 0.011724422685801983
0.028350843116641045, -0.06569531559944153
-0.009735772386193275, -0.18499723076820374
-0.07670082896947861, -0.3372701108455658
-0.11254016309976578, -0.2969835698604584
-0.14474858343601227, -0.25007644295692444
-0.10582472383975983, -0.17463985085487366
-0.09190545976161957, -0.1322277933359146
-0.14474858343601227, -0.25007644295692444
-0.07436656206846237, -0.03532933071255684
-0.044470369815826416, 0.05566198751330376
0.08635638654232025, 0.40844273567199707
0.17214618623256683, 0.3738020360469818
0.055483024567365646, 0.011724422685801983
-0.009735772386193275, -0.18499723076820374
-0.07670082896947861, -0.3372701108455658
-0.11254016309976578, -0.2969835698604584
