0.05922136828303337, -0.10224077850580215
0.18975964188575745, -0.09340091794729233
0.16238738596439362, -0.1704041063785553
0.14541937410831451, -0.23422308266162872
0.09214168787002563, -0.20938532054424286
0.05216784402728081, -0.2004820555448532
-0.031215334311127663, -0.20930913090705872
-0.09749391674995422, -0.19922594726085663
-0.1730811446905136, -0.18152379989624023
-0.21731090545654297, -0.12823571264743805
-0.2182399183511734, -0.0672515332698822
-0.228776752948761, 0.015915296971797943
-0.1638607531785965, -0.004458549432456493
-0.0808565691113472, -0.02357708290219307
-0.009368601255118847, -0.06178678199648857
-0.228776752948761, 0.015915296971797943
0.18975964188575745, -0.09340091794729233
0.14541937410831451, -0.23422308266162872
-0.031215334311127663, -0.20930913090705872
-0.09749391674995422, -0.19922594726085663
-0.1730811446905136, -0.18152379989624023
-0.21731090545654297, -0.12823571264743805
