0.06026972085237503, -0.09962660819292068
0.001469818060286343, -0.04979132115840912
-0.10065385699272156, -0.008009995333850384
-0.19694432616233826, -0.008490964770317078
-0.2402336746454239, 0.024299992248415947
-0.29576537013053894, 0.03578097000718117
-0.2670678198337555, 0.09254150837659836
-0.24803420901298523, 0.14133918285369873
-0.18551579117774963, 0.12057260423898697
-0.17640499770641327, 0.06435157358646393
-0.10150466859340668, 0.03913407027721405
-0.016406625509262085, 0.05826430767774582
0.05210421234369278, 0.02814585156738758
0.1270626336336136, -0.01359186414629221
0.16565509140491486, -0.05516250431537628
0.12074512243270874, -0.10619346052408218
-0.29576537013053894, 0.03578097000718117
-0.24803420901298523, 0.14133918285369873
-0.18551579117774963, 0.12057260423898697
-0.016406625509262085, 0.05826430767774582
0.05210421234369278, 0.02814585156738758
0.1270626336336136, -0.01359186414629221
0.16565509140491486, -0.05516250431537628
0.12074512243270874, -0.10619346052408218
0.06026972085237503, -0.09962660819292068
-0.19694432616233826, -0.008490964770317078
