-0.5273472666740417, 0.1886713206768036
-0.5209910273551941, 0.2448531836271286
-0.45374614000320435, 0.2887707054615021
-0.34082430601119995, 0.3361237943172455
-0.2177964150905609, 0.24816478788852692
-0.16008242964744568, 0.22910138964653015
-0.09227064996957779, 0.18721731007099152
-0.046701617538928986, 0.15380065143108368
0.0061775376088917255, 0.10302302241325378
0.0309719480574131, 0.08749295771121979
0.0812537893652916, 0.06369774788618088
0.15788383781909943, 0.014268815517425537
0.1914445012807846, -0.02365824393928051
0.22446611523628235, -0.05524710193276405
0.3009663224220276, -0.07966981083154678
0.3590836524963379, -0.11349896341562271
0.4045192301273346, -0.1614679992198944
0.48438090085983276, -0.2275082916021347
0.4257468283176422, -0.2871358394622803
0.36769452691078186, -0.3597154915332794
0.26289448142051697, -0.3534083068370819
0.22043916583061218, -0.293850839138031
0.08037908375263214, -0.2441604882478714
0.04405635967850685, -0.19393359124660492
-0.012443245388567448, -0.1471857726573944
-0.08362477272748947, -0.12687799334526062
-0.11530350148677826, -0.0879247784614563
-0.18729260563850403, -0.028358513489365578
-0.2810309827327728, 0.04114203900098801
-0.3304165005683899, 0.05621037632226944
-0.3897526264190674, 0.08649875968694687
-0.4845707416534424, 0.13755567371845245
-0.5273472666740417, 0.1886713206768036
-0.5209910273551941, 0.2448531836271286
-0.45374614000320435, 0.2887707054615021
-0.34082430601119995, 0.3361237943172455
-0.16008242964744568, 0.22910138964653015
-0.09227064996957779, 0.18721731007099152
0.3590836524963379, -0.11349896341562271
0.48438090085983276, -0.2275082916021347
0.36769452691078186, -0.3597154915332794
0.26289448142051697, -0.3534083068370819
0.08037908375263214, -0.2441604882478714
-0.4845707416534424, 0.13755567371845245
