0.04634206369519234, 0.11500836908817291
0.11860958486795425, 0.1193012148141861
0.16271568834781647, 0.06524009257555008
0.2818441092967987, 0.11015155911445618
0.3477979600429535, 0.1026904508471489
0.36093538999557495, -0.07872900366783142
0.3741041421890259, -0.19478829205036163
0.18719863891601562, -0.17180822789669037
0.10299388319253922, -0.17921841144561768
0.07811649143695831, -0.12470676749944687
0.0010346429189667106, -0.12911564111709595
-6.591465207748115E-4, -0.07233323901891708
-0.010253301821649075, 0.01893441006541252
-0.010253301821649075, 0.01893441006541252
0.04634206369519234, 0.11500836908817291
0.11860958486795425, 0.1193012148141861
0.2818441092967987, 0.11015155911445618
0.3477979600429535, 0.1026904508471489
0.3741041421890259, -0.19478829205036163
0.10299388319253922, -0.17921841144561768
0.0010346429189667106, -0.12911564111709595
