-0.48100247979164124, 0.28349998593330383
-0.4475182294845581, 0.3765602111816406
-0.3995515704154968, 0.4194774627685547
-0.38353052735328674, 0.4668639004230499
-0.3836817443370819, 0.5535478591918945
-0.33535894751548767, 0.49858754873275757
-0.3045434057712555, 0.41872638463974
-0.32144129276275635, 0.3478739261627197
-0.3202950060367584, 0.3227144181728363
-0.2969890236854553, 0.2686323821544647
-0.13669806718826294, 0.2429134100675583
-0.003722542431205511, 0.20477183163166046
0.0817924216389656, 0.2431454062461853
0.12895508110523224, 0.2908807396888733
0.11917134374380112, 0.34320196509361267
0.1342717558145523, 0.40329378843307495
0.08106662333011627, 0.4545292556285858
0.0562087781727314, 0.47023752331733704
-0.02296893671154976, 0.5114237666130066
-0.0698508620262146, 0.540664792060852
-0.10572073608636856, 0.5888556241989136
-0.02560403384268284, 0.5586636066436768
0.04401034116744995, 0.5619702339172363
0.11423060297966003, 0.5472313761711121
0.1908547729253769, 0.5049461126327515
0.2809714078903198, 0.44079121947288513
0.2471739500761032, 0.3562386929988861
0.24013575911521912, 0.3358496427536011
0.22203753888607025, 0.26672235131263733
0.23092436790466309, 0.1732102483510971
0.26720452308654785, 0.12459326535463333
0.3203635513782501, 0.09805700927972794
0.38263750076293945, 0.10918180644512177
0.43713465332984924, 0.08237826824188232
0.5100601315498352, 0.03229774534702301
0.5260732769966125, 0.025149822235107422
0.6097104549407959, 0.021034562960267067
0.6492938995361328, 0.1008678749203682
0.6645288467407227, 0.18884459137916565
0.7145124077796936, 0.25253382325172424
0.7541258931159973, 0.17319591343402863
0.6914036273956299, 0.11242882907390594
0.6729596257209778, 0.032247211784124374
0.6365950703620911, -0.04161739721894264
0.5997397899627686, -0.12201834470033646
0.5633156895637512, -0.20196396112442017
0.5486776828765869, -0.1257820576429367
0.4982532560825348, -0.07801925390958786
0.39486223459243774, -0.06186523288488388
0.2899794578552246, -0.020748643204569817
0.1914971023797989, -0.006424709688872099
0.13511082530021667, -0.0365418866276741
0.11246606707572937, -0.09140625596046448
0.08274861425161362, -0.21162667870521545
0.11977493017911911, -0.2951182723045349
0.2961214482784271, -0.3434717059135437
0.35155460238456726, -0.36246857047080994
0.42965590953826904, -0.38258683681488037
0.42123353481292725, -0.4762381613254547
0.3555569648742676, -0.501499593257904
0.30635249614715576, -0.489364892244339
0.24132268130779266, -0.44654691219329834
0.17498676478862762, -0.4443514943122864
0.08247869461774826, -0.43204402923583984
-5.213104304857552E-4, -0.424543559551239
-0.043705593794584274, -0.3698485791683197
-0.16126000881195068, -0.3430103361606598
-0.24871203303337097, -0.33029821515083313
-0.33198708295822144, -0.29113203287124634
-0.4173465967178345, -0.28392523527145386
-0.5180965065956116, -0.26571252942085266
-0.5572084784507751, -0.20546981692314148
-0.5948048233985901, -0.12336604297161102
-0.5682374238967896, -0.029416337609291077
-0.5214311480522156, 0.002106718486174941
-0.5343331098556519, 0.08600961416959763
-0.48833173513412476, 0.12072839587926865
-0.4828517735004425, 0.18811984360218048
-0.10572073608636856, 0.5888556241989136
0.04401034116744995, 0.5619702339172363
0.11423060297966003, 0.5472313761711121
0.1908547729253769, 0.5049461126327515
0.2809714078903198, 0.44079121947288513
0.2761434316635132, 0.4287129044532776
0.1342717558145523, 0.40329378843307495
-0.0698508620262146, 0.540664792060852
0.6097104549407959, 0.021034562960267067
0.6645288467407227, 0.18884459137916565
0.7145124077796936, 0.25253382325172424
0.7541258931159973, 0.17319591343402863
0.6353391408920288, -0.04435722529888153
0.2735748589038849, -0.01836264692246914
0.3203635513782501, 0.09805700927972794
0.38263750076293945, 0.10918180644512177
0.6097104549407959, 0.021034562960267067
0.6353391408920288, -0.04435722529888153
0.5633156895637512, -0.20196396112442017
0.04995828494429588, -0.21783120930194855
0.08274861425161362, -0.21162667870521545
0.42965590953826904, -0.38258683681488037
0.42123353481292725, -0.4762381613254547
0.3555569648742676, -0.501499593257904
0.30635249614715576, -0.489364892244339
0.07710684090852737, -0.4315585792064667
-0.003722542431205511, 0.20477183163166046
0.1342717558145523, 0.40329378843307495
0.2761434316635132, 0.4287129044532776
0.3203635513782501, 0.09805700927972794
0.2735748589038849, -0.01836264692246914
0.08274861425161362, -0.21162667870521545
0.04995828494429588, -0.21783120930194855
-0.5948048233985901, -0.12336604297161102
-0.5676280856132507, -0.026203835383057594
-0.2969890236854553, 0.2686323821544647
-0.13669806718826294, 0.2429134100675583
-0.003722542431205511, 0.20477183163166046
0.07710684090852737, -0.4315585792064667
-5.213104304857552E-4, -0.424543559551239
-0.5180965065956116, -0.26571252942085266
-0.5572084784507751, -0.20546981692314148
-0.5676280856132507, -0.026203835383057594
-0.48100247979164124, 0.28349998593330383
-0.4475182294845581, 0.3765602111816406
-0.3836817443370819, 0.5535478591918945
-0.33535894751548767, 0.49858754873275757
-0.3045434057712555, 0.41872638463974
-0.2969890236854553, 0.2686323821544647
