-0.2275550365447998, -0.07461097091436386
-0.20471325516700745, 0.0037668533623218536
-0.14824923872947693, 0.10999153554439545
-0.0471675805747509, 0.1760343313217163
0.15045055747032166, 0.21530386805534363
0.18242253363132477, 0.04843517392873764
0.17103680968284607, -0.10209156572818756
0.08905632048845291, -0.19965651631355286
-0.045248065143823624, -0.19763533771038055
-0.22072520852088928, -0.14913871884346008
-0.2275550365447998, -0.07461097091436386
-0.20471325516700745, 0.0037668533623218536
-0.14824923872947693, 0.10999153554439545
-0.0471675805747509, 0.1760343313217163
0.15045055747032166, 0.21530386805534363
0.18242253363132477, 0.04843517392873764
0.17103680968284607, -0.10209156572818756
0.08905632048845291, -0.19965651631355286
-0.045248065143823624, -0.19763533771038055
-0.22072520852088928, -0.14913871884346008
