-0.1985594928264618, 0.04056873917579651
-0.14713847637176514, 0.11060997098684311
-0.09565307945013046, 0.16552449762821198
0.0440061017870903, 0.18201833963394165
0.22904068231582642, 0.010342235676944256
0.2196676880121231, -0.05350152403116226
0.10885203629732132, -0.17176784574985504
0.06043996661901474, -0.21499088406562805
0.0012948198709636927, -0.23517480492591858
-0.1741650104522705, -0.049000173807144165
-0.1985594928264618, 0.04056873917579651
-0.14713847637176514, 0.11060997098684311
-0.09565307945013046, 0.16552449762821198
0.0440061017870903, 0.18201833963394165
0.22904068231582642, 0.010342235676944256
0.2196676880121231, -0.05350152403116226
0.10885203629732132, -0.17176784574985504
0.06043996661901474, -0.21499088406562805
0.0012948198709636927, -0.23517480492591858
-0.1741650104522705, -0.049000173807144165
