-0.2331814467906952, 0.011074395850300789
-0.22327519953250885, 0.08890745043754578
-0.17430874705314636, 0.20285111665725708
0.06293755769729614, 0.18852533400058746
0.1386990249156952, 0.17210625112056732
0.19357340037822723, -0.014667042531073093
0.17973288893699646, -0.11916352063417435
0.16335266828536987, -0.17693592607975006
-0.08883609622716904, -0.21942423284053802
-0.21586795151233673, -0.09024304896593094
-0.2331814467906952, 0.011074395850300789
-0.22327519953250885, 0.08890745043754578
-0.17430874705314636, 0.20285111665725708
0.06293755769729614, 0.18852533400058746
0.1386990249156952, 0.17210625112056732
0.19357340037822723, -0.014667042531073093
0.17973288893699646, -0.11916352063417435
0.16335266828536987, -0.17693592607975006
-0.08883609622716904, -0.21942423284053802
-0.21586795151233673, -0.09024304896593094
