-0.07652131712892898, 0.22095116567518572
-0.019883488353965504, 0.14986907415668033
-0.0027716665860230264, 0.07790923684779137
0.05883122602765785, -0.012662189061366364
0.09443991069493414, -0.07520945235440014
0.13424046359747782, -0.15409132524826988
0.08848452229802166, -0.19315704654542679
0.005372345598963308, -0.11840733574496502
-0.1130875186604625, 0.12213940958861515
-0.15347204060341038, 0.20095419875568024
-0.1642719146606503, 0.26802996594102646
-0.1642719146606503, 0.26802996594102646
-0.07652131712892898, 0.22095116567518572
-0.019883488353965504, 0.14986907415668033
0.09443991069493414, -0.07520945235440014
0.13424046359747782, -0.15409132524826988
0.08848452229802166, -0.19315704654542679
0.005372345598963308, -0.11840733574496502
-0.15347204060341038, 0.20095419875568024
