-0.48626771460534324, 0.04910190212717057
-0.3799496116094157, 0.11575528552859554
-0.30891520057445815, 0.1452209906311625
-0.19309233206552523, 0.21300839473459476
-0.10871813914875808, 0.2649274639801221
0.010307186614196117, 0.3256316001075104
0.2049583415691726, 0.4106340851738716
0.24489038987764544, 0.3295237435824956
0.2847126335987594, 0.2561245241642141
0.3204127988549917, 0.19032524823022062
0.3592948456199761, 0.11070932799465856
0.3811383475014669, 0.05326976642558719
0.41695399426260116, 0.010493543837016077
0.44546977874900096, -0.08544850220546882
0.38475944232576337, -0.12238824032614072
0.16166914989523953, -0.24026443231787847
0.12114622027994748, -0.2618880014906451
0.0550049069985738, -0.3140890788089658
-0.015527359786378628, -0.3325856347498947
-0.2313182502519846, -0.444336619369735
-0.2972445755393274, -0.35019644625936824
-0.3319712451929377, -0.24946913957051783
-0.44602650857381454, -0.06002547762811696
-0.48626771460534324, 0.04910190212717057
-0.3799496116094157, 0.11575528552859554
-0.10871813914875808, 0.2649274639801221
0.010307186614196117, 0.3256316001075104
0.2049583415691726, 0.4106340851738716
0.41695399426260116, 0.010493543837016077
0.44546977874900096, -0.08544850220546882
0.38475944232576337, -0.12238824032614072
0.0550049069985738, -0.3140890788089658
-0.2313182502519846, -0.444336619369735
-0.2972445755393274, -0.35019644625936824
-0.44602650857381454, -0.06002547762811696
