-0.3387150137775786, -0.20613703387624271
-0.295660818972138, -0.14648278390045444
-0.25673225513217696, -0.07629422074512243
-0.0664404022868816, 0.11464044418536641
0.016848066774898304, 0.16027951445467403
0.06523142769014445, 0.18700063594297592
0.13009417488891403, 0.21941076653840721
0.1794989480458837, 0.24968725283181184
0.2557749279889694, 0.2656658941710393
0.3144332200563487, 0.15841316479228335
0.33907224249891554, 0.08811793205793692
0.240954922775995, 0.021309372961047776
0.1948150917558618, -0.001614168247980972
0.1486816262125946, -0.03510051882718945
0.0795671839914825, -0.08055228925537193
0.0160334240821171, -0.11970979228234668
-0.045288686895503805, -0.16393180956105635
-0.13373940985019955, -0.2046972565046862
-0.18967742569621834, -0.2466613712803539
-0.2390755039779205, -0.27471221884221997
-0.2877385414176507, -0.29454361488465614
-0.3387150137775786, -0.20613703387624271
-0.25673225513217696, -0.07629422074512243
-0.0664404022868816, 0.11464044418536641
0.06523142769014445, 0.18700063594297592
0.1794989480458837, 0.24968725283181184
0.2557749279889694, 0.2656658941710393
0.3144332200563487, 0.15841316479228335
0.33907224249891554, 0.08811793205793692
0.240954922775995, 0.021309372961047776
-0.045288686895503805, -0.16393180956105635
-0.18967742569621834, -0.2466613712803539
-0.2390755039779205, -0.27471221884221997
-0.2877385414176507, -0.29454361488465614
