0.13412948305810152, 0.16725148327836337
0.1375195339491148, 0.10166794878129867
0.0772394484735741, 0.02916181995148873
-0.03977452361831958, -0.019418852911302683
-0.048298926038413195, -0.11283007125387592
0.00765384867148193, -0.15414426135144046
-0.060244149550378046, -0.16385650220648568
-0.09455890504087809, -0.20462359992831836
-0.164453038605988, -0.13813590624816874
-0.16168435395415615, -0.08387617281560959
-0.1219405114702809, -0.018798159739718878
-0.015560174015402523, 0.06631029614328379
0.04450829375807671, 0.1122723291999271
-0.164453038605988, -0.13813590624816874
-0.16168435395415615, -0.08387617281560959
-0.1219405114702809, -0.018798159739718878
-0.09051761299981097, 0.006341395484237794
-0.03977452361831958, -0.019418852911302683
0.00765384867148193, -0.15414426135144046
-0.09455890504087809, -0.20462359992831836
-0.09051761299981097, 0.006341395484237794
-0.015560174015402523, 0.06631029614328379
0.04450829375807671, 0.1122723291999271
0.13412948305810152, 0.16725148327836337
0.1375195339491148, 0.10166794878129867
0.0772394484735741, 0.02916181995148873
-0.03977452361831958, -0.019418852911302683
