-0.48100247207989405, 0.28349997799031906
-0.4475182243068791, 0.37656020148604774
-0.39955155862337693, 0.4194774522879366
-0.3835305392033843, 0.4668639040260601
-0.38368174557157536, 0.5535478581480628
-0.33535895640991076, 0.49858755876387806
-0.3045434050900865, 0.41872639704626274
-0.32144128985832887, 0.3478739301875578
-0.3202949964845087, 0.3227144315862779
-0.29698903026278217, 0.26863237536279794
-0.13669806750819347, 0.24291340399022418
-0.0037225424107502486, 0.20477182461702745
0.08179242123281844, 0.24314540894625475
0.12895507791538602, 0.29088073756067934
0.11917134119423424, 0.34320196685300886
0.13427176250279438, 0.4032937755389592
0.08106662236464279, 0.4545292663133984
0.05620877822005537, 0.4702375218463095
-0.022968936837574915, 0.511423759848564
-0.06985085837899488, 0.5406647834653459
-0.10572073794975476, 0.5888556435824143
-0.02560403384582554, 0.5586636295482278
0.04401033953199915, 0.5619702628834067
0.11423060495099896, 0.5472313627979082
0.190854771403206, 0.5049460926632969
0.2809713934921036, 0.44079121984279446
0.2471739548937551, 0.35623870571080957
0.24013576221872884, 0.33584962835771576
0.22203753673147023, 0.26672236361505475
0.23092436095341945, 0.17321024930402734
0.2672045200793985, 0.12459326799645459
0.3203635454531716, 0.09805700764929509
0.382637491131651, 0.10918180914530731
0.43713465473492147, 0.08237826996130827
0.5100601612607716, 0.03229774416451959
0.5260732724618359, 0.02514982168974025
0.6097104551899243, 0.021034563804119607
0.649293903973865, 0.10086787335260816
0.6645288418725572, 0.18884458725314265
0.7145124271530193, 0.2525338198798311
0.7541258868906593, 0.17319590823476477
0.6914036196596619, 0.11242882881341965
0.6729596091132483, 0.032247210892156264
0.6365950510464696, -0.04161739843209668
0.5997398082520019, -0.12201834344940782
0.5633156820446059, -0.201963966500878
0.5486776771636207, -0.12578205655363445
0.49825325039238355, -0.07801925076349157
0.3948622442591486, -0.061865232456008445
0.2899794630411936, -0.020748642808399782
0.19149710381962265, -0.006424709527982795
0.13511083065760013, -0.036541885043088376
0.11246606843231115, -0.09140625820858421
0.08274861139006437, -0.21162668453046096
0.11977493070905505, -0.2951182685732123
0.2961214475484082, -0.34347169661612387
0.35155460373601355, -0.3624685633740968
0.42965590804127823, -0.38258683426430856
0.4212335436095316, -0.47623815008909487
0.35555696832988753, -0.5014996096855069
0.30635249006631016, -0.48936487841193527
0.24132267977681934, -0.44654691386891704
0.17498676336866412, -0.44435149321656103
0.08247869203762165, -0.4320440203199337
-5.213104211771371E-4, -0.4245435712250775
-0.04370559297034855, -0.3698485782859212
-0.16126001381316787, -0.34301034154429066
-0.2487120310227234, -0.3302982226009852
-0.3319870955447412, -0.29113202899296287
-0.4173466011717886, -0.2839252249314157
-0.518096495185063, -0.26571251623034564
-0.5572084742194294, -0.20546981041062812
-0.594804826812359, -0.12336604024486987
-0.5682374441084255, -0.029416338024137616
-0.5214311454895519, 0.0021067186011811986
-0.5343330944066177, 0.08600961130127686
-0.48833174251773437, 0.12072839294675047
-0.4828517767573049, 0.1881198429925438
-0.10572073794975476, 0.5888556435824143
0.04401033953199915, 0.5619702628834067
0.11423060495099896, 0.5472313627979082
0.190854771403206, 0.5049460926632969
0.2809713934921036, 0.44079121984279446
0.27614343969011834, 0.4287129189714711
0.13427176250279438, 0.4032937755389592
-0.06985085837899488, 0.5406647834653459
0.6097104551899243, 0.021034563804119607
0.6645288418725572, 0.18884458725314265
0.7145124271530193, 0.2525338198798311
0.7541258868906593, 0.17319590823476477
0.635339133662802, -0.0443572242168204
0.2735748571819715, -0.018362647167389935
0.3203635454531716, 0.09805700764929509
0.382637491131651, 0.10918180914530731
0.6097104551899243, 0.021034563804119607
0.635339133662802, -0.0443572242168204
0.5633156820446059, -0.201963966500878
0.04995828545751811, -0.21783120246833504
0.08274861139006437, -0.21162668453046096
0.42965590804127823, -0.38258683426430856
0.4212335436095316, -0.47623815008909487
0.35555696832988753, -0.5014996096855069
0.30635249006631016, -0.48936487841193527
0.0771068433316913, -0.43155858325281915
-0.0037225424107502486, 0.20477182461702745
0.13427176250279438, 0.4032937755389592
0.27614343969011834, 0.4287129189714711
0.3203635454531716, 0.09805700764929509
0.2735748571819715, -0.018362647167389935
0.08274861139006437, -0.21162668453046096
0.04995828545751811, -0.21783120246833504
-0.594804826812359, -0.12336604024486987
-0.5676280975248977, -0.026203836001914504
-0.29698903026278217, 0.26863237536279794
-0.13669806750819347, 0.24291340399022418
-0.0037225424107502486, 0.20477182461702745
0.0771068433316913, -0.43155858325281915
-5.213104211771371E-4, -0.4245435712250775
-0.518096495185063, -0.26571251623034564
-0.5572084742194294, -0.20546981041062812
-0.5676280975248977, -0.026203836001914504
-0.48100247207989405, 0.28349997799031906
-0.4475182243068791, 0.37656020148604774
-0.38368174557157536, 0.5535478581480628
-0.33535895640991076, 0.49858755876387806
-0.3045434050900865, 0.41872639704626274
-0.29698903026278217, 0.26863237536279794
