-0.0743665584232593, -0.03532933016511228
-0.04447037061246074, 0.05566198889881477
-0.003048061880856423, 0.15255361976610476
0.025610484350750744, 0.22806855505361992
0.043429133956190906, 0.2863532255035343
0.06384063603233706, 0.3469347338080022
0.08635638667866584, 0.4084427348203527
0.1721461915893326, 0.3738020384625523
0.1405021879091569, 0.27748486546742795
0.0626412296928421, 0.08207359958948442
0.055483023448425976, 0.011724422357749486
0.028350843669285, -0.06569531640825929
-0.00973577232193142, -0.18499723060498027
-0.07670082683615764, -0.3372701093573547
-0.11254016238975825, -0.2969835654328605
-0.14474858991526077, -0.2500764362428768
-0.10582472458914302, -0.17463985070232282
-0.09190545721550544, -0.1322277938836117
-0.14474858991526077, -0.2500764362428768
-0.0743665584232593, -0.03532933016511228
-0.04447037061246074, 0.05566198889881477
0.08635638667866584, 0.4084427348203527
0.1721461915893326, 0.3738020384625523
0.055483023448425976, 0.011724422357749486
-0.00973577232193142, -0.18499723060498027
-0.07670082683615764, -0.3372701093573547
-0.11254016238975825, -0.2969835654328605
