-0.1919436342565966, -0.09728477274599527
-0.1605849853026562, -0.041590284303108384
-0.19500866860125143, 0.0048208735975661405
-0.21162690506018386, 0.08173536447087187
-0.1224414478994943, 0.08113505851884316
-0.060255127093387324, 0.14247747511120848
0.04685685021868123, 0.18415046131151092
0.13648332428540605, 0.18894261116459246
0.1722317765106287, 0.04958160960271571
0.17831463946403786, -0.047007621048340754
0.13373615479307982, -0.0885363596204291
0.14024087379077432, -0.16546860641184943
0.08208319295001587, -0.1430992884097608
0.0399962366122496, -0.13512261750514257
-0.05818755302853867, -0.1270408417765382
-0.14216734432383404, -0.12217177368824231
-0.21162690506018386, 0.08173536447087187
-0.060255127093387324, 0.14247747511120848
0.04685685021868123, 0.18415046131151092
0.13648332428540605, 0.18894261116459246
0.1722317765106287, 0.04958160960271571
0.17831463946403786, -0.047007621048340754
0.14024087379077432, -0.16546860641184943
-0.14216734432383404, -0.12217177368824231
-0.1919436342565966, -0.09728477274599527
