-0.1468519857921477, -0.07412541580579754
-0.09632377705585424, 0.030270270188401383
-0.02308315157534988, 0.046474830026513675
0.06636190307846247, 0.10025060867644614
0.10505963847614283, 0.06465890798775567
0.09591742922167008, -0.035920881066625734
0.04462434972704073, -0.08313098013143862
-0.0407613884310036, -0.08010429629901457
-0.1468519857921477, -0.07412541580579754
-0.09632377705585424, 0.030270270188401383
0.06636190307846247, 0.10025060867644614
0.10505963847614283, 0.06465890798775567
0.09591742922167008, -0.035920881066625734
0.04462434972704073, -0.08313098013143862
-0.0407613884310036, -0.08010429629901457
