-0.12860571640062105, 0.08257129054443338
-0.07033910210755487, 0.06344604050956591
-0.02557601951124042, 0.021245048224650814
0.029583222543169977, 0.01815707765117593
0.09434288654595638, 0.0023326700921119936
0.15219559889727852, -0.01978878006997216
0.21446568802212576, -0.058019463599489215
0.23703360856824307, -0.11492672707003831
0.15449012671029705, -0.095448073848686
0.07827442007539538, -0.0803889541217453
-0.002039858551926642, -0.025532776796557827
-0.056897786716311294, -0.005368938158801996
-0.14122334485824517, 0.021806721225952154
-0.22578542298167237, 0.08580768818963797
-0.22578542298167237, 0.08580768818963797
-0.12860571640062105, 0.08257129054443338
-0.07033910210755487, 0.06344604050956591
0.09434288654595638, 0.0023326700921119936
0.15219559889727852, -0.01978878006997216
0.21446568802212576, -0.058019463599489215
0.23703360856824307, -0.11492672707003831
0.07827442007539538, -0.0803889541217453
-0.14122334485824517, 0.021806721225952154
