-0.24123048360710883, -0.014120153330210067
-0.27810704192529795, -0.05203074164569394
-0.2742108234039266, -0.147391396548776
-0.4163112257765397, -0.16219623728123936
-0.46121564242154667, -0.08698401455719987
-0.514623470138019, -0.02371767143234715
-0.6040354941466035, -0.007820952370092643
-0.575325560602336, 0.06441278946321917
-0.47031331826870554, 0.011735592650812105
-0.42846163047251096, 0.0655287876508466
-0.41730487442467107, 0.13130005468638034
-0.3267251497509722, 0.14498998175112143
-0.24146676650655147, 0.12282445409448263
-0.6040354941466035, -0.007820952370092643
-0.575325560602336, 0.06441278946321917
-0.41730487442467107, 0.13130005468638034
-0.3267251497509722, 0.14498998175112143
-0.24146676650655147, 0.12282445409448263
-0.24123048360710883, -0.014120153330210067
-0.2742108234039266, -0.147391396548776
-0.4163112257765397, -0.16219623728123936
