-2.212733166831311, -1.328512950288147
-2.1839934651434043, -1.2474839349376718
-2.1372120399149814, -1.1763208109097467
-2.1068169587467658, -1.096077027534024
-2.0782902302507678, -1.0252773323978215
-2.0314193021071683, -0.9431073931235886
-1.9884308013343894, -0.8618795880461614
-1.972879584075518, -0.8083517767648349
-1.9483889383447521, -0.754115182540338
-1.8612181578749458, -0.5825831209023338
-1.8311970705615679, -0.5344000500268925
-1.8102776035277275, -0.46884626453522404
-1.7100309362089763, -0.43920314200521876
-1.6291597605850505, -0.4062313163608815
-1.5629144192755213, -0.3935416981011851
-1.500542019177488, -0.392526460251203
-1.3858653071456317, -0.3412551802213132
-1.26925123692785, -0.29307732018106913
-1.2523651217641316, -0.28121942335877415
-1.2436321115718396, -0.18681453969460077
-1.406136842229449, -0.1305986067202777
-1.3210905015508658, -0.12494537251603037
-1.2297550024609505, -0.11549743346457857
-1.1501439623224925, -0.0728827459726627
-1.128636425313028, -0.05943492024507713
-1.0635965489673511, 0.010076037785025006
-1.04655708297137, 0.053450008634548275
-1.0247637897771658, 0.12227992431812229
-1.023746030598329, 0.21041895395827176
-1.0457837081311423, 0.25403726810221966
-1.1037027037199887, 0.3129242348554361
-1.0310294339981527, 0.34034877505571565
-0.986945148364419, 0.36117121255310036
-0.9518694604206824, 0.37939057486161654
-0.9091454283194575, 0.4444863923501595
-0.9027929675186309, 0.46648612806127066
-0.8871825236018571, 0.5281470206280253
-0.8827869301881446, 0.5663611092767197
-0.8822350876878875, 0.5932344386051894
-0.8902293922390072, 0.6435537493991845
-0.9142611536218723, 0.7907359050186573
-0.8545951298837207, 0.759846647637771
-0.8380273799847571, 0.7519846094031181
-0.8121560185088456, 0.7431501612327963
-0.722940944776838, 0.7443946544444119
-0.7062357643650143, 0.8255359642118536
-0.7299263194550741, 0.8719812812212673
-0.7453732039209346, 0.8923991766440557
-0.8304711689485091, 0.9533586951531096
-0.8843798267866618, 1.0237885111529252
-0.9031856740304371, 1.072175942687612
-0.9650944962118593, 1.191961604840796
-0.9921905764591842, 1.3084488519850557
-0.9521751125132083, 1.3886483458438275
-0.9090261379210209, 1.4901415092200374
-0.8920965970993067, 1.5500941366177363
-0.8258920586898448, 1.6688147350281548
-0.8072701549447383, 1.7252856587555092
-0.7723348841694725, 1.7890575131193363
-0.7488059753432288, 1.8614445581207322
-0.7155383721351594, 1.9234361415164962
-0.6909431900139646, 2.0054749970904933
-0.6582865777800047, 2.089030733232681
-0.5901260948100185, 2.2100608535559267
-0.5531104507854195, 2.270525111503017
-0.48757562340962446, 2.2461083137272384
-0.4078823026014864, 2.2101372890198823
-0.3600510898235203, 2.1823918941159097
-0.3147165309592552, 2.1624970079936943
-0.23195433816696587, 2.129333139927017
-0.1118486635192354, 2.0851972246775063
-0.027181438132247212, 2.046899893760892
0.0498375553635336, 2.0050816545944374
0.09306154408132362, 1.9889505240023186
0.14984837303252743, 1.9715074585325423
0.20621414573468236, 1.9440100363148947
0.2585313761670659, 1.9292607668011146
0.3070543976721101, 1.9044671182723458
0.39152826891436804, 1.863752323629424
0.46442067517428737, 1.829386854145786
0.5256959395336894, 1.802950735903047
0.5858151296086513, 1.7903371318919592
0.6743546217960869, 1.749183945787182
0.7380130159806467, 1.6948223254078205
0.725725826680661, 1.5822399656441704
0.812364320910162, 1.4097668003916177
0.8011043928601244, 1.3494510841222522
0.767509304910826, 1.2558197642641575
0.748044018564362, 1.1884980818384978
0.7063744610248831, 1.130289272104738
0.6683460613641052, 1.0097113257401125
0.6478509578337515, 0.9312757227145338
0.6108366243939756, 0.8280453120947866
0.5853256873700675, 0.750094176518058
0.6286648603580764, 0.6794983794602162
0.6498353635696573, 0.6675453314073034
0.7380720324821067, 0.6649235762687418
0.804075990745632, 0.6830690597156136
0.8967466875779204, 0.6708440154784803
0.9465065410651062, 0.7014792850723298
1.1669946752182287, 0.7578818179098469
1.2241968980353963, 0.7733961322528664
1.3098879434740764, 0.7949293808491206
1.3732158069111415, 0.803559263863341
1.454836430307222, 0.8227652073203706
1.50846298015324, 0.8336958001873416
1.607045309105685, 0.8252190098300825
1.648696036025989, 0.8440356953572637
1.6766182918464503, 0.8571657521590784
1.728777125217289, 0.8820155345872552
1.792885770553304, 0.8862423281909957
1.9215369398771371, 0.9206029158574286
2.0087097251920616, 0.9030010164157047
2.056406272144994, 0.9253503245712194
2.1250324077855325, 0.9497573112727706
2.195862910648006, 0.9942183636636771
2.259983114944966, 0.9622887271770791
2.26850381518995, 0.8930239427168514
2.27492621126751, 0.8237718583538906
2.2453837497175586, 0.7409911945181589
2.1898501767838603, 0.7505110508822836
2.1221972455699545, 0.690141381282301
2.117401803982359, 0.6549222286090701
2.159061278923619, 0.5847355518917351
2.1462380669621575, 0.49417232035356173
2.16693617209417, 0.4162267623556086
2.1518404858229334, 0.32356526858522144
2.1280816003885903, 0.2523677163808414
2.1527868200185565, 0.16389037845909155
2.21534242079658, 0.16146097186801617
2.3185835936735697, 0.11424327829361033
2.261375600813286, -0.03525155862305062
2.209165756059582, -0.09516622554288288
2.2350584963647537, -0.15030016360653178
2.324466249390023, -0.17540116637412634
2.3143310753223285, -0.2968431111181513
2.28725809564795, -0.3839227865781109
2.2123616091773584, -0.4461915702672255
2.2026274138465864, -0.4989326617843461
2.225169008683989, -0.5845616878868584
2.1881705555391355, -0.6571925732320665
2.1932831974156928, -0.7427355617141428
2.233883542438172, -0.8333733625016924
2.2462807181303632, -0.8951600550581801
2.344934364892645, -0.9298132912760898
2.365865382177005, -0.9922172116639095
2.342694728090127, -1.0512326268735823
2.271537380212883, -1.1080731483387116
2.2606342721255563, -1.1708372169406822
2.427504016082745, -1.2409638168745005
2.4217414379860847, -1.3479926779252056
2.4423645004183454, -1.4194606082871806
2.4573555305409616, -1.5069389788618646
2.484159648398519, -1.592432717063043
2.5643218318418604, -1.6340303677017178
2.6533138790977904, -1.6474546536169472
2.71619255261889, -1.6822190573522182
2.683285767851624, -1.7375236681404602
2.6197911151655755, -1.755237403250641
2.586329600278493, -1.8168203577000743
2.554574251775848, -1.7514349687960806
2.4859222386784903, -1.739612100230235
2.4178679819362965, -1.7992209645754786
2.3449220005241362, -1.6941873985917653
2.3021427428894605, -1.6658585540711521
2.2353067229460084, -1.712116116588242
2.185178148814279, -1.6899553126171412
2.1426656796825747, -1.662077694399395
2.0823865375937958, -1.6130163055897497
2.03242187823067, -1.5789540481421314
1.9818485941517552, -1.5827896174736271
1.9367213610252318, -1.5529418460345636
1.8901022217489603, -1.522221711849294
1.8391740084244816, -1.487135344347897
1.732090844284369, -1.4140797241341534
1.6442448407271024, -1.3881406507367426
1.594067663026509, -1.3532782829381105
1.5640937588873123, -1.3025031672323601
1.4955428267118427, -1.2850482480227199
1.4192380135505225, -1.2611243708906994
1.240128372159324, -1.1344534872737035
1.19587727570705, -1.1033245441598685
1.1145406636569626, -1.0416401379546854
1.024622762938382, -1.0027011073519323
0.9787744135245753, -0.9077774341606983
1.0574179441646423, -0.8682603315576531
1.1159130281424943, -0.87656435171948
1.1685826590740174, -0.8128426572332403
1.1640406319524186, -0.718761816458259
1.1815244424394593, -0.6696279888076156
1.2136927767775476, -0.6026541122649356
1.2497400979554458, -0.5245892937866391
1.2683941043494118, -0.45122442608741137
1.2901178512596427, -0.3561820384086382
1.297127087060457, -0.2933911099594353
1.3315655927490113, -0.23627878883383735
1.3489228004571088, -0.18841331749604381
1.3569189914119935, -0.11902348986716547
1.390286297687328, -0.032271368593248737
1.410140650001469, 0.04564070209603538
1.4345731461972149, 0.10874531693175624
1.443966340818419, 0.19561354912781775
1.4111067895796494, 0.2851476046164391
1.33582233728767, 0.3079085734480166
1.2376852389670279, 0.33609548287140145
1.1171579290552136, 0.39347543674240865
1.0449904727336061, 0.49971156328832206
0.9859771471641771, 0.5478462137959818
0.9217124436628447, 0.5757777851424102
0.8497656106950598, 0.4898304939747998
0.7721071945163042, 0.5283205692619921
0.6954460387386813, 0.5567817846669083
0.6699714545803225, 0.5654448430446789
0.5851968820499281, 0.5759754040427487
0.5089035055825597, 0.573730072563471
0.4156688488956629, 0.6127844137652959
0.3518577074880514, 0.631429110974291
0.3037780277863944, 0.6516838394280929
0.16894845723908464, 0.6852418108740408
0.08888062755305604, 0.7477813105747416
-0.008368147552749665, 0.7637755068939822
-0.10371401912026562, 0.7735176972623954
-0.17413271100490593, 0.7975455756846358
-0.22920827478859665, 0.8126140015080333
-0.3116718372978906, 0.830730403026032
-0.3980674842968507, 0.7941618536183727
-0.41643761895862513, 0.7703422192603886
-0.4701226017113433, 0.6869334924995756
-0.48005859078900887, 0.5711661161421745
-0.49710084127974885, 0.5139106580680474
-0.5396766307244777, 0.4136573992039726
-0.5601999358457949, 0.33691687130390613
-0.5803186887321722, 0.28766670139625805
-0.5943397928174403, 0.24973697435400186
-0.619196903848859, 0.17280450854136145
-0.6394039845336889, 0.0978875127109074
-0.6595309643178499, 0.030623856753424588
-0.6791698583804481, -0.04433032670072174
-0.7360652714076075, -0.19152003576686175
-0.7549596191354871, -0.25236573214250474
-0.7560254939908675, -0.2760391432442636
-0.6950435542081903, -0.3527902393465103
-0.6146114119566953, -0.37697849546912154
-0.5337415026424256, -0.4012365062984155
-0.42043120842978676, -0.4395083377950918
-0.29188781574067624, -0.4759798849905945
-0.215752490844627, -0.49713647454083315
-0.16740821764552438, -0.512962220351086
-0.0866553665157831, -0.5379659125103862
-0.009512233646033768, -0.5569919133154396
0.06955202013335932, -0.5791915231873344
0.12281416289399087, -0.5975421376522095
0.19319704257392467, -0.6159750041602484
0.24884090501152548, -0.6975192093237443
0.2749196958957885, -0.7810402197219946
0.24162183009574087, -0.8319101919745171
0.14942805310138782, -0.8883649205036888
0.10131345437985373, -0.9693548580918394
0.08812748272815334, -1.0094818851962448
0.10293679841440423, -1.0715669115633712
0.08054381248478858, -1.1392557265287506
0.027491365512101906, -1.187480558411513
-0.027539243402451993, -1.3909856440827806
0.010025810358420366, -1.445224612044562
0.021712222039074216, -1.5048151518729684
0.0015045259208012194, -1.5794878303186708
-0.11110283192752948, -1.590555204841473
-0.1255313573257446, -1.6472762818190485
-0.12092049678385819, -1.6748954633673139
-0.11685223320616508, -1.685264238143123
-0.088683532018009, -1.749048156708881
-0.07034970214418397, -1.7962770183357462
-0.0472839968841661, -1.8452453708320258
0.015570175806206352, -1.863718194954379
0.024635652930792798, -1.9326082287659156
0.030995030584425706, -1.957756139050153
0.06322264754969192, -2.0036282017761824
0.13268057583999926, -2.0143265384371647
0.1723245948962032, -2.08696426660842
0.20772270233837303, -2.145184636921513
0.24551650172358472, -2.1906577396600557
0.28490496597157333, -2.2451494269617664
0.30064059540980603, -2.3255270646121304
0.347043520723478, -2.4134528627962655
0.39787736902552057, -2.434478620093463
0.3213526493458527, -2.5537444614122444
0.245442622285868, -2.5155866828345865
0.14246177660818005, -2.470837515141101
0.07058920090738731, -2.4137210701452436
0.00969631136284162, -2.406028566604576
-0.0374440785281033, -2.373753875890259
-0.1086104479403239, -2.331686880406567
-0.15097293625061256, -2.2554863687931523
-0.1672881256654167, -2.15602752766487
-0.16983633322357683, -2.081459364808609
-0.20533968682280918, -2.0279049612534013
-0.2114841559198383, -1.967354816601038
-0.2657138306862243, -1.8571520675996855
-0.3284995338534468, -1.7580325833068875
-0.40404780644299326, -1.7885395903978045
-0.40669813900221563, -1.8034490748784138
-0.41108306397611644, -1.87034533377408
-0.44885465925371615, -1.936426458505232
-0.4596176625695498, -1.8490203490272457
-0.46626382279130685, -1.8153265964227336
-0.49205452389789744, -1.7710768614234111
-0.5856011203028086, -1.786137787601927
-0.6539955862963804, -1.828506286362403
-0.6831072345142728, -1.7842937707032436
-0.7374869980729408, -1.709111315036852
-0.7687248008469296, -1.5562951158461757
-0.791697052659464, -1.4884892669981102
-0.8479716723310222, -1.4134658320230526
-0.910633927981, -1.4243633591703826
-0.9465184272490965, -1.3493551553042502
-1.0139800555349583, -1.3118310976044707
-1.0856961420827476, -1.3340194196842243
-1.1671803938680896, -1.2885550191589075
-1.2312513290245424, -1.310891225410062
-1.3104446391981144, -1.3064902591424274
-1.3913300267236297, -1.288505486547532
-1.4435026413509733, -1.2834926418564252
-1.5623584357927909, -1.2483665189191215
-1.6492434740528128, -1.2277104375310446
-1.6683966582491685, -1.2249274878526963
-1.7539065883315417, -1.2253432091986816
-1.7998597791679851, -1.2644379387472402
-1.8230911887255281, -1.3406004539120457
-1.9066436310661807, -1.4434685654056854
-1.9713309322028258, -1.468262043281582
-2.0526771368916066, -1.4287341064433021
-2.1727153609514875, -1.3727108826898802
2.336825017019053, -1.6888254965980396
2.484159648398519, -1.592432717063043
2.6533138790977904, -1.6474546536169472
2.71619255261889, -1.6822190573522182
2.683285767851624, -1.7375236681404602
2.586329600278493, -1.8168203577000743
2.4178679819362965, -1.7992209645754786
1.5371603190008205, -1.2956451858404652
2.2606342721255563, -1.1708372169406822
2.427504016082745, -1.2409638168745005
2.484159648398519, -1.592432717063043
2.336825017019053, -1.6888254965980396
2.2353067229460084, -1.712116116588242
2.185178148814279, -1.6899553126171412
1.9818485941517552, -1.5827896174736271
1.6442448407271024, -1.3881406507367426
1.594067663026509, -1.3532782829381105
0.6032839511285707, 0.5737286574237591
0.6498353635696573, 0.6675453314073034
1.0807685857292686, 0.758600799758383
0.9859771471641771, 0.5478462137959818
0.8497656106950598, 0.4898304939747998
0.9859771471641771, 0.5478462137959818
1.0807685857292686, 0.758600799758383
1.504881106900575, 0.848215065410213
2.1221972455699545, 0.690141381282301
2.159061278923619, 0.5847355518917351
2.16693617209417, 0.4162267623556086
2.160585061572638, 0.3772418909524893
1.443966340818419, 0.19561354912781775
1.1171579290552136, 0.39347543674240865
1.504881106900575, 0.848215065410213
2.195862910648006, 0.9942183636636771
2.259983114944966, 0.9622887271770791
2.26850381518995, 0.8930239427168514
2.27492621126751, 0.8237718583538906
2.2453837497175586, 0.7409911945181589
2.1221972455699545, 0.690141381282301
0.9787744135245753, -0.9077774341606983
1.170474434656352, -0.7006812410924017
2.1881705555391355, -0.6571925732320665
2.344934364892645, -0.9298132912760898
2.365865382177005, -0.9922172116639095
2.342694728090127, -1.0512326268735823
2.2606342721255563, -1.1708372169406822
1.5371603190008205, -1.2956451858404652
1.4955428267118427, -1.2850482480227199
1.4192380135505225, -1.2611243708906994
1.024622762938382, -1.0027011073519323
1.170474434656352, -0.7006812410924017
1.2903352706635949, -0.35423432732786087
1.7045096263696211, -0.1054157515421452
2.209165756059582, -0.09516622554288288
2.324466249390023, -0.17540116637412634
2.3143310753223285, -0.2968431111181513
2.225169008683989, -0.5845616878868584
2.1881705555391355, -0.6571925732320665
1.7045096263696211, -0.1054157515421452
2.1527868200185565, 0.16389037845909155
2.21534242079658, 0.16146097186801617
2.3185835936735697, 0.11424327829361033
2.261375600813286, -0.03525155862305062
2.209165756059582, -0.09516622554288288
1.2903352706635949, -0.35423432732786087
1.297127087060457, -0.2933911099594353
1.443966340818419, 0.19561354912781775
2.160585061572638, 0.3772418909524893
2.1527868200185565, 0.16389037845909155
-0.9921905764591842, 1.3084488519850557
-0.8920965970993067, 1.5500941366177363
-0.6582865777800047, 2.089030733232681
-0.5901260948100185, 2.2100608535559267
-0.5531104507854195, 2.270525111503017
-0.48757562340962446, 2.2461083137272384
-0.23553336553256002, 2.139088947832714
-0.3116718372978906, 0.830730403026032
-0.47492468741095006, 0.6309828610987731
-0.722940944776838, 0.7443946544444119
-0.8843798267866618, 1.0237885111529252
-0.9650944962118593, 1.191961604840796
-0.3116718372978906, 0.830730403026032
-0.23553336553256002, 2.139088947832714
0.5858151296086513, 1.7903371318919592
0.6743546217960869, 1.749183945787182
0.7380130159806467, 1.6948223254078205
0.812364320910162, 1.4097668003916177
0.8011043928601244, 1.3494510841222522
0.6498353635696573, 0.6675453314073034
0.6032839511285707, 0.5737286574237591
0.5089035055825597, 0.573730072563471
-0.7407745056194748, -1.6930287367676042
-0.43919687044782907, -1.6706019658154223
-0.49205452389789744, -1.7710768614234111
-0.6539955862963804, -1.828506286362403
-0.7374869980729408, -1.709111315036852
-0.49205452389789744, -1.7710768614234111
-0.43919687044782907, -1.6706019658154223
-0.23373817466107774, -1.6553230638904806
-0.44885465925371615, -1.936426458505232
-0.3284995338534468, -1.7580325833068875
-0.23373817466107774, -1.6553230638904806
-0.1255313573257446, -1.6472762818190485
0.13268057583999926, -2.0143265384371647
0.28490496597157333, -2.2451494269617664
0.39787736902552057, -2.434478620093463
0.3213526493458527, -2.5537444614122444
0.14246177660818005, -2.470837515141101
0.00969631136284162, -2.406028566604576
-0.1086104479403239, -2.331686880406567
-0.15097293625061256, -2.2554863687931523
-2.212733166831311, -1.328512950288147
-2.1839934651434043, -1.2474839349376718
-2.0782902302507678, -1.0252773323978215
-2.0543968421795418, -0.983389571164392
-1.8107052920991715, -0.8506268430971515
-1.7539065883315417, -1.2253432091986816
-1.8230911887255281, -1.3406004539120457
-1.9066436310661807, -1.4434685654056854
-1.9713309322028258, -1.468262043281582
-2.1727153609514875, -1.3727108826898802
-1.8107052920991715, -0.8506268430971515
-0.8323866625444833, -0.3176405736272083
-1.0139800555349583, -1.3118310976044707
-1.0856961420827476, -1.3340194196842243
-1.3104446391981144, -1.3064902591424274
-1.4435026413509733, -1.2834926418564252
-1.7539065883315417, -1.2253432091986816
-1.0139800555349583, -1.3118310976044707
-0.8894555746193757, -0.6300824012961561
0.10131345437985373, -0.9693548580918394
0.10293679841440423, -1.0715669115633712
0.021712222039074216, -1.5048151518729684
0.0015045259208012194, -1.5794878303186708
-0.1255313573257446, -1.6472762818190485
-0.7407745056194748, -1.6930287367676042
-0.8894555746193757, -0.6300824012961561
-0.8323866625444833, -0.3176405736272083
-0.7560254939908675, -0.2760391432442636
0.19319704257392467, -0.6159750041602484
0.24884090501152548, -0.6975192093237443
0.2749196958957885, -0.7810402197219946
0.24162183009574087, -0.8319101919745171
0.10131345437985373, -0.9693548580918394
-0.9142611536218723, 0.7907359050186573
-0.722940944776838, 0.7443946544444119
-0.47492468741095006, 0.6309828610987731
-0.48005859078900887, 0.5711661161421745
-0.49710084127974885, 0.5139106580680474
-0.5601999358457949, 0.33691687130390613
-0.5710208285067697, 0.3104276149809513
-0.9091454283194575, 0.4444863923501595
-1.1037027037199887, 0.3129242348554361
-0.9091454283194575, 0.4444863923501595
-0.5710208285067697, 0.3104276149809513
-0.6791698583804481, -0.04433032670072174
-0.7274985176052982, -0.16935765161822672
-1.0635965489673511, 0.010076037785025006
-1.406136842229449, -0.1305986067202777
-1.0635965489673511, 0.010076037785025006
-0.7274985176052982, -0.16935765161822672
-0.7560254939908675, -0.2760391432442636
-1.0412255896424458, -0.43141565396551684
-1.2523651217641316, -0.28121942335877415
-2.0543968421795418, -0.983389571164392
-1.9483889383447521, -0.754115182540338
-1.8102776035277275, -0.46884626453522404
-1.6291597605850505, -0.4062313163608815
-1.2523651217641316, -0.28121942335877415
-1.0412255896424458, -0.43141565396551684
