-0.20255527089814912, 0.17513313853569343
-0.12687035809916775, 0.17804924633339927
-0.01835844254616695, 0.103952331191967
0.09493020103151473, 0.11034360781142062
0.1467240535190244, 0.039788129846448146
0.1646096208071006, -0.03475998901763999
0.24838889946053452, -0.04193989269048557
0.17803557507847376, -0.11520759509054435
0.11963949413952941, -0.15873154900076358
0.054209684304324206, -0.16665007162023845
-0.09077236510802905, -0.17868649587630048
-0.08920964352942977, -0.061104401175203674
-0.16759170838018192, -0.022041915626321667
-0.1689351006972447, 0.08456148034195955
-0.24395337811313786, 0.13201895508240782
-0.24395337811313786, 0.13201895508240782
-0.20255527089814912, 0.17513313853569343
-0.12687035809916775, 0.17804924633339927
0.09493020103151473, 0.11034360781142062
0.24838889946053452, -0.04193989269048557
0.17803557507847376, -0.11520759509054435
0.11963949413952941, -0.15873154900076358
0.054209684304324206, -0.16665007162023845
-0.09077236510802905, -0.17868649587630048
