-0.3370378017425537, 0.2449931800365448
-0.2584120035171509, 0.24997511506080627
0.01762329414486885, 0.11015810817480087
0.107754185795784, 0.06450513005256653
0.16569159924983978, 0.005532444920390844
0.21611863374710083, -0.051364414393901825
0.3288077712059021, -0.18664097785949707
0.2571246922016144, -0.2557354271411896
0.09565380215644836, -0.0969650000333786
0.056287724524736404, -0.05653172358870506
0.030361531302332878, -0.03604695200920105
-0.03588522970676422, 2.736833121161908E-4
-0.07060050964355469, -0.05025963857769966
-0.14204327762126923, -0.06135949119925499
-0.20435406267642975, 0.004985282197594643
-0.2641540467739105, 0.06185470521450043
-0.290277898311615, 0.11234771460294724
-0.3436594307422638, 0.14027434587478638
-0.37223461270332336, 0.19914618134498596
-0.37223461270332336, 0.19914618134498596
-0.3370378017425537, 0.2449931800365448
-0.2584120035171509, 0.24997511506080627
0.01762329414486885, 0.11015810817480087
-0.03588522970676422, 2.736833121161908E-4
-0.07060050964355469, -0.05025963857769966
-0.14204327762126923, -0.06135949119925499
-0.3436594307422638, 0.14027434587478638
-0.03588522970676422, 2.736833121161908E-4
0.01762329414486885, 0.11015810817480087
0.107754185795784, 0.06450513005256653
0.16569159924983978, 0.005532444920390844
0.21611863374710083, -0.051364414393901825
0.3288077712059021, -0.18664097785949707
0.2571246922016144, -0.2557354271411896
