-0.15130044519901276, 0.0764654278755188
-0.10197074711322784, 0.16433772444725037
-0.051848188042640686, 0.13807164132595062
0.1316576600074768, -0.0428948849439621
0.17091642320156097, -0.08313826471567154
0.13210448622703552, -0.12343627959489822
0.04937396198511124, -0.12627141177654266
-0.04225177690386772, -0.06212666630744934
-0.12696202099323273, 0.022874517366290092
-0.15130044519901276, 0.0764654278755188
-0.10197074711322784, 0.16433772444725037
-0.051848188042640686, 0.13807164132595062
0.1316576600074768, -0.0428948849439621
0.17091642320156097, -0.08313826471567154
0.13210448622703552, -0.12343627959489822
0.04937396198511124, -0.12627141177654266
-0.04225177690386772, -0.06212666630744934
-0.12696202099323273, 0.022874517366290092
