-0.1631915420293808, 0.08043335378170013
-0.02224135771393776, 0.2158312350511551
0.09489278495311737, 0.16348794102668762
0.13507771492004395, 0.12238450348377228
0.21565128862857819, -0.01809408888220787
0.04058384522795677, -0.24011854827404022
-0.025107603520154953, -0.22223426401615143
-0.1680271178483963, -0.07801385968923569
-0.22894883155822754, 0.009563406929373741
-0.22894883155822754, 0.009563406929373741
-0.1631915420293808, 0.08043335378170013
-0.02224135771393776, 0.2158312350511551
0.09489278495311737, 0.16348794102668762
0.13507771492004395, 0.12238450348377228
0.21565128862857819, -0.01809408888220787
0.04058384522795677, -0.24011854827404022
-0.025107603520154953, -0.22223426401615143
-0.1680271178483963, -0.07801385968923569
