-0.1860751360654831, -0.029313258826732635
-0.09220915287733078, 0.04256434738636017
0.0010991801973432302, 0.1078508123755455
0.052916545420885086, 0.13846436142921448
0.1209343820810318, 0.1122080609202385
0.19036723673343658, -0.01196742057800293
-0.09994103759527206, -0.14982111752033234
-0.15553030371665955, -0.08140794187784195
-0.1860751360654831, -0.029313258826732635
-0.09220915287733078, 0.04256434738636017
0.0010991801973432302, 0.1078508123755455
0.052916545420885086, 0.13846436142921448
0.1209343820810318, 0.1122080609202385
0.19036723673343658, -0.01196742057800293
-0.09994103759527206, -0.14982111752033234
-0.15553030371665955, -0.08140794187784195
