-0.3185274600982666, 1.2178996985312551E-4
-0.15356998145580292, 0.05380506068468094
-0.09192950278520584, 0.07344216108322144
0.027994371950626373, 0.10110294073820114
0.20677290856838226, 0.14192937314510345
0.29759177565574646, 0.1558140218257904
0.3376844525337219, 0.0764484703540802
0.3202630877494812, 6.821663700975478E-4
0.2625370919704437, -0.01769603043794632
0.2090301364660263, -0.03332250565290451
-0.039549268782138824, -0.10198844969272614
-0.34883052110671997, -0.17465052008628845
-0.3561815023422241, -0.0340999998152256
-0.3561815023422241, -0.0340999998152256
-0.3185274600982666, 1.2178996985312551E-4
-0.15356998145580292, 0.05380506068468094
-0.09192950278520584, 0.07344216108322144
0.027994371950626373, 0.10110294073820114
0.20677290856838226, 0.14192937314510345
0.29759177565574646, 0.1558140218257904
0.3376844525337219, 0.0764484703540802
0.3202630877494812, 6.821663700975478E-4
0.2625370919704437, -0.01769603043794632
0.2090301364660263, -0.03332250565290451
-0.039549268782138824, -0.10198844969272614
-0.34883052110671997, -0.17465052008628845
