-0.034312903881073, 0.1511247754096985
0.02532181888818741, 0.07974714040756226
0.04508258402347565, -0.04104643315076828
0.015196005813777447, -0.15871429443359375
-0.043474435806274414, -0.024597689509391785
-0.07078612595796585, 0.07241766899824142
-0.07078612595796585, 0.07241766899824142
-0.034312903881073, 0.1511247754096985
0.02532181888818741, 0.07974714040756226
0.04508258402347565, -0.04104643315076828
0.015196005813777447, -0.15871429443359375
-0.043474435806274414, -0.024597689509391785
