-0.12518755554683186, -0.062148250510034184
-0.06531689212767695, 0.039635165842131136
-0.028692019441610987, 0.07372310606162391
-0.0018064821055773584, 0.13866757189808673
0.07247105752393994, 0.21275034053834307
0.15144803817199917, 0.1506624400953364
0.11981217758122299, 0.09077806186366885
0.08010188041741644, 0.008235783612564409
0.04773414218836195, -0.0523767750166752
0.013189024001206005, -0.11378680092730158
-0.034487279505204325, -0.19263022143203914
-0.08197946414912523, -0.2091036147453557
-0.14922930777075927, -0.17452472474552091
-0.14922930777075927, -0.17452472474552091
-0.12518755554683186, -0.062148250510034184
-0.06531689212767695, 0.039635165842131136
-0.0018064821055773584, 0.13866757189808673
0.07247105752393994, 0.21275034053834307
0.15144803817199917, 0.1506624400953364
0.08010188041741644, 0.008235783612564409
0.04773414218836195, -0.0523767750166752
0.013189024001206005, -0.11378680092730158
-0.034487279505204325, -0.19263022143203914
-0.08197946414912523, -0.2091036147453557
