0.0858509498493528, -0.6525629308022066
0.037725051755450406, -0.6290332785337244
0.01935530132332009, -0.5214406353010327
-0.007710998713189144, -0.4304713074483681
-0.053216426132792205, -0.34278541402176244
-0.046933632437404206, -0.2819395642395489
-0.08133817930844921, -0.11443701046281644
-0.09840957203603734, -0.05403913152655195
-0.11987906803594481, 0.03144204572309419
-0.1232031992135852, 0.08829680370113542
-0.10988941498272628, 0.16546142214209605
-0.12221956224516628, 0.22900859033016652
-0.12512815657657875, 0.29355704602888966
-0.14454096829432217, 0.36118706240995063
-0.145124541370299, 0.4456897858994777
-0.10663492700126188, 0.5241310644782526
-0.029527672870276977, 0.5268692232976221
0.029331105802196854, 0.4855134774878003
0.03165170721082655, 0.43237735966251317
0.03557004338842428, 0.3905332255007514
0.05360943641920501, 0.31723491956033295
0.051381690235136265, 0.24376769981270627
0.05660515157503851, 0.10077534112675504
0.07904078618345595, 0.009188451329601145
0.0881057625529363, -0.06887458651313713
0.10438884780328266, -0.161440128173263
0.12902260853692035, -0.2328551445671292
0.1338606593222797, -0.3130987964325213
0.1588920661438648, -0.3815013713716616
0.17413222273045983, -0.4695362743978418
0.1990534013497905, -0.567552687671841
0.15157743882819402, -0.6328981312562053
-0.145124541370299, 0.4456897858994777
-0.10663492700126188, 0.5241310644782526
-0.029527672870276977, 0.5268692232976221
0.029331105802196854, 0.4855134774878003
0.1990534013497905, -0.567552687671841
0.15157743882819402, -0.6328981312562053
0.0858509498493528, -0.6525629308022066
0.037725051755450406, -0.6290332785337244
-0.053216426132792205, -0.34278541402176244
-0.11987906803594481, 0.03144204572309419
-0.14454096829432217, 0.36118706240995063
