-0.11734966395284305, 0.1056364583998626
-0.017616728953243652, 0.0433605883946655
0.02323413079534588, 0.009933433121552208
0.08675480544325263, 0.01619392996690119
0.1626561249469692, 0.05100237919143474
0.133180745329692, 0.10990209131591945
0.29114415157184237, 0.10875905974734341
0.3620471373037625, 0.1218220502069059
0.39337821785896465, 0.040836975705962716
0.31020597050692744, 0.04409912021783923
0.23084271409820128, 0.0208384581437404
0.1708169951199376, -0.05494967677978794
0.08659270161992884, -0.052059048104641584
0.037730573001005005, -0.07657007064949295
-0.02551439809387876, -0.11143117439771721
-0.0903057503608255, -0.14494294970925783
-0.1513766347885876, -0.1526969455565754
-0.15089516699347452, -0.0670455232413028
-0.19004444054849964, 0.027647676873879274
0.02323413079534588, 0.009933433121552208
0.133180745329692, 0.10990209131591945
0.3620471373037625, 0.1218220502069059
0.39337821785896465, 0.040836975705962716
0.1708169951199376, -0.05494967677978794
0.02636618988500308, -0.08283420409730727
-0.19004444054849964, 0.027647676873879274
-0.11734966395284305, 0.1056364583998626
-0.017616728953243652, 0.0433605883946655
0.02323413079534588, 0.009933433121552208
0.02636618988500308, -0.08283420409730727
-0.02551439809387876, -0.11143117439771721
-0.0903057503608255, -0.14494294970925783
-0.1513766347885876, -0.1526969455565754
