-0.2727357239117177, 0.031778442403988465
-0.18482110251761225, 0.05784069173324863
-0.10377519172848576, 0.04922260927657068
-0.02646935438252474, 0.06967927236658711
-0.042977602784210235, -0.00391199705248805
-0.12821192206850995, -0.027707403442561195
-0.18987440063162087, 0.0025543808246862717
-0.2727357239117177, 0.031778442403988465
-0.18482110251761225, 0.05784069173324863
-0.02646935438252474, 0.06967927236658711
-0.042977602784210235, -0.00391199705248805
-0.12821192206850995, -0.027707403442561195
