-0.2239469289779663, -0.10110420733690262
-0.1660061925649643, -0.08257294446229935
-0.13431373238563538, -0.06926015764474869
-0.08852127194404602, -0.051850173622369766
0.01156639214605093, 0.02780785970389843
0.048528097569942474, 0.1527068018913269
0.0535910502076149, 0.18899312615394592
0.1369210034608841, 0.07887638360261917
0.19353392720222473, 0.07475172728300095
0.2640458345413208, 0.10987851023674011
0.328509122133255, 0.10715681314468384
0.20216794312000275, 0.050380583852529526
0.1461075395345688, 0.06788437068462372
0.03510557487607002, -0.009050660766661167
0.01613222248852253, -0.024834182113409042
-0.008424264378845692, -0.04868919402360916
-0.08497639745473862, -0.08550511300563812
-0.21442779898643494, -0.1384533941745758
-0.26553213596343994, -0.14844085276126862
-0.26553213596343994, -0.14844085276126862
-0.2239469289779663, -0.10110420733690262
0.0535910502076149, 0.18899312615394592
0.328509122133255, 0.10715681314468384
-0.08497639745473862, -0.08550511300563812
-0.21442779898643494, -0.1384533941745758
