-0.6565459966659546, 0.017895327880978584
-0.5333639979362488, -0.021992115303874016
-0.5020922422409058, -0.016623299568891525
-0.4600578248500824, -0.006912918295711279
-0.3520704507827759, 0.02542230114340782
-0.29084599018096924, 0.027285607531666756
-0.19114558398723602, 0.07079726457595825
-0.1247120350599289, 0.08997976034879684
-0.06249932572245598, 0.10439776629209518
-0.019408972933888435, 0.09889363497495651
0.058797258883714676, 0.21333080530166626
0.13656221330165863, 0.27613651752471924
0.18241102993488312, 0.31970205903053284
0.23931163549423218, 0.4092423617839813
0.27888503670692444, 0.4154970943927765
0.30107685923576355, 0.39169296622276306
0.3444966971874237, 0.3353235125541687
0.38653722405433655, 0.25006672739982605
0.3842167556285858, 0.21028360724449158
0.3820546269416809, 0.1723518818616867
0.35635608434677124, 0.05287080258131027
0.34306755661964417, -0.009419635869562626
0.3126230537891388, -0.13367144763469696
0.30653876066207886, -0.1795719563961029
0.23422983288764954, -0.233376145362854
0.1917903870344162, -0.2320295125246048
0.10402878373861313, -0.2237415760755539
0.011048705317080021, -0.2531827390193939
-0.08277168869972229, -0.26259127259254456
-0.12156803905963898, -0.2536389231681824
-0.1220189779996872, -0.20360331237316132
-0.13557659089565277, -0.1543148010969162
-0.25540539622306824, -0.10784618556499481
-0.35006317496299744, -0.23076820373535156
-0.4064124822616577, -0.22694620490074158
-0.44047555327415466, -0.20039473474025726
-0.5775684118270874, -0.15715958178043365
-0.6535250544548035, -0.06717169284820557
-0.670044481754303, -0.009215093217790127
-0.019408972933888435, 0.09889363497495651
0.058797258883714676, 0.21333080530166626
0.23931163549423218, 0.4092423617839813
0.27888503670692444, 0.4154970943927765
0.30107685923576355, 0.39169296622276306
0.3444966971874237, 0.3353235125541687
0.38653722405433655, 0.25006672739982605
0.3820546269416809, 0.1723518818616867
0.34306755661964417, -0.009419635869562626
0.30653876066207886, -0.1795719563961029
0.23422983288764954, -0.233376145362854
0.1917903870344162, -0.2320295125246048
0.12228430807590485, -0.2254655808210373
-0.670044481754303, -0.009215093217790127
-0.6565459966659546, 0.017895327880978584
-0.06249932572245598, 0.10439776629209518
-0.019408972933888435, 0.09889363497495651
0.12228430807590485, -0.2254655808210373
0.011048705317080021, -0.2531827390193939
-0.08277168869972229, -0.26259127259254456
-0.4064124822616577, -0.22694620490074158
-0.5775684118270874, -0.15715958178043365
-0.6535250544548035, -0.06717169284820557
