-0.8266149163246155, 0.1526796519756317
-0.7710480093955994, 0.26781266927719116
-0.767864465713501, 0.3782432973384857
-0.7204580903053284, 0.4483947157859802
-0.6738550662994385, 0.48059430718421936
-0.6342491507530212, 0.5000047087669373
-0.5218704342842102, 0.585025429725647
-0.41898834705352783, 0.6643578410148621
-0.348655641078949, 0.7811419367790222
-0.32206693291664124, 0.8336217403411865
-0.2630979120731354, 0.8477325439453125
-0.1824602335691452, 0.9259471893310547
-0.08712973445653915, 0.9487411379814148
0.021286021918058395, 0.9343190789222717
0.10290524363517761, 0.9257358312606812
0.21125340461730957, 0.8942561149597168
0.2356383204460144, 0.8543810248374939
0.23135775327682495, 0.8055020570755005
0.2423318326473236, 0.7277883291244507
0.31991609930992126, 0.6526086926460266
0.4043406844139099, 0.5532128810882568
0.4290609657764435, 0.5037245750427246
0.44222334027290344, 0.46847039461135864
0.44496074318885803, 0.4613921046257019
0.4794718623161316, 0.38082224130630493
0.4898095726966858, 0.3506838381290436
0.5987704396247864, 0.27615782618522644
0.6449403166770935, 0.20507921278476715
0.6658538579940796, 0.13377881050109863
0.665647029876709, 0.10146557539701462
0.6603954434394836, 0.010188846848905087
0.6504166722297668, -0.09549393504858017
0.6627530455589294, -0.2365620732307434
0.6740679144859314, -0.2667750418186188
0.6564203500747681, -0.37122640013694763
0.6151036024093628, -0.4550745189189911
0.6089878082275391, -0.5542274117469788
0.5839924812316895, -0.6333082318305969
0.5622815489768982, -0.6607220768928528
0.4795217216014862, -0.670316755771637
0.3555944263935089, -0.7233797907829285
0.33391326665878296, -0.7616789937019348
0.2756812572479248, -0.8705191016197205
0.24746499955654144, -0.9122467637062073
0.2142830342054367, -0.9275012612342834
0.12982384860515594, -0.8690728545188904
0.011229779571294785, -0.8202813863754272
-0.06809313595294952, -0.8128657341003418
-0.12862840294837952, -0.8060851693153381
-0.2250731885433197, -0.7934718132019043
-0.2915591299533844, -0.8307832479476929
-0.38513076305389404, -0.8116013407707214
-0.45764032006263733, -0.7292247414588928
-0.5099878907203674, -0.6586394309997559
-0.5517781376838684, -0.6056065559387207
-0.5452591180801392, -0.5350700616836548
-0.4391104578971863, -0.49443280696868896
-0.38505011796951294, -0.40953052043914795
-0.374478816986084, -0.3773360550403595
-0.3607805669307709, -0.33395931124687195
-0.39237675070762634, -0.20570869743824005
-0.5013613700866699, -0.07802126556634903
-0.5647684335708618, -0.04402265325188637
-0.6584810018539429, 0.0027067880146205425
-0.7054211497306824, 0.03310246765613556
-0.7662312388420105, 0.08477909117937088
-0.8266149163246155, 0.1526796519756317
-0.767864465713501, 0.3782432973384857
-0.7204580903053284, 0.4483947157859802
-0.32206693291664124, 0.8336217403411865
-0.1824602335691452, 0.9259471893310547
-0.08712973445653915, 0.9487411379814148
0.10290524363517761, 0.9257358312606812
0.21125340461730957, 0.8942561149597168
0.6449403166770935, 0.20507921278476715
0.6541715860366821, 0.17360706627368927
-0.39237675070762634, -0.20570869743824005
-0.7054211497306824, 0.03310246765613556
-0.7662312388420105, 0.08477909117937088
-0.5517781376838684, -0.6056065559387207
-0.5452591180801392, -0.5350700616836548
-0.39237675070762634, -0.20570869743824005
0.6541715860366821, 0.17360706627368927
0.6658538579940796, 0.13377881050109863
0.6740679144859314, -0.2667750418186188
0.6564203500747681, -0.37122640013694763
0.6089878082275391, -0.5542274117469788
0.5839924812316895, -0.6333082318305969
0.5622815489768982, -0.6607220768928528
0.24746499955654144, -0.9122467637062073
0.2142830342054367, -0.9275012612342834
-0.2915591299533844, -0.8307832479476929
-0.38513076305389404, -0.8116013407707214
-0.45764032006263733, -0.7292247414588928
