-0.061960723251104355, 0.10326903313398361
7.920211064629257E-4, 0.11535678803920746
0.11096661537885666, 0.06682685762643814
0.13018624484539032, 0.04371147230267525
0.1241830587387085, -0.010966433212161064
0.08119121193885803, -0.09315391629934311
0.05086331069469452, -0.15689557790756226
0.012477072887122631, -0.2182096540927887
-0.035480424761772156, -0.07569391280412674
-0.0908302515745163, -0.05625304952263832
-0.11500583589076996, -0.030708035454154015
-0.1286543756723404, -5.286704399622977E-4
-0.1448730081319809, 0.040679823607206345
-0.1448730081319809, 0.040679823607206345
-0.061960723251104355, 0.10326903313398361
7.920211064629257E-4, 0.11535678803920746
0.11096661537885666, 0.06682685762643814
0.13018624484539032, 0.04371147230267525
0.1241830587387085, -0.010966433212161064
0.05086331069469452, -0.15689557790756226
0.012477072887122631, -0.2182096540927887
-0.11500583589076996, -0.030708035454154015
-0.1286543756723404, -5.286704399622977E-4
