-0.21850062906742096, 0.2394634485244751
-0.0871434286236763, 0.21915969252586365
0.028425807133316994, 0.18889892101287842
0.11234883964061737, 0.08421620726585388
0.144599050283432, 0.03880361095070839
0.21100100874900818, -0.030311930924654007
0.3456430733203888, -0.13175323605537415
0.2661130130290985, -0.13512708246707916
0.1361991912126541, -0.17347007989883423
0.12182644754648209, -0.21762526035308838
0.002430875785648823, -0.21153543889522552
-0.08578909933567047, -0.10929546505212784
-0.12243735045194626, -0.0739605575799942
-0.13677175343036652, -0.030168242752552032
-0.1453791856765747, -2.4101336020976305E-4
-0.2488013505935669, 0.07638879865407944
-0.2488013505935669, 0.07638879865407944
-0.21850062906742096, 0.2394634485244751
-0.0871434286236763, 0.21915969252586365
0.028425807133316994, 0.18889892101287842
0.3456430733203888, -0.13175323605537415
0.12182644754648209, -0.21762526035308838
0.002430875785648823, -0.21153543889522552
-0.12243735045194626, -0.0739605575799942
