-0.11718307435512543, 0.22295299172401428
-0.06643775850534439, 0.11845024675130844
-0.045578986406326294, 0.06652971357107162
0.011804754845798016, -0.05427106097340584
0.11253928393125534, -0.1356503665447235
0.18124443292617798, -0.15334121882915497
0.22402891516685486, -0.17906025052070618
0.18398146331310272, -0.2058722972869873
0.08210983127355576, -0.18209287524223328
-0.018727237358689308, -0.08580315113067627
-0.0705166831612587, 0.040099333971738815
-0.08417593687772751, 0.09587518870830536
-0.14121845364570618, 0.19565196335315704
-0.14121845364570618, 0.19565196335315704
-0.11718307435512543, 0.22295299172401428
0.22402891516685486, -0.17906025052070618
0.18398146331310272, -0.2058722972869873
0.08210983127355576, -0.18209287524223328
-0.018727237358689308, -0.08580315113067627
