-0.111411914229393, -0.02476436458528042
-0.08077399432659149, 0.08719178289175034
-0.004802165552973747, 0.07460583746433258
0.06992216408252716, 0.05620952323079109
0.1264074742794037, -0.003560640849173069
0.015088495798408985, -0.07474169135093689
-0.030503161251544952, -0.06002309173345566
-0.111411914229393, -0.02476436458528042
-0.08077399432659149, 0.08719178289175034
-0.004802165552973747, 0.07460583746433258
0.06992216408252716, 0.05620952323079109
0.1264074742794037, -0.003560640849173069
0.015088495798408985, -0.07474169135093689
-0.030503161251544952, -0.06002309173345566
