-0.12732429802417755, -0.06895958632230759
-0.07780639827251434, -0.033813249319791794
-0.027609175071120262, 0.0633150190114975
0.016890715807676315, 0.12520533800125122
0.07569564133882523, 0.13837607204914093
0.10132133960723877, 0.08398652076721191
0.09977052360773087, 0.02781825140118599
0.0925631895661354, -0.006516480818390846
0.08218462020158768, -0.035969506949186325
0.027705637738108635, -0.05763231962919235
-0.08653510361909866, -0.11932225525379181
-0.1309642195701599, -0.16070297360420227
-0.15147462487220764, -0.1192626804113388
-0.15147462487220764, -0.1192626804113388
-0.12732429802417755, -0.06895958632230759
0.016890715807676315, 0.12520533800125122
0.07569564133882523, 0.13837607204914093
0.10132133960723877, 0.08398652076721191
0.09977052360773087, 0.02781825140118599
0.0925631895661354, -0.006516480818390846
0.08218462020158768, -0.035969506949186325
-0.1309642195701599, -0.16070297360420227
