-0.11995699256658554, 0.057265590876340866
-0.10755130648612976, 0.09710440039634705
-0.012780968099832535, 0.0626782700419426
0.05165606364607811, 0.07597427815198898
0.10905741155147552, -0.015016566030681133
0.04240492731332779, -0.14003288745880127
-0.04300117865204811, -0.055612608790397644
-0.11995699256658554, 0.057265590876340866
-0.10755130648612976, 0.09710440039634705
0.05165606364607811, 0.07597427815198898
0.10905741155147552, -0.015016566030681133
0.04240492731332779, -0.14003288745880127
-0.04300117865204811, -0.055612608790397644
