-0.3525310754776001, 0.05331900343298912
-0.33178335428237915, 0.1373942494392395
-0.313906729221344, 0.1838458627462387
-0.28967946767807007, 0.2538371682167053
-0.3126392662525177, 0.36533084511756897
-0.3119131326675415, 0.4089422821998596
-0.23427221179008484, 0.3434721827507019
-0.15202118456363678, 0.3204938769340515
-0.04062142223119736, 0.30875077843666077
0.05572967603802681, 0.29591771960258484
0.11360155045986176, 0.30216628313064575
0.22567367553710938, 0.36352163553237915
0.17193204164505005, 0.2284526228904724
0.20961980521678925, 0.16776816546916962
0.25028714537620544, 0.09684784710407257
0.26898396015167236, 0.06180523708462715
0.3233073949813843, -0.07740967720746994
0.38849538564682007, -0.1401277631521225
0.42981669306755066, -0.28304582834243774
0.2928873896598816, -0.3241056203842163
0.243919238448143, -0.32750412821769714
0.13015373051166534, -0.42233985662460327
0.09129541367292404, -0.38484230637550354
0.026316098868846893, -0.3160612881183624
-0.027144188061356544, -0.2839210331439972
-0.15451155602931976, -0.21806073188781738
-0.22255897521972656, -0.16699200868606567
-0.3379116654396057, -0.0843820795416832
-0.3535592555999756, -0.044155895709991455
-0.3535592555999756, -0.044155895709991455
-0.3525310754776001, 0.05331900343298912
-0.3119131326675415, 0.4089422821998596
0.22567367553710938, 0.36352163553237915
0.38849538564682007, -0.1401277631521225
0.42981669306755066, -0.28304582834243774
0.13015373051166534, -0.42233985662460327
-0.15451155602931976, -0.21806073188781738
-0.3379116654396057, -0.0843820795416832
