-0.19060423970222473, -0.08233819901943207
-0.06889193505048752, -0.014686137437820435
-0.013651332817971706, 0.010869631543755531
0.0916348472237587, 0.06967729330062866
0.12106053531169891, 0.16303099691867828
0.19368337094783783, 0.22180142998695374
0.22790908813476562, 0.21972596645355225
0.30893462896347046, 0.12596385180950165
0.21545110642910004, 0.056223489344120026
0.04328027367591858, -0.04068473353981972
-0.03608260303735733, -0.04775010049343109
-0.15542760491371155, -0.10024568438529968
-0.19060423970222473, -0.08233819901943207
0.19368337094783783, 0.22180142998695374
0.22790908813476562, 0.21972596645355225
0.30893462896347046, 0.12596385180950165
0.21545110642910004, 0.056223489344120026
0.04328027367591858, -0.04068473353981972
-0.15542760491371155, -0.10024568438529968
