-0.01912904903292656, 0.13725629448890686
0.009595593437552452, 0.1500588059425354
0.06426890194416046, 0.06300166994333267
0.07408897578716278, 0.025622885674238205
0.08313596993684769, -0.05238590016961098
0.0761261060833931, -0.11538408696651459
0.040659841150045395, -0.15711276233196259
-0.007253022398799658, -0.10340812057256699
-0.03928536921739578, -0.057762302458286285
-0.05682523921132088, -0.03153810650110245
-0.09739323705434799, 0.04666795954108238
-0.1324853152036667, 0.10011167079210281
-0.1324853152036667, 0.10011167079210281
0.009595593437552452, 0.1500588059425354
0.06426890194416046, 0.06300166994333267
0.07408897578716278, 0.025622885674238205
0.08313596993684769, -0.05238590016961098
0.0761261060833931, -0.11538408696651459
0.040659841150045395, -0.15711276233196259
-0.007253022398799658, -0.10340812057256699
-0.03928536921739578, -0.057762302458286285
-0.05682523921132088, -0.03153810650110245
