0.0013033057330176234, 0.051234371960163116
-0.04010796174407005, 0.006360083818435669
-0.11098485440015793, -0.12064017355442047
-0.11642767488956451, -0.21637357771396637
-0.13723571598529816, -0.3243551254272461
-0.16045962274074554, -0.38594135642051697
-0.18257452547550201, -0.4263466000556946
-0.23556707799434662, -0.43079283833503723
-0.255555123090744, -0.40131595730781555
-0.15845684707164764, -0.3103391230106354
-0.15169008076190948, -0.2707197666168213
-0.15060162544250488, -0.20715944468975067
-0.13355189561843872, -0.08848389238119125
-0.08438188582658768, 0.007965205237269402
0.006923844572156668, 0.10580690950155258
0.05158795416355133, 0.132790669798851
-0.255555123090744, -0.40131595730781555
-0.13355189561843872, -0.08848389238119125
-0.08438188582658768, 0.007965205237269402
0.006923844572156668, 0.10580690950155258
0.05158795416355133, 0.132790669798851
-0.16045962274074554, -0.38594135642051697
-0.18257452547550201, -0.4263466000556946
-0.23556707799434662, -0.43079283833503723
