0.0680539533495903, 0.028596650809049606
0.11493527144193649, 0.06634904444217682
0.1796244978904724, 0.14969202876091003
0.19674770534038544, 0.17624711990356445
0.23938800394535065, 0.17438042163848877
0.2463182806968689, 0.11461123079061508
0.2089381366968155, 0.022401461377739906
0.14254847168922424, -0.05055205896496773
0.11945948749780655, -0.023516740649938583
0.0680539533495903, 0.028596650809049606
0.19674770534038544, 0.17624711990356445
0.23938800394535065, 0.17438042163848877
0.2463182806968689, 0.11461123079061508
0.2089381366968155, 0.022401461377739906
0.14254847168922424, -0.05055205896496773
