-0.1423899382352829, 0.16046792268753052
-0.022659840062260628, 0.1350271850824356
0.006859518121927977, 0.12497188150882721
0.07719846814870834, 0.018346671015024185
0.10661870241165161, -0.057711780071258545
0.10418311506509781, -0.1286427229642868
0.057714108377695084, -0.1432006061077118
-0.05886717140674591, -0.09979969263076782
-0.040691275149583817, -0.012452670373022556
-0.097709059715271, 0.09632515907287598
-0.16810457408428192, 0.10498268157243729
-0.16810457408428192, 0.10498268157243729
-0.1423899382352829, 0.16046792268753052
-0.022659840062260628, 0.1350271850824356
0.006859518121927977, 0.12497188150882721
0.07719846814870834, 0.018346671015024185
0.10661870241165161, -0.057711780071258545
0.10418311506509781, -0.1286427229642868
0.057714108377695084, -0.1432006061077118
-0.05886717140674591, -0.09979969263076782
