-0.034016852110824766, 0.21571574752846573
-0.06799674179296358, 0.16686353383578034
-0.025006149391932755, 0.1796076520271967
0.09145859921828442, 0.2141324268331985
0.1561247745761431, 0.17274289475920432
0.19509086159089306, 0.03941986515385251
0.20117946649863871, -0.06109358680341332
0.135567885607503, -0.058277773465084254
0.0607560997713909, -0.12104139068594352
-0.0017198790557024397, -0.14600144146927094
-0.13662906754300067, -0.04604564112229818
-0.1663665453306395, 0.04740588847521862
-0.18360954648556657, 0.1015928926417084
-0.18360954648556657, 0.1015928926417084
-0.034016852110824766, 0.21571574752846573
0.09145859921828442, 0.2141324268331985
0.1561247745761431, 0.17274289475920432
0.19509086159089306, 0.03941986515385251
0.20117946649863871, -0.06109358680341332
0.0607560997713909, -0.12104139068594352
-0.0017198790557024397, -0.14600144146927094
-0.13662906754300067, -0.04604564112229818
