-0.36179303588604217, 1.26565585300281
-0.27134444546989345, 1.2351687004212077
-0.24935459045646652, 1.2461381329559593
-0.2343813592756713, 1.2573907044203605
-0.16259589808591318, 1.315304599285875
-0.10174951739898262, 1.3581200937729387
-0.01802703824718576, 1.4069116512324433
0.05635251392755444, 1.35485460553251
0.12089418206520029, 1.4252630847436698
0.09512724992451854, 1.4844810199700555
0.16629206776671077, 1.5305123533131122
0.22064882217194137, 1.513109272021976
0.2888354312406178, 1.4553989839884547
0.24075544952678207, 1.4182484663488706
0.23083688515538614, 1.3661838543590104
0.17170660604370627, 1.2888101868747355
0.13912477609555227, 1.204426719769269
0.13452953678461996, 1.1554013011502708
0.13449304941915116, 1.1390170762421654
0.1934478024862696, 1.069136804428906
0.24402715377957887, 1.045858083203654
0.23426974990008811, 0.9588252531489417
0.16901310558966348, 0.9563797818970886
0.12097913893771531, 0.9734522877753218
0.029644939214592582, 0.9565282371186313
-0.035131742163703863, 0.8921557281107413
-0.10504739600676025, 0.7695578775275216
-0.1092864411000182, 0.6506874724040175
-0.04966835316520337, 0.47985978978730315
0.035296064746607916, 0.4553511066282325
0.06387907745482031, 0.4496392742875864
0.1502924931250331, 0.4454256903001448
0.23346109959014885, 0.4612043383162365
0.31233921417628735, 0.43220188125807585
0.383927594445721, 0.42866849435958254
0.4099086469085613, 0.355637667782987
0.43014162162500913, 0.31250902163215205
0.49643952986495504, 0.22945928255097492
0.5241006928295477, 0.17493634258465082
0.3993401154266844, 0.20870568547059595
0.32564870957597425, 0.24764643037709688
0.25109980176644403, 0.24151919571581074
0.2343404057618563, 0.23397856227212702
0.17896595841278107, 0.15705706606748815
0.12348463537423858, 0.1426785293522313
0.11247248293076034, 0.07126297085176267
0.1210177508680297, 0.019364380004465102
0.09628720492789228, -0.04793376339805712
0.059035825397728864, -0.12960637545243497
0.0968295991348526, -0.20217588353035187
0.11397404244082386, -0.22673986357990214
0.13794850889472185, -0.2602504061175306
0.2205038070057164, -0.3060096693140483
0.24905088216010887, -0.3179836782768679
0.3598669866693557, -0.35555948289038164
0.42713295562106773, -0.37546078733512467
0.4850744984158866, -0.4033958955712889
0.5279403556180094, -0.42166615229086224
0.6065159505694572, -0.4484461153486749
0.666660939244463, -0.40525913633213356
0.6806284337049529, -0.35368449262112517
0.7272535782390661, -0.2996581649730923
0.7753763945940306, -0.3380690292488956
0.8588388759061981, -0.37820477517200474
0.9172901650143895, -0.45789328398402024
0.8951573928139712, -0.580926663934131
0.8400953706710004, -0.5917726830790351
0.7627226589998432, -0.6451911586116823
0.7617112723951261, -0.6567600432681283
0.7717820576059464, -0.7198150208867783
0.7587329755831923, -0.7708418894601549
0.8051709673498851, -0.8308331088577458
0.8746090560231029, -0.8579684507100249
0.9044954591903716, -0.9138117814383877
0.9820804305545389, -0.9665600357448116
1.0583154867327953, -1.0302165646235546
1.109887356646078, -1.066968155121106
1.1637940251957117, -1.0997556220624487
1.2245276429213556, -1.1507505612370468
1.2815461873904614, -1.2500945793948983
1.1657342640054391, -1.1955627312980783
1.1005963995617194, -1.1530951628746633
1.0223205732780833, -1.1102727594991173
0.9392697373773384, -1.1546557484203235
0.8864651220236925, -1.3355157901925923
0.8011854426128763, -1.374545779964987
0.7365062458837784, -1.3834236869206131
0.6903966911429426, -1.358009395905746
0.6179610297682043, -1.3279246829316784
0.5619230055742871, -1.2907819807582404
0.49813385235086305, -1.2449657964375498
0.4514159701865107, -1.1631291682570783
0.3899964589316992, -1.1590436932998793
0.27365985610825627, -1.0991466822989369
-0.06242152109868351, -0.8460027774427594
-0.14453726555118654, -0.7960781386845247
-0.2683118606821697, -0.6733075228860032
-0.3002728519444545, -0.5963360243977854
-0.3905930558022217, -0.6016989218657397
-0.4307364329478074, -0.556973568071151
-0.4148607071023318, -0.4632746640317757
-0.41472488485649744, -0.4022852723702245
-0.411836699724485, -0.3152654296580908
-0.4103427913527749, -0.25354709267987463
-0.40853365738793784, -0.053064240268389726
-0.39986040731310724, 0.14056750297865273
-0.38915246005929915, 0.23581308098866405
-0.3929728040027386, 0.2887314263816934
-0.38849435668360016, 0.3924508465988952
-0.3790685139162092, 0.46838730796293293
-0.3800635531109453, 0.5448863278957478
-0.38273154564417605, 0.6440395855038051
-0.38131821885233674, 0.7638248231541891
-0.38538870201358744, 0.8718717068649939
-0.38374933386452503, 0.9657310435676224
-0.38371467088724004, 0.981296048289799
-0.3839331417712394, 1.0184381030737428
-0.3925477068683647, 1.1095501896819433
-0.39473699269984924, 1.1890912827461666
0.05635251392755444, 1.35485460553251
0.09512724992451854, 1.4844810199700555
0.16629206776671077, 1.5305123533131122
0.22064882217194137, 1.513109272021976
0.2888354312406178, 1.4553989839884547
0.137971150578535, 1.1921189877722047
0.4250851336946859, -1.1613777057186814
0.4934265512360529, -0.8928304085440384
0.7587329755831923, -0.7708418894601549
0.8746090560231029, -0.8579684507100249
0.9797232658630917, -0.9458543029341981
1.0223205732780833, -1.1102727594991173
0.8864651220236925, -1.3355157901925923
0.8011854426128763, -1.374545779964987
0.7365062458837784, -1.3834236869206131
0.6179610297682043, -1.3279246829316784
0.5619230055742871, -1.2907819807582404
0.49813385235086305, -1.2449657964375498
0.9797232658630917, -0.9458543029341981
1.1637940251957117, -1.0997556220624487
1.2245276429213556, -1.1507505612370468
1.2815461873904614, -1.2500945793948983
1.1657342640054391, -1.1955627312980783
1.0223205732780833, -1.1102727594991173
0.4934265512360529, -0.8928304085440384
0.6065159505694572, -0.4484461153486749
0.6806284337049529, -0.35368449262112517
0.7272535782390661, -0.2996581649730923
0.8588388759061981, -0.37820477517200474
0.9172901650143895, -0.45789328398402024
0.8951573928139712, -0.580926663934131
0.7587329755831923, -0.7708418894601549
-0.4307364329478074, -0.556973568071151
-0.41275064287909324, -0.34280216498725036
0.059035825397728864, -0.12960637545243497
0.6065159505694572, -0.4484461153486749
0.4250851336946859, -1.1613777057186814
0.3899964589316992, -1.1590436932998793
0.27365985610825627, -1.0991466822989369
-0.14453726555118654, -0.7960781386845247
-0.3905930558022217, -0.6016989218657397
-0.41275064287909324, -0.34280216498725036
-0.4125565274403096, -0.3262944519020231
-0.04966835316520337, 0.47985978978730315
0.07887401160132093, 0.4713901098421717
0.2343404057618563, 0.23397856227212702
0.059035825397728864, -0.12960637545243497
0.07887401160132093, 0.4713901098421717
0.23346109959014885, 0.4612043383162365
0.383927594445721, 0.42866849435958254
0.49643952986495504, 0.22945928255097492
0.5241006928295477, 0.17493634258465082
0.2343404057618563, 0.23397856227212702
-0.4125565274403096, -0.3262944519020231
-0.4021756893835633, 0.5564992985525361
-0.1092864411000182, 0.6506874724040175
-0.04966835316520337, 0.47985978978730315
-0.4021756893835633, 0.5564992985525361
-0.39473699269984924, 1.1890912827461666
-0.36179303588604217, 1.26565585300281
-0.27836179599747063, 1.2999383197641943
0.029644939214592582, 0.9565282371186313
-0.1092864411000182, 0.6506874724040175
-0.27836179599747063, 1.2999383197641943
-0.01802703824718576, 1.4069116512324433
0.05635251392755444, 1.35485460553251
0.24402715377957887, 1.045858083203654
0.23426974990008811, 0.9588252531489417
0.16901310558966348, 0.9563797818970886
0.029644939214592582, 0.9565282371186313
