-0.2407071147077313, -0.07703489346760209
-0.13893217499649013, 0.05222666965081085
-0.10951113171052057, 0.14543789266426055
-0.062423170270302454, 0.16630898864458443
0.021485460647808693, 0.16003823043264764
0.10243279545915737, 0.08052195111153862
0.15248790967873146, 0.027410736256940068
0.18539854700091926, -0.017687130609706597
0.13889022568189469, -0.09703714631915937
0.12412645021375815, -0.15267785980115223
-0.003638343158730543, -0.13026873508323453
-0.07986586966963151, -0.11754712921043413
-0.1496749525888344, -0.1585917588835411
-0.2324168403546425, -0.19836079367741874
-0.27555783917206833, -0.152569771901443
-0.27555783917206833, -0.152569771901443
-0.2407071147077313, -0.07703489346760209
-0.10951113171052057, 0.14543789266426055
-0.062423170270302454, 0.16630898864458443
0.021485460647808693, 0.16003823043264764
0.10243279545915737, 0.08052195111153862
0.15248790967873146, 0.027410736256940068
0.18539854700091926, -0.017687130609706597
0.12412645021375815, -0.15267785980115223
-0.2324168403546425, -0.19836079367741874
