-0.13663832474475576, -0.011333045155128604
-0.12681731850656233, 0.06909807329580611
-0.0914955480393021, 0.1801535917562008
-0.06775270754473978, 0.2370324359769604
0.01754470872280715, 0.2101294069051786
0.14608355455558453, 0.1783663101230615
0.20203748852555706, 0.16690131837895852
0.13787591438969776, 0.14424042831160827
0.1454563463883446, 0.015296181535370131
0.13389926850329223, -0.03701416408295681
0.15070787580817485, -0.12422387694780251
0.12534012826349705, -0.20741373806073932
0.05750921925514797, -0.19068025438523015
-0.006428438771628402, -0.17304850256121843
-0.09158500568566491, -0.15432487106010828
-0.18387295826505617, -0.13113270023707663
-0.18387295826505617, -0.13113270023707663
-0.12681731850656233, 0.06909807329580611
-0.0914955480393021, 0.1801535917562008
-0.06775270754473978, 0.2370324359769604
0.20203748852555706, 0.16690131837895852
0.15070787580817485, -0.12422387694780251
0.12534012826349705, -0.20741373806073932
-0.09158500568566491, -0.15432487106010828
