-0.12174297006801899, 0.13777576117175971
-0.05609135388991297, 0.14944427881920797
0.03831443425625378, 0.13595364410002056
0.05246251885887621, 0.06965239510917368
0.10049252624302783, 0.012983787822141213
0.11137451807165233, 8.613152754693388E-4
0.17900368502255307, -0.05409244731888911
0.26586219185222676, -0.007121808935559274
0.3322050100751182, -0.02287084643110185
0.23230978593846166, -0.07541958612162987
0.16432600889527177, -0.12825518119142576
0.0552338152591611, -0.19802616340326876
-0.04780741467624557, -0.25321064584300856
-0.07467132392388885, -0.1354978600671354
-0.08655019043841083, -0.0665353075637176
-0.09211359461338395, -0.034237061595107574
-0.1200124200978001, 0.0546979156837553
0.125507858801454, -0.15308170973962346
0.17900368502255307, -0.05409244731888911
0.26586219185222676, -0.007121808935559274
0.3322050100751182, -0.02287084643110185
-0.12174297006801899, 0.13777576117175971
-0.05609135388991297, 0.14944427881920797
0.03831443425625378, 0.13595364410002056
0.17900368502255307, -0.05409244731888911
0.125507858801454, -0.15308170973962346
0.0552338152591611, -0.19802616340326876
-0.04780741467624557, -0.25321064584300856
-0.1200124200978001, 0.0546979156837553
