-0.22824959500449032, 0.12885252442017092
-0.20589383960179442, 0.19129963588635615
-0.14154173849257576, 0.16508185038078924
-0.10871027944891029, 0.1660330839599013
-0.030208654104474757, 0.1832090002543372
0.05413011853429635, 0.18898715705061409
0.19830242965985784, 0.18861951460005674
0.20677095829309985, 0.11942549975205961
0.23006666336302461, 0.03826499581431411
0.2674450544914798, -0.012781810774179678
0.33105229314715934, -0.031855543249300025
0.18874762296369507, -0.09088103598960685
0.15145096923962098, -0.17256431167854286
0.07866833239409766, -0.18278007311877442
0.0077051260458511454, -0.19672332609619278
-0.15607772920053115, -0.16690870952098266
-0.1760052812144114, -0.029222982949615083
-0.17769314223897137, 0.058010575448057336
-0.25230265680525094, 0.061664267780272064
-0.25230265680525094, 0.061664267780272064
-0.20589383960179442, 0.19129963588635615
0.19830242965985784, 0.18861951460005674
0.33105229314715934, -0.031855543249300025
0.15145096923962098, -0.17256431167854286
0.0077051260458511454, -0.19672332609619278
-0.15607772920053115, -0.16690870952098266
