-0.022917857397407353, 0.1516965145958161
0.030469407054142063, 0.040204682126999215
0.04200023354051992, 0.016124164272166033
0.06693348934485105, -0.03594545209788502
0.022060440170202544, -0.06389875194622628
-0.01545118826471637, -0.02516760728568791
-0.05347725313487678, 0.0211952656824172
-0.08187987006246689, 0.07180118952288161
-0.08187987006246689, 0.07180118952288161
-0.022917857397407353, 0.1516965145958161
0.06693348934485105, -0.03594545209788502
0.022060440170202544, -0.06389875194622628
-0.01545118826471637, -0.02516760728568791
-0.05347725313487678, 0.0211952656824172
