-0.24219238946798163, 0.07714099487366025
-0.18961356797202147, 0.08153613326707962
-0.13661939850638496, 0.10927019486528575
-0.10476888092130214, 0.18957875804027757
-0.013661337123749766, 0.14620632413512052
0.07269480389578664, 0.18229082916494196
0.11406374273392243, 0.08582324359970285
0.14861830041534946, 0.005246007552033796
0.16916960425616528, -0.04267725848817547
0.12747415924274488, -0.11691068969120448
0.07867058418158226, -0.09322489667356984
-0.04938484979703473, -0.02489796341119958
-0.24219238946798163, 0.07714099487366025
-0.10476888092130214, 0.18957875804027757
0.07269480389578664, 0.18229082916494196
0.16916960425616528, -0.04267725848817547
0.12747415924274488, -0.11691068969120448
0.07867058418158226, -0.09322489667356984
