0.21554995467405536, -0.12170869126861078
0.13374510017482835, -0.168133299577223
0.034448873027812466, -0.22448433742262083
-0.0037883322016220144, -0.14508233755392877
-0.07664878852547491, -0.1388046626937109
-0.09816851932787907, -0.06036750968872315
-0.11041738326300181, -0.015721690303790944
-0.12077486212247068, 0.022030229620566267
-0.16158853346766666, 0.11201801220013938
-0.149594361356464, 0.1625684304200211
-0.03792675681910312, 0.19300675639982584
0.03362692998930944, 0.15072069923696885
0.0759647578800902, 0.10111324011572899
0.06115647894391741, -0.014827672595900478
0.07536410988228176, -0.10328947345211835
0.10207496371234061, -0.10953588176341145
-0.03392560332976679, -0.17175322848503954
0.07536410988228176, -0.10328947345211835
0.21554995467405536, -0.12170869126861078
0.034448873027812466, -0.22448433742262083
-0.16158853346766666, 0.11201801220013938
-0.149594361356464, 0.1625684304200211
-0.03792675681910312, 0.19300675639982584
0.03362692998930944, 0.15072069923696885
0.0759647578800902, 0.10111324011572899
0.07536410988228176, -0.10328947345211835
-0.03392560332976679, -0.17175322848503954
-0.07664878852547491, -0.1388046626937109
