-0.08443939673894742, 0.02726038059903356
-0.0614856275881787, 0.09429401227484627
0.023328408847811857, 0.11729092868763968
0.12688863660597396, 0.1636782550448819
0.21723240283626855, 0.2133180532400482
0.16967188548040482, 0.08583757217918885
0.1268421409238086, 0.017859153643300547
0.05523749325752092, -0.07085085268655694
-0.04796195627889894, -0.0656744604504816
-0.08443939673894742, 0.02726038059903356
-0.0614856275881787, 0.09429401227484627
0.21723240283626855, 0.2133180532400482
0.16967188548040482, 0.08583757217918885
0.1268421409238086, 0.017859153643300547
0.05523749325752092, -0.07085085268655694
-0.04796195627889894, -0.0656744604504816
