-0.15995368008040434, -0.008931201592399518
-0.14973679195218567, 0.05915251115544795
-0.07759980575298178, 0.0483273741563288
-0.04657005347971472, 0.05498047403389578
0.07532518276080291, 0.08165581428231064
0.08749052592484477, 0.006051285513490123
0.04721290511057093, -0.060905536666883454
-0.03876424240182707, -0.12892241230463078
-0.09394772370861276, -0.11162911295340966
-0.170170568208623, -0.07701491434024699
-0.170170568208623, -0.07701491434024699
-0.14973679195218567, 0.05915251115544795
0.07532518276080291, 0.08165581428231064
0.08749052592484477, 0.006051285513490123
0.04721290511057093, -0.060905536666883454
-0.03876424240182707, -0.12892241230463078
-0.09394772370861276, -0.11162911295340966
