-0.03626807739373835, -0.22396467333176934
-0.09576310374060674, -0.1629270522172234
-0.09809252184966555, -0.08882219462144056
-0.13811971383186122, -0.05822508814486099
-0.15867898390214275, 0.037301337403832464
-0.11728067362626858, 0.10522310239062059
-0.07832190736163117, 0.15456662989825667
-0.12984548640535562, 0.2104781457556726
-0.15833795780222068, 0.2626287132591374
-0.1502380979556331, 0.3167065213253615
-0.1025136642008835, 0.281042901693404
-0.016994382765442646, 0.17174704612472483
0.005266479476737613, 0.09315095809080673
0.05627407979613574, 0.04737350637326406
0.14139966381491947, 0.09783601452995297
0.20603947991329527, -0.02954326165418438
0.21592603594988752, -0.1293307051341959
0.16442640848408216, -0.1192826487015243
0.10154244394277778, -0.17916819705515258
-0.15867898390214275, 0.037301337403832464
-0.15833795780222068, 0.2626287132591374
-0.1502380979556331, 0.3167065213253615
-0.1025136642008835, 0.281042901693404
0.14139966381491947, 0.09783601452995297
0.20603947991329527, -0.02954326165418438
0.21592603594988752, -0.1293307051341959
0.10154244394277778, -0.17916819705515258
-0.03626807739373835, -0.22396467333176934
-0.09576310374060674, -0.1629270522172234
-0.13811971383186122, -0.05822508814486099
