-0.11267193573863522, 0.05212627219567914
-0.016711396666733574, 0.09020793479019729
0.11419859077158802, 0.13896858638575846
0.1683009094407637, 0.09749131537311571
0.10706611725228013, 0.017698825935900803
0.09815658148337791, 0.006089183552492498
0.0894032339890437, -0.005316936441057374
0.0806498864947095, -0.016723056434607246
0.05772123663699663, -0.04660041840800567
0.04152724657831357, -0.06770212765732436
0.010454005601734831, -0.13805619890053455
-0.041563008900175544, -0.16816703442821263
-0.10633243949021083, -0.16976484792244997
-0.16719541755700607, -0.10133348083143072
-0.13530036383796962, -0.0016265762571831405
-0.16719541755700607, -0.10133348083143072
-0.13530036383796962, -0.0016265762571831405
-0.11267193573863522, 0.05212627219567914
-0.016711396666733574, 0.09020793479019729
0.11419859077158802, 0.13896858638575846
0.1683009094407637, 0.09749131537311571
0.010454005601734831, -0.13805619890053455
-0.041563008900175544, -0.16816703442821263
-0.10633243949021083, -0.16976484792244997
