-0.1871758359803756, -0.017375996877193364
-0.12467712703555939, 0.02391211231655699
-0.03999484506252365, 0.06458963880440168
0.013263241659229019, 0.10295264256390421
0.07415649185771722, 0.1322560543709901
0.16383413479378917, 0.09635969951947898
0.2423714232260321, 0.10713403571685576
0.21303156216464514, 0.037967063366202654
0.1626266351699513, -0.006529397304336633
0.02205288407476722, -0.04624340608491339
-0.05702766555888468, -0.07080855647158012
-0.1298305625687814, -0.08422292474079379
-0.18119105491649218, -0.07440166013096558
-0.1871758359803756, -0.017375996877193364
-0.12467712703555939, 0.02391211231655699
0.013263241659229019, 0.10295264256390421
0.07415649185771722, 0.1322560543709901
0.2423714232260321, 0.10713403571685576
0.21303156216464514, 0.037967063366202654
0.1626266351699513, -0.006529397304336633
-0.05702766555888468, -0.07080855647158012
-0.1298305625687814, -0.08422292474079379
-0.18119105491649218, -0.07440166013096558
