-0.16934728669706728, 0.20417564841887034
-0.08682218178691904, 0.23120089936230712
-0.007009060718417988, 0.20614382981876217
0.05069380543921316, 0.11647723843233607
0.06845541042430128, 0.026387285116030484
0.07220176101600417, 0.015700290255131377
0.11424286930181944, -0.024858627232620212
0.2000166705949185, -0.024794243182105782
0.2594662733265979, -0.0717094690954749
0.24543616788497458, -0.15142678719330263
0.0597317803629437, -0.06637384583750976
-0.01278166430270667, -0.13408084493872918
-0.07116334773478984, -0.1312992716121066
-0.14211712567577084, -0.09314202079309013
-0.19053708025927013, -0.07045825095562401
-0.19157886512760383, 0.03599433741181928
-0.21821463359969118, 0.12371624382293962
-0.21821463359969118, 0.12371624382293962
-0.16934728669706728, 0.20417564841887034
-0.08682218178691904, 0.23120089936230712
-0.007009060718417988, 0.20614382981876217
0.2594662733265979, -0.0717094690954749
0.24543616788497458, -0.15142678719330263
-0.07116334773478984, -0.1312992716121066
-0.19053708025927013, -0.07045825095562401
