-0.1021389973537977, -0.11298647617402587
-0.07573641987144483, -0.019434957885826488
-0.07507079965894203, 0.033584401510454255
-0.031909881508952215, 0.08861381714914371
0.02990672476739592, 0.08727796297933815
0.05154792706850946, 0.015683721943099957
0.06661762573492283, -0.03417042311108501
-0.015614244884551634, -0.15274065782831195
-0.1021389973537977, -0.11298647617402587
-0.07507079965894203, 0.033584401510454255
-0.031909881508952215, 0.08861381714914371
0.02990672476739592, 0.08727796297933815
0.06661762573492283, -0.03417042311108501
-0.015614244884551634, -0.15274065782831195
