0.008837041445076466, 0.05114995688199997
0.09475889801979065, 0.08453339338302612
0.14811842143535614, 0.11668349802494049
0.2350974678993225, 0.14861176908016205
0.2910548746585846, 0.1819344311952591
0.36214566230773926, 0.2013023942708969
0.325697660446167, 0.1266363114118576
0.27266553044319153, 0.09314259886741638
0.06686165183782578, -2.2234400967136025E-4
0.008571051061153412, -0.02197256311774254
0.008571051061153412, -0.02197256311774254
0.008837041445076466, 0.05114995688199997
0.14811842143535614, 0.11668349802494049
0.2910548746585846, 0.1819344311952591
0.36214566230773926, 0.2013023942708969
0.325697660446167, 0.1266363114118576
0.27266553044319153, 0.09314259886741638
0.06686165183782578, -2.2234400967136025E-4
