-0.4026365280151367, 0.03262766823172569
-0.34085920453071594, 0.03612596541643143
-0.24722826480865479, 0.02851315215229988
-0.12201643735170364, 0.024152813479304314
-0.07811788469552994, 0.0293202493339777
-0.01137594785541296, 0.040351781994104385
0.05819133296608925, 0.026387402787804604
0.12781043350696564, 0.05628769472241402
0.20983026921749115, 0.024746347218751907
0.49862200021743774, 0.03726469352841377
0.46119168400764465, -0.030193686485290527
0.3989640176296234, -0.039055220782756805
0.3087930977344513, -0.02932829037308693
0.1975771188735962, -0.02066894993185997
-0.04308519884943962, -0.03466544300317764
-0.13242487609386444, -0.04346397519111633
-0.19674567878246307, -0.03402198106050491
-0.2853066921234131, -0.043228957802057266
-0.37552836537361145, -0.03359098359942436
-0.47414568066596985, 0.003397127613425255
-0.47414568066596985, 0.003397127613425255
-0.4026365280151367, 0.03262766823172569
-0.34085920453071594, 0.03612596541643143
0.12781043350696564, 0.05628769472241402
0.49862200021743774, 0.03726469352841377
0.46119168400764465, -0.030193686485290527
0.3989640176296234, -0.039055220782756805
-0.13242487609386444, -0.04346397519111633
-0.2853066921234131, -0.043228957802057266
-0.37552836537361145, -0.03359098359942436
