-0.2958458960056305, 0.26303666830062866
-0.2470742166042328, 0.2232399880886078
-0.09020433574914932, 0.10352729260921478
-0.052456460893154144, 0.0796937569975853
0.010688100010156631, 0.04457896947860718
0.08353079110383987, -0.012901576235890388
0.1433076709508896, -0.07981374114751816
0.21237842738628387, -0.12446197867393494
0.2890172302722931, -0.17110715806484222
0.35215091705322266, -0.20611582696437836
0.34877631068229675, -0.30467337369918823
0.2734034061431885, -0.2627255618572235
0.20431141555309296, -0.20295479893684387
0.1286436766386032, -0.1560000479221344
-0.003631175495684147, -0.0454079769551754
-0.05977856367826462, 2.5802376330830157E-4
-0.09702838957309723, 0.023882808163762093
-0.17291989922523499, 0.07161423563957214
-0.29915961623191833, 0.19236715137958527
-0.37447017431259155, 0.24086453020572662
-0.3777553141117096, 0.3143503963947296
-0.3777553141117096, 0.3143503963947296
-0.2958458960056305, 0.26303666830062866
0.010688100010156631, 0.04457896947860718
0.35215091705322266, -0.20611582696437836
0.34877631068229675, -0.30467337369918823
0.2734034061431885, -0.2627255618572235
0.1286436766386032, -0.1560000479221344
-0.17291989922523499, 0.07161423563957214
-0.37447017431259155, 0.24086453020572662
