-0.020097801461815834, -0.13747698068618774
-0.00821016076952219, -0.014907781966030598
0.013937976211309433, 0.06328371912240982
-0.018722763285040855, 0.1375427097082138
-0.03424646332859993, 0.20476236939430237
0.05811602249741554, 0.22560863196849823
0.04393860325217247, 0.16849415004253387
0.044080186635255814, 0.09701408445835114
0.03540639951825142, 0.046588074415922165
0.011371801607310772, -0.05000416189432144
-0.03424646332859993, 0.20476236939430237
0.05811602249741554, 0.22560863196849823
0.044080186635255814, 0.09701408445835114
0.03540639951825142, 0.046588074415922165
0.011371801607310772, -0.05000416189432144
-0.020097801461815834, -0.13747698068618774
