-0.23566986620426178, -0.02912158891558647
-0.16604450345039368, -0.008953232318162918
-0.056780681014060974, 0.025957105681300163
-0.008673997595906258, 0.05492834746837616
0.06420256197452545, 0.06390507519245148
0.2152261584997177, 0.13696514070034027
0.32150715589523315, 0.07410863786935806
0.2342866063117981, 0.04448896273970604
0.17327694594860077, 0.03063451312482357
0.04134451225399971, -0.004507904406636953
-0.016091538593173027, -0.027753405272960663
-0.10042157769203186, -0.05676690861582756
-0.17639592289924622, -0.07917648553848267
-0.23782379925251007, -0.08060429990291595
-0.23782379925251007, -0.08060429990291595
-0.23566986620426178, -0.02912158891558647
-0.008673997595906258, 0.05492834746837616
0.2152261584997177, 0.13696514070034027
0.32150715589523315, 0.07410863786935806
0.2342866063117981, 0.04448896273970604
-0.10042157769203186, -0.05676690861582756
-0.17639592289924622, -0.07917648553848267
