-0.23859791457653046, -0.236619770526886
-0.15039609372615814, -0.06513340771198273
-0.1081659123301506, 0.0052910419180989265
0.024949610233306885, 0.160791277885437
0.0389057882130146, 0.26422977447509766
0.08029639720916748, 0.3392511308193207
0.14274491369724274, 0.3708992302417755
0.245892733335495, 0.3285914957523346
0.2173287272453308, 0.23697730898857117
0.19879476726055145, 0.182026207447052
0.15965452790260315, 0.1257612258195877
0.11185077577829361, 0.042656321078538895
0.004999983590096235, -0.1491508036851883
-0.034617312252521515, -0.21363864839076996
-0.07589796930551529, -0.2847285568714142
-0.1750289499759674, -0.4329948425292969
-0.2725219130516052, -0.336465060710907
-0.2725219130516052, -0.336465060710907
-0.23859791457653046, -0.236619770526886
-0.15039609372615814, -0.06513340771198273
0.08029639720916748, 0.3392511308193207
0.14274491369724274, 0.3708992302417755
0.245892733335495, 0.3285914957523346
0.2173287272453308, 0.23697730898857117
0.19879476726055145, 0.182026207447052
0.004999983590096235, -0.1491508036851883
-0.07589796930551529, -0.2847285568714142
-0.1750289499759674, -0.4329948425292969
