-0.2635978162288666, -0.04546494781970978
-0.19874531030654907, 0.029359525069594383
-0.07720136642456055, 0.16189992427825928
-0.02670210972428322, 0.2257346510887146
0.011918704025447369, 0.27134326100349426
0.0787501335144043, 0.3450007736682892
0.18526418507099152, 0.4651208519935608
0.26223474740982056, 0.523285984992981
0.30412527918815613, 0.4861300587654114
0.3241174519062042, 0.4209374785423279
0.27513638138771057, 0.3331897258758545
0.22244107723236084, 0.27231326699256897
0.1412716656923294, 0.1837243139743805
0.08924252539873123, 0.11832914501428604
0.03109969012439251, 0.0942070335149765
0.010743686929345131, 0.028387341648340225
0.07240267097949982, -0.027301520109176636
0.04712670296430588, -0.07932999730110168
0.08537314832210541, -0.1412946730852127
0.09689102321863174, -0.151508629322052
0.171593576669693, -0.19481989741325378
0.14368398487567902, -0.24763107299804688
0.1021326407790184, -0.31421956419944763
0.06138528510928154, -0.3603026866912842
-0.11088063567876816, -0.50064617395401
-0.09683091193437576, -0.43310195207595825
-0.13172858953475952, -0.3205130398273468
-0.1971270889043808, -0.26554951071739197
-0.23520205914974213, -0.20585092902183533
-0.29600805044174194, -0.1416398137807846
-0.29600805044174194, -0.1416398137807846
-0.2635978162288666, -0.04546494781970978
-0.19874531030654907, 0.029359525069594383
-0.16228047013282776, 0.07124564051628113
0.010743686929345131, 0.028387341648340225
0.07240267097949982, -0.027301520109176636
0.171593576669693, -0.19481989741325378
0.14368398487567902, -0.24763107299804688
0.1021326407790184, -0.31421956419944763
0.06138528510928154, -0.3603026866912842
-0.11088063567876816, -0.50064617395401
-0.16228047013282776, 0.07124564051628113
0.011918704025447369, 0.27134326100349426
0.18526418507099152, 0.4651208519935608
0.26223474740982056, 0.523285984992981
0.30412527918815613, 0.4861300587654114
0.3241174519062042, 0.4209374785423279
0.27513638138771057, 0.3331897258758545
0.08924252539873123, 0.11832914501428604
0.010743686929345131, 0.028387341648340225
