-0.09154508262872696, -0.06950532644987106
-0.21153676509857178, -0.12706223130226135
-0.26287561655044556, -0.1599581241607666
-0.36309707164764404, -0.18675416707992554
-0.38983601331710815, -0.13459999859333038
-0.26802560687065125, -0.08436127752065659
-0.211395263671875, -0.0529998242855072
-0.12278050929307938, -0.020423298701643944
-0.03330114111304283, -0.04410257562994957
-0.38983601331710815, -0.13459999859333038
-0.211395263671875, -0.0529998242855072
-0.12278050929307938, -0.020423298701643944
-0.03330114111304283, -0.04410257562994957
-0.26287561655044556, -0.1599581241607666
-0.36309707164764404, -0.18675416707992554
