-0.1699489802122116, 0.1022275760769844
-0.0593094527721405, 0.0457613468170166
0.05632350221276283, -0.012307948432862759
0.09737550467252731, -0.04354654252529144
0.12659336626529694, -0.04960641264915466
0.21958068013191223, -0.009215093217790127
0.27329403162002563, -0.034797996282577515
0.2140791416168213, -0.04426947236061096
0.17634958028793335, -0.0866812989115715
0.12457477301359177, -0.1603616625070572
0.07944279164075851, -0.09507272392511368
-0.028587626293301582, -0.025171993300318718
-0.11973153054714203, -0.06133565306663513
-0.1456289440393448, 0.034417010843753815
-0.16520777344703674, 0.048297952860593796
-0.2293669432401657, 0.0869283527135849
-0.2986930310726166, 0.13616375625133514
-0.2986930310726166, 0.13616375625133514
-0.1699489802122116, 0.1022275760769844
0.21958068013191223, -0.009215093217790127
0.27329403162002563, -0.034797996282577515
0.12457477301359177, -0.1603616625070572
-0.11973153054714203, -0.06133565306663513
