0.09005763381719589, -0.06312764436006546
0.02266005426645279, -0.03870220109820366
-0.025704272091388702, -0.01728673465549946
-0.09264015406370163, 0.03281531482934952
-0.1929023712873459, 0.07139915972948074
-0.27251771092414856, 0.11616729199886322
-0.3694094121456146, 0.14098604023456573
-0.4360774755477905, 0.2154420167207718
-0.29900017380714417, 0.2147468775510788
-0.2065383642911911, 0.16310866177082062
-0.05531541258096695, 0.11740079522132874
-0.05743151158094406, 0.06056295335292816
-0.0032544024288654327, 0.02317211776971817
0.07090052217245102, 0.017553940415382385
-0.4360774755477905, 0.2154420167207718
-0.29900017380714417, 0.2147468775510788
-0.05531541258096695, 0.11740079522132874
0.07090052217245102, 0.017553940415382385
0.09005763381719589, -0.06312764436006546
0.02266005426645279, -0.03870220109820366
-0.025704272091388702, -0.01728673465549946
-0.3694094121456146, 0.14098604023456573
