-0.03476613387465477, -0.0079882787540555
-0.09715322405099869, 0.021563971415162086
-0.1570023149251938, 0.0796697735786438
-0.2015952467918396, 0.11483602970838547
-0.26303863525390625, 0.18805937469005585
-0.19610163569450378, 0.21660993993282318
-0.17439046502113342, 0.2876242399215698
-0.1165003851056099, 0.37152597308158875
-0.08507315814495087, 0.3255941569805145
-0.06812573969364166, 0.2776227593421936
-0.08165229111909866, 0.20938214659690857
-0.01757197082042694, 0.18275220692157745
0.025017719715833664, 0.09797720611095428
0.03811054304242134, 0.02524399943649769
0.004687501583248377, -0.08098935335874557
-0.26303863525390625, 0.18805937469005585
-0.1165003851056099, 0.37152597308158875
-0.08507315814495087, 0.3255941569805145
0.025017719715833664, 0.09797720611095428
0.03811054304242134, 0.02524399943649769
0.004687501583248377, -0.08098935335874557
-0.2015952467918396, 0.11483602970838547
