-0.29888227581977844, 0.23107384145259857
-0.21395601332187653, 0.20383673906326294
-0.1336890161037445, 0.16038833558559418
-0.019888343289494514, 0.1248282939195633
0.03578479215502739, 0.10350722819566727
0.11639849096536636, 0.05780259892344475
0.20259077847003937, 0.03207353129982948
0.224546879529953, -0.06137457862496376
0.2963303029537201, -0.0193026103079319
0.3281693160533905, -0.06600729376077652
0.4347190260887146, -0.08954659849405289
0.41740530729293823, -0.1697470247745514
0.4191465675830841, -0.2298722267150879
0.3848196268081665, -0.27048227190971375
0.31699398159980774, -0.2510804533958435
0.2236749231815338, -0.23005311191082
0.04090261086821556, -0.17571692168712616
-0.04004731401801109, -0.09282916784286499
-0.12365216016769409, -0.04743563011288643
-0.20979852974414825, -0.022038275375962257
-0.19325470924377441, 0.0599467009305954
-0.21569092571735382, 0.08089705556631088
-0.22944220900535583, 0.09067489206790924
-0.2888430655002594, 0.11899176239967346
-0.35370317101478577, 0.1479068398475647
-0.408784419298172, 0.17182353138923645
-0.4426079988479614, 0.21625977754592896
-0.4426079988479614, 0.21625977754592896
-0.29888227581977844, 0.23107384145259857
-0.21395601332187653, 0.20383673906326294
0.03578479215502739, 0.10350722819566727
0.20259077847003937, 0.03207353129982948
0.4347190260887146, -0.08954659849405289
0.4191465675830841, -0.2298722267150879
0.3848196268081665, -0.27048227190971375
0.2236749231815338, -0.23005311191082
0.04090261086821556, -0.17571692168712616
-0.20979852974414825, -0.022038275375962257
-0.408784419298172, 0.17182353138923645
