-0.06338531523942947, 0.01295134611427784
-0.03017093613743782, 0.09755951911211014
0.01690206117928028, 0.1916300505399704
0.07878720015287399, 0.19360946118831635
0.05261357128620148, 0.08923133462667465
0.06741062551736832, 0.019249333068728447
0.03959491848945618, -0.04987503960728645
0.0272572860121727, -0.08695162087678909
0.007273990195244551, -0.17003881931304932
-0.009469131007790565, -0.22842276096343994
-0.055390626192092896, -0.1570674628019333
-0.03796997293829918, -0.06430123001337051
-0.06338531523942947, 0.01295134611427784
-0.03017093613743782, 0.09755951911211014
0.01690206117928028, 0.1916300505399704
0.07878720015287399, 0.19360946118831635
0.06741062551736832, 0.019249333068728447
-0.009469131007790565, -0.22842276096343994
-0.055390626192092896, -0.1570674628019333
