-0.47073474526405334, -0.1992463320493698
-0.4128689169883728, -0.1322314441204071
-0.2705576419830322, -0.0040534138679504395
-0.23817923665046692, 0.04901895672082901
-0.21029697358608246, 0.11916345357894897
-0.1390375792980194, 0.1667003333568573
-0.01157433819025755, 0.317545622587204
0.08695486932992935, 0.435075968503952
0.11563330888748169, 0.5051407217979431
0.1992158442735672, 0.5863974094390869
0.3000876009464264, 0.5827133059501648
0.3441615700721741, 0.5565317869186401
0.3577917814254761, 0.5043638944625854
0.32956162095069885, 0.3277568817138672
0.33105459809303284, 0.24276621639728546
0.28616780042648315, 0.17602667212486267
0.2587144374847412, 0.07635756582021713
0.2400304228067398, -4.701871075667441E-4
0.23595458269119263, -0.07161988317966461
0.19811588525772095, -0.15167173743247986
0.16853216290473938, -0.24016714096069336
0.16528423130512238, -0.31905901432037354
0.12055113911628723, -0.36170682311058044
0.12671437859535217, -0.43217480182647705
0.05377839505672455, -0.4475460350513458
-0.06750103086233139, -0.4302159249782562
-0.19049856066703796, -0.39688819646835327
-0.25097352266311646, -0.3811594247817993
-0.29042932391166687, -0.3710032105445862
-0.38453415036201477, -0.36222442984580994
-0.465982049703598, -0.3035840094089508
-0.47073474526405334, -0.1992463320493698
-0.21029697358608246, 0.11916345357894897
0.11563330888748169, 0.5051407217979431
0.1992158442735672, 0.5863974094390869
0.3000876009464264, 0.5827133059501648
0.3441615700721741, 0.5565317869186401
0.3577917814254761, 0.5043638944625854
0.33105459809303284, 0.24276621639728546
0.16528423130512238, -0.31905901432037354
0.12671437859535217, -0.43217480182647705
0.05377839505672455, -0.4475460350513458
-0.06750103086233139, -0.4302159249782562
-0.38453415036201477, -0.36222442984580994
-0.465982049703598, -0.3035840094089508
