-0.3996465655612081, -0.046744771375205496
-0.337423263995532, 0.009717081081563677
-0.25531824423749394, 0.10662510396645468
-0.20317645340954277, 0.15430733016257592
-0.15067643361880462, 0.22618000037206243
-0.07856629668664324, 0.29200572932910795
-0.040543502211974836, 0.3322035604820597
-0.005113005762160615, 0.37500503109250094
0.09439365040809305, 0.4539315548822502
0.13440577752123312, 0.41951333075441327
0.1739768676874063, 0.3777087873208314
0.23460375543486178, 0.31732758547381873
0.3122078937479759, 0.2556884361720938
0.3594146151318721, 0.19681886303236093
0.47018702157111375, 0.03137695094193773
0.4322091403996865, -0.0020167171048197656
0.39490206479705425, -0.05162441418701644
0.3517097242232776, -0.08208589356989579
0.2922374091753794, -0.14293085778924963
0.23165545535157547, -0.22073082093823612
0.17789140608916557, -0.27743421549577946
0.1317179890038825, -0.32174026381131976
0.09128950605636185, -0.35721310388912086
0.05274712231294388, -0.39909840347805375
0.01379485605488796, -0.4396339944971698
-0.03132913434687665, -0.4836450596673102
-0.12532617385820002, -0.4224366444536186
-0.19519912931535288, -0.3617540149206072
-0.2549122299964087, -0.31606134231482486
-0.2992232331094639, -0.2589820597820355
-0.45696922045805966, -0.13164950908105574
-0.45696922045805966, -0.13164950908105574
-0.3996465655612081, -0.046744771375205496
-0.15067643361880462, 0.22618000037206243
-0.005113005762160615, 0.37500503109250094
0.09439365040809305, 0.4539315548822502
0.13440577752123312, 0.41951333075441327
0.3122078937479759, 0.2556884361720938
0.3594146151318721, 0.19681886303236093
0.47018702157111375, 0.03137695094193773
0.39490206479705425, -0.05162441418701644
0.17789140608916557, -0.27743421549577946
0.01379485605488796, -0.4396339944971698
-0.03132913434687665, -0.4836450596673102
-0.12532617385820002, -0.4224366444536186
-0.2549122299964087, -0.31606134231482486
