-2.690633468995627, -0.005495493225850518
-2.6425743125419854, 0.045415442560217734
-2.6127922056321577, 0.08932789959898337
-2.552770418625218, 0.1631042523122699
-2.4978297087364565, 0.20516803559642305
-2.4584297793535734, 0.24759123814612793
-2.417642177337929, 0.3167770331176285
-2.345780926153646, 0.3752770219975091
-2.276908234408018, 0.445554183141007
-2.2397487471288557, 0.500564850369866
-2.1675366621574796, 0.5473923267616254
-2.0966209686755604, 0.6569917829835431
-2.0372997693338557, 0.7015159871008305
-1.9809652055895917, 0.7828748201514348
-1.9109306801289005, 0.844362750309378
-1.8805501125845379, 0.8766577338928144
-1.8508496561922567, 0.9255162540696923
-1.8015943117738116, 0.9481909912339729
-1.753360064316142, 1.0127324790184207
-1.6985945857763245, 1.072598576272704
-1.6236869288776585, 1.108059378240453
-1.5211506642935981, 1.032003045625708
-1.4288114763913948, 1.0700998508769843
-1.4081379650940917, 1.1100879268352508
-1.4815002156152872, 1.1652580336556257
-1.5218251761042747, 1.1994127071944833
-1.508232320110409, 1.2581764008287537
-1.4880235283718841, 1.3081771262592536
-1.4504897163251307, 1.3494022459697066
-1.3937685032914773, 1.4076663401274956
-1.3161336371670684, 1.468973077471203
-1.2624300052535398, 1.5435628576898104
-1.1594655960629825, 1.609449711076353
-1.1124369862327217, 1.5280682790677962
-1.082385084424388, 1.4789293722087238
-0.9960281953749082, 1.368727383267268
-0.9572920554845975, 1.30887120163688
-0.8765973525075174, 1.1879946746855872
-0.8168060394317423, 1.1080604262233607
-0.7974661209786255, 1.083608541524923
-0.7129601929687662, 1.1328594121366764
-0.7324153703424242, 1.171215094723371
-0.7893361935661933, 1.2727359540946315
-0.8242057975890519, 1.3301634962093307
-0.8884819933140838, 1.428366856395389
-0.9254939859151677, 1.495366193066189
-0.9886480742260445, 1.6010071636813783
-1.0548471469144898, 1.7475819415895297
-1.0195003746933173, 1.8154984653196204
-0.9233332967496436, 1.905831129512079
-0.8793097278243927, 1.9658306612479104
-0.8012451994685437, 2.0493785375139386
-0.7517990234429412, 2.090232002967039
-0.6851954557087413, 2.1056058652503915
-0.6542862008552022, 2.1853469705651505
-0.5991492928015385, 2.263715681959175
-0.5395100551240299, 2.325664617452795
-0.48064758609133995, 2.3688354542011707
-0.44343154534550544, 2.4238501450597982
-0.3930745462994263, 2.458050330530657
-0.36538892491721014, 2.5120768220475145
-0.291257733543197, 2.430635277747916
-0.2663535364416674, 2.382519417360648
-0.20988446907961378, 2.371962838264277
-0.17082309186133574, 2.3270815334176227
-0.130837592360664, 2.289511900823022
-0.05460765002566882, 2.229485224600762
0.0032694526638082184, 2.168181703202814
0.10270062701988897, 2.0651946960511345
0.1631752397670346, 2.0037592276558103
0.23691516134260335, 1.9558069808068297
0.22933735121003343, 1.8866310356405271
0.2295651589367329, 1.8518077843111462
0.23486885059407528, 1.8021124269189426
0.2890815477076324, 1.7500212353306688
0.3637680178400003, 1.7058869094971554
0.42752729885287605, 1.6651778609744714
0.4950848059936563, 1.693676328182284
0.5490402299152259, 1.6038547696334453
0.6165654530640196, 1.5334320042611864
0.6501207920903174, 1.4857570290171656
0.6793445333253478, 1.436614548378087
0.7588349388648622, 1.3531910058825158
0.8182379229701262, 1.2738508429461441
0.8385149255411288, 1.2541647412050154
0.9000832054808674, 1.2055027351322727
0.9769437441620834, 1.1761768334291323
1.1067605699844207, 1.1285187258438953
1.1117521485231536, 1.0583006680577955
1.1270615697561044, 0.9716060801950445
1.1602216006953985, 0.9200857194029246
1.2219782959794698, 0.8623173391512073
1.3255394328936023, 0.8019891708159466
1.4075972624629953, 0.8004389828734266
1.4595476009642245, 0.7560243844572603
1.5159703416883357, 0.6992352905262257
1.5273938186131144, 0.6890517057166938
1.6483741201178104, 0.6176895366362535
1.6855579515085752, 0.5482365177143399
1.6976338435580849, 0.485590280244607
1.7061704488149372, 0.46374444288729727
1.7586442733533898, 0.40110821724230783
1.8145011741570816, 0.31927245056383263
1.90747855896777, 0.3215669257170255
1.994970637453819, 0.2981206982307578
2.066854468703902, 0.22954020777017836
2.1259613866014275, 0.165198412392065
2.141474877508295, 0.11509495933705527
2.224080940978227, 0.08111500097048228
2.264046266524003, 0.04957133665310706
2.363853414412688, -0.043359291176531915
2.415907090997121, -0.09660814781554732
2.4879848270869998, -0.15642377951803782
2.5389778206741997, -0.21170563943272153
2.4666559506729073, -0.2569721240667597
2.445769355093079, -0.3307921630972514
2.316484754742845, -0.38264431127370874
2.310549491092221, -0.47453218679811404
2.239967464611055, -0.5228455584208772
2.1808754955063403, -0.5529328593091749
2.1711630391115113, -0.6241901946586299
2.0098398841152485, -0.794617032981384
1.9702209675142175, -0.8307764031553041
1.9248964934584234, -0.8810855840615828
1.8869239327192375, -0.9308724471344095
1.8038261171526921, -1.0076086488541136
1.745969371586836, -1.0765185415672522
1.7080872947539503, -1.1132953516418522
1.6663364635617177, -1.1562777584568478
1.6243483376746446, -1.197849052698602
1.5650863277390872, -1.2458608567728562
1.51314424720775, -1.3302966830843164
1.4473186080218483, -1.3907955050838436
1.4081899926833323, -1.4312692581928648
1.2570426020779704, -1.5959787702611272
1.1933919882167605, -1.6690737309859096
1.129923824912559, -1.7261678037089712
1.0718900934055555, -1.7685945622904027
1.023159021789488, -1.807350763086583
0.9790316684176167, -1.8852995323285378
0.9284711338032586, -1.9518923771348038
0.8654345199600517, -2.0191899582743993
0.8298755534137948, -2.0612991506419913
0.7863275518673375, -2.090545686592055
0.7489191269992652, -2.1289440856216335
0.6930973652232074, -2.19515322249319
0.6454257361738424, -2.232719073656928
0.6024016042758576, -2.2757958445950948
0.5556982454625654, -2.3424641800513446
0.5040716265987936, -2.394772475513839
0.40832502134195603, -2.4783978594142555
0.3424835409077818, -2.52472523970204
0.28491840183501, -2.526753619621458
0.2892909903911541, -2.6115526108262306
0.2344013354583589, -2.657617628957374
0.17353051573072042, -2.7213322050798237
0.09698907853990753, -2.650209668106003
-0.055758417792732606, -2.557471885621848
-0.13918352640064524, -2.4699528143850946
-0.20125815307123163, -2.399217599517486
-0.26427296420252167, -2.3402820705483207
-0.31737948337662203, -2.3045990463189407
-0.37867156859804185, -2.2479469091681477
-0.4401520822424618, -2.200277522886791
-0.46884196338320466, -2.1544374636888532
-0.5141952446740267, -2.117296552043984
-0.5595221827828468, -2.0854479618688138
-0.6012740507652724, -2.0228694806099763
-0.6951371267573673, -1.9513492512183732
-0.735803700867443, -1.9162562973664465
-0.8026892356411848, -1.848660486148448
-0.8613645644097447, -1.8070314949576554
-0.9521747184530431, -1.7155880610079828
-1.0234647234792713, -1.6059047810521863
-1.1046447961679726, -1.5800217673070593
-1.1480791630332603, -1.5394231144009862
-1.1854964109016635, -1.5012204695955145
-1.2201474017584084, -1.4608422616340841
-1.2926328687946305, -1.396510022729797
-1.3561966761016713, -1.3277255928069287
-1.4130650549279007, -1.2709232584651915
-1.4893021435995129, -1.2127963161580726
-1.53799943366182, -1.163398903172425
-1.5953106144824158, -1.0914755743806654
-1.6427065389836428, -1.0294213916872113
-1.690255097819004, -1.01363629500423
-1.7390269680504875, -0.9662030809229271
-1.8142519303309932, -0.9095441518315135
-1.8563139297982352, -0.8749505237185059
-1.9371076050341127, -0.7901898785246539
-1.9765926543444141, -0.7489245909781637
-2.035974574970335, -0.7001005044858736
-2.084992526254148, -0.6372726438848464
-2.131244990822676, -0.5796169638222926
-2.18817234966301, -0.5290399615730342
-2.258270758570327, -0.4754395489482608
-2.3020836514155274, -0.4453220202268462
-2.3933225608741266, -0.3529156359376262
-2.456661479210753, -0.2985636494257117
-2.5005417839462876, -0.24639967280528297
-2.5359129833984264, -0.18250490627862773
-2.6021756217705176, -0.14702617561498907
-2.6322882526997065, -0.09548063438024922
-2.721770888088489, -0.05063351408232256
1.0481967578431206, -0.5118686489476741
1.8145011741570816, 0.31927245056383263
1.90747855896777, 0.3215669257170255
1.994970637453819, 0.2981206982307578
2.4879848270869998, -0.15642377951803782
2.5389778206741997, -0.21170563943272153
2.445769355093079, -0.3307921630972514
1.8869239327192375, -0.9308724471344095
1.745969371586836, -1.0765185415672522
1.7005294854014021, -1.1210761029932608
0.39176627250014845, 0.10116566289891704
1.1602216006953985, 0.9200857194029246
1.4075972624629953, 0.8004389828734266
1.6483741201178104, 0.6176895366362535
1.8145011741570816, 0.31927245056383263
1.0481967578431206, -0.5118686489476741
-0.49313469172972546, 0.927566425464984
0.2890815477076324, 1.7500212353306688
0.4950848059936563, 1.693676328182284
1.1067605699844207, 1.1285187258438953
1.1602216006953985, 0.9200857194029246
0.39176627250014845, 0.10116566289891704
-1.0548471469144898, 1.7475819415895297
-1.0195003746933173, 1.8154984653196204
-0.8793097278243927, 1.9658306612479104
-0.8012451994685437, 2.0493785375139386
-0.36538892491721014, 2.5120768220475145
-0.20988446907961378, 2.371962838264277
-0.05460765002566882, 2.229485224600762
0.23691516134260335, 1.9558069808068297
0.2890815477076324, 1.7500212353306688
-0.49313469172972546, 0.927566425464984
-0.7129601929687662, 1.1328594121366764
-0.8884819933140838, 1.428366856395389
-0.9886480742260445, 1.6010071636813783
-1.1036106765003328, 0.7629479865147442
-0.7974661209786255, 1.083608541524923
-0.7129601929687662, 1.1328594121366764
1.7005294854014021, -1.1210761029932608
1.51314424720775, -1.3302966830843164
1.3253535791315385, -1.531206578407885
-1.5218251761042747, 1.1994127071944833
-1.508232320110409, 1.2581764008287537
-1.4880235283718841, 1.3081771262592536
-1.4504897163251307, 1.3494022459697066
-1.2624300052535398, 1.5435628576898104
-1.1594655960629825, 1.609449711076353
-0.7974661209786255, 1.083608541524923
-1.1036106765003328, 0.7629479865147442
-1.4288114763913948, 1.0700998508769843
-2.721770888088489, -0.05063351408232256
-2.690633468995627, -0.005495493225850518
-2.552770418625218, 0.1631042523122699
-2.417642177337929, 0.3167770331176285
-1.8508496561922567, 0.9255162540696923
-1.6985945857763245, 1.072598576272704
-1.6236869288776585, 1.108059378240453
-1.4288114763913948, 1.0700998508769843
1.3253535791315385, -1.531206578407885
0.8298755534137948, -2.0612991506419913
0.5556982454625654, -2.3424641800513446
0.5040716265987936, -2.394772475513839
0.2892909903911541, -2.6115526108262306
0.17353051573072042, -2.7213322050798237
-0.055758417792732606, -2.557471885621848
-0.4401520822424618, -2.200277522886791
-1.1046447961679726, -1.5800217673070593
-1.1480791630332603, -1.5394231144009862
-1.8563139297982352, -0.8749505237185059
