-0.18240845398840894, 0.20442347362669647
-0.09941372158253069, 0.1766718810522766
-0.04552734839073542, 0.10669493145805113
0.0432146024479179, 0.04088837440650886
0.08664457727605257, -0.04211592536713202
0.1577499899598485, -0.08391981847878147
0.2107839124371277, -0.12102740182949799
0.2245132281316863, -0.17630375996267536
0.11022051200440217, -0.1753801645184508
0.050110261443653395, -0.12047434196689506
-0.006977226944225372, -0.07285936148838527
-0.045975938245600825, 0.015683515861445542
-0.1141733881521238, 0.03772621034202031
-0.16974133847335288, 0.10227574402675386
-0.22736034192059384, 0.16177240904547557
-0.22736034192059384, 0.16177240904547557
-0.18240845398840894, 0.20442347362669647
-0.09941372158253069, 0.1766718810522766
0.0432146024479179, 0.04088837440650886
0.2107839124371277, -0.12102740182949799
0.2245132281316863, -0.17630375996267536
0.11022051200440217, -0.1753801645184508
-0.006977226944225372, -0.07285936148838527
-0.1141733881521238, 0.03772621034202031
