-0.07424648106098175, 0.19643430411815643
-0.018256250768899918, 0.1961727738380432
0.06990471482276917, 0.2032575011253357
0.09439283609390259, 0.11540287733078003
0.09550060331821442, 0.020048880949616432
0.09824854880571365, -0.03637024015188217
0.11879581212997437, -0.13185986876487732
0.01284128800034523, -0.19415786862373352
-0.06324878334999084, -0.15635360777378082
-0.07052391022443771, -0.08638542890548706
-0.09203768521547318, 0.003439173102378845
-0.10013444721698761, 0.07457595318555832
-0.11985354870557785, 0.17481935024261475
-0.11985354870557785, 0.17481935024261475
-0.07424648106098175, 0.19643430411815643
0.06990471482276917, 0.2032575011253357
0.09439283609390259, 0.11540287733078003
0.11879581212997437, -0.13185986876487732
0.01284128800034523, -0.19415786862373352
-0.06324878334999084, -0.15635360777378082
-0.09203768521547318, 0.003439173102378845
