-0.19773025810718536, 0.8367130160331726
-0.11772681772708893, 0.8427165150642395
-0.05871036648750305, 0.8024052381515503
-0.05341977998614311, 0.7185105085372925
-0.030410481616854668, 0.6521117091178894
-0.019001441076397896, 0.5904766321182251
-0.0024205627851188183, 0.4250313639640808
0.006652551237493753, 0.3633149564266205
0.019301194697618484, 0.2975538372993469
0.02620072290301323, 0.2376142293214798
0.04034116864204407, 0.1725231558084488
0.045957572758197784, 0.09725867211818695
0.02825305424630642, 0.019701721146702766
0.04238669574260712, -0.03905796259641647
0.06345540285110474, -0.14032429456710815
0.07364440709352493, -0.21947532892227173
0.07051269710063934, -0.28093382716178894
0.06622423231601715, -0.3413187563419342
0.08957686275243759, -0.43890413641929626
0.10557202249765396, -0.524124264717102
0.18553601205348969, -0.5722824931144714
0.3104269504547119, -0.5837529301643372
0.408804714679718, -0.6018710136413574
0.46171361207962036, -0.5999969840049744
0.5180345177650452, -0.5555700659751892
0.5830016732215881, -0.6213544607162476
0.5849186182022095, -0.7105320692062378
0.4293285012245178, -0.7317196130752563
0.3665836453437805, -0.7353026270866394
0.27653416991233826, -0.7178927659988403
0.19640469551086426, -0.7067094445228577
0.11754267662763596, -0.7495045065879822
0.06629031896591187, -0.7843624949455261
0.007207763846963644, -0.7689113020896912
-0.04693816602230072, -0.7382281422615051
-0.05686383321881294, -0.5619235038757324
-0.07067349553108215, -0.48567667603492737
-0.09386223554611206, -0.4230616092681885
-0.09440073370933533, -0.36287814378738403
-0.10835779458284378, -0.2665158808231354
-0.12683528661727905, -0.20718364417552948
-0.13427580893039703, -0.1405651718378067
-0.1369890570640564, -0.12175693362951279
-0.16314715147018433, -0.028423048555850983
-0.1321294605731964, 0.0557359978556633
-0.14977648854255676, 0.11777389049530029
-0.15556670725345612, 0.18179896473884583
-0.17278866469860077, 0.2557801902294159
-0.18446727097034454, 0.33049771189689636
-0.18689991533756256, 0.3945744037628174
-0.19168631732463837, 0.46267253160476685
-0.2107984870672226, 0.5130093097686768
-0.2157111018896103, 0.594543993473053
-0.23070216178894043, 0.6835542321205139
-0.251834899187088, 0.7799462080001831
-0.05491945892572403, -0.5964604020118713
0.10557202249765396, -0.524124264717102
0.5180345177650452, -0.5555700659751892
0.5830016732215881, -0.6213544607162476
0.5849186182022095, -0.7105320692062378
0.06629031896591187, -0.7843624949455261
0.007207763846963644, -0.7689113020896912
-0.04693816602230072, -0.7382281422615051
-0.251834899187088, 0.7799462080001831
-0.19773025810718536, 0.8367130160331726
-0.11772681772708893, 0.8427165150642395
-0.05871036648750305, 0.8024052381515503
-0.030410481616854668, 0.6521117091178894
-0.019001441076397896, 0.5904766321182251
0.04034116864204407, 0.1725231558084488
0.10557202249765396, -0.524124264717102
-0.05491945892572403, -0.5964604020118713
-0.09386223554611206, -0.4230616092681885
-0.16314715147018433, -0.028423048555850983
