-0.1288379728794098, 0.049139123409986496
-0.02372870035469532, 0.0711158961057663
0.0676439180970192, 0.08051496744155884
0.10887736827135086, 0.04833250865340233
0.1680099368095398, 0.009301906451582909
0.15097565948963165, -0.051376357674598694
0.028411319479346275, -0.062300264835357666
-0.1075824424624443, -0.08615007996559143
-0.15111593902111053, -0.055041294544935226
-0.16436132788658142, 0.0030960210133343935
-0.16436132788658142, 0.0030960210133343935
-0.1288379728794098, 0.049139123409986496
-0.02372870035469532, 0.0711158961057663
0.0676439180970192, 0.08051496744155884
0.1680099368095398, 0.009301906451582909
0.15097565948963165, -0.051376357674598694
-0.1075824424624443, -0.08615007996559143
-0.15111593902111053, -0.055041294544935226
