-0.21751746535301208, 0.10874597728252411
-0.208746537566185, 0.18669641017913818
-0.1522338092327118, 0.2045774757862091
-0.0916353315114975, 0.20571254193782806
-0.0325639545917511, 0.20512618124485016
0.16077087819576263, 0.20533965528011322
0.18065425753593445, 0.04353994131088257
0.18455687165260315, -0.015840133652091026
0.18793198466300964, -0.055435553193092346
0.20246253907680511, -0.13063882291316986
0.1691095381975174, -0.17694230377674103
0.06857088208198547, -0.17544466257095337
0.04795190691947937, -0.17594246566295624
-0.03190392628312111, -0.20051820576190948
-0.11894158273935318, -0.20304247736930847
-0.17152439057826996, -0.19821172952651978
-0.20411743223667145, 0.046802956610918045
-0.21751746535301208, 0.10874597728252411
-0.208746537566185, 0.18669641017913818
-0.1522338092327118, 0.2045774757862091
-0.0916353315114975, 0.20571254193782806
0.16077087819576263, 0.20533965528011322
0.20246253907680511, -0.13063882291316986
0.1691095381975174, -0.17694230377674103
-0.03190392628312111, -0.20051820576190948
-0.11894158273935318, -0.20304247736930847
-0.17152439057826996, -0.19821172952651978
