-0.19639043509960175, 0.16540957987308502
-0.08095355331897736, 0.19685906171798706
-0.0047590285539627075, 0.21386310458183289
0.08221661299467087, 0.18397441506385803
0.17368623614311218, 0.17802712321281433
0.17677424848079681, 0.12212321907281876
0.19785630702972412, -0.019798098132014275
0.2109644114971161, -0.08425053209066391
0.2222725749015808, -0.1597309112548828
0.08009463548660278, -0.1683080643415451
0.019073449075222015, -0.1898374706506729
-0.037537090480327606, -0.20720943808555603
-0.11882077157497406, -0.21109212934970856
-0.17539258301258087, -0.0891525074839592
-0.17689068615436554, -0.004382922314107418
-0.19685979187488556, 0.10798268020153046
-0.19685979187488556, 0.10798268020153046
-0.19639043509960175, 0.16540957987308502
-0.08095355331897736, 0.19685906171798706
-0.0047590285539627075, 0.21386310458183289
0.17368623614311218, 0.17802712321281433
0.2222725749015808, -0.1597309112548828
-0.037537090480327606, -0.20720943808555603
-0.11882077157497406, -0.21109212934970856
-0.17539258301258087, -0.0891525074839592
