-0.22884173691272736, 0.6400138735771179
-0.16771139204502106, 0.5800297260284424
-0.10132869333028793, 0.5211361050605774
0.04074714332818985, 0.5082201361656189
0.09658695012331009, 0.5590757727622986
0.1577790379524231, 0.486223429441452
0.15054062008857727, 0.4340125620365143
0.07547226548194885, 0.43141570687294006
0.06227300688624382, 0.42384085059165955
0.051980894058942795, 0.41626837849617004
0.01516670174896717, 0.3510788083076477
0.09122560173273087, 0.2946804463863373
0.18051457405090332, 0.24879024922847748
0.23767787218093872, 0.21101361513137817
0.24398256838321686, 0.15020877122879028
0.22508108615875244, 0.09717991948127747
0.21215294301509857, -0.0038626655004918575
0.20323821902275085, -0.0635334700345993
0.18553802371025085, -0.1490766406059265
0.17921391129493713, -0.22198130190372467
0.16578438878059387, -0.28292468190193176
0.14648744463920593, -0.3781984746456146
0.13658341765403748, -0.4333442747592926
0.12050816416740417, -0.5012245178222656
-0.09413496404886246, -0.5543168783187866
-0.1176571324467659, -0.4710875451564789
-0.1111048087477684, -0.3108753561973572
-0.11883470416069031, -0.24997273087501526
-0.13937345147132874, -0.15867725014686584
-0.16853739321231842, 0.03787204995751381
-0.15452446043491364, 0.10953442007303238
-0.1738753318786621, 0.16567085683345795
-0.16032926738262177, 0.2293832004070282
-0.1980372816324234, 0.3122692406177521
-0.2154752016067505, 0.3821108043193817
-0.2158365249633789, 0.4361724257469177
-0.25676488876342773, 0.5925695896148682
-0.1887592077255249, 0.29187509417533875
0.01516670174896717, 0.3510788083076477
0.18051457405090332, 0.24879024922847748
0.23767787218093872, 0.21101361513137817
0.24398256838321686, 0.15020877122879028
0.17921391129493713, -0.22198130190372467
0.13658341765403748, -0.4333442747592926
0.12050816416740417, -0.5012245178222656
-0.09413496404886246, -0.5543168783187866
-0.1176571324467659, -0.4710875451564789
-0.16853739321231842, 0.03787204995751381
-0.25676488876342773, 0.5925695896148682
-0.22884173691272736, 0.6400138735771179
0.09658695012331009, 0.5590757727622986
0.1577790379524231, 0.486223429441452
0.15054062008857727, 0.4340125620365143
0.01516670174896717, 0.3510788083076477
-0.1887592077255249, 0.29187509417533875
-0.1980372816324234, 0.3122692406177521
-0.2154752016067505, 0.3821108043193817
