-2.809199094772339, -0.64747554063797
-2.7918784618377686, -0.5566707849502563
-2.7343242168426514, -0.49506068229675293
-2.743835210800171, -0.4450085461139679
-2.6341164112091064, -0.40309903025627136
-2.550158739089966, -0.36111733317375183
-2.4786858558654785, -0.33750367164611816
-2.4706780910491943, -0.2501002550125122
-2.418131113052368, -0.24071910977363586
-2.3736908435821533, -0.22805164754390717
-2.3035295009613037, -0.1823273003101349
-2.2154951095581055, -0.15265052020549774
-2.121427536010742, -0.10435286164283752
-2.064516067504883, -0.037241268903017044
-2.00244402885437, -0.011898035183548927
-1.9879649877548218, 0.04963633418083191
-1.9136220216751099, 0.14948536455631256
-1.7973881959915161, 0.1892780065536499
-1.7302005290985107, 0.23224316537380219
-1.6947299242019653, 0.30399778485298157
-1.6197621822357178, 0.3386908173561096
-1.5380579233169556, 0.3547201156616211
-1.5247942209243774, 0.3737209439277649
-1.4942950010299683, 0.4418445825576782
-1.4881361722946167, 0.5224846005439758
-1.4936050176620483, 0.6074044108390808
-1.512726902961731, 0.6514032483100891
-1.563276767730713, 0.7476264834403992
-1.570055603981018, 0.8206607103347778
-1.5387645959854126, 0.9103073477745056
-1.542696237564087, 0.9956455230712891
-1.6123257875442505, 1.040909767150879
-1.6446877717971802, 1.1082069873809814
-1.6478872299194336, 1.1674083471298218
-1.6781554222106934, 1.306177020072937
-1.6871747970581055, 1.3889966011047363
-1.656471610069275, 1.4690372943878174
-1.6655874252319336, 1.596347451210022
-1.665347933769226, 1.7058496475219727
-1.7064998149871826, 1.8852773904800415
-1.6916033029556274, 1.9767844676971436
-1.7535110712051392, 2.115612030029297
-1.776556134223938, 2.176389694213867
-1.7435038089752197, 2.266645908355713
-1.7252237796783447, 2.347872257232666
-1.7155237197875977, 2.4431114196777344
-1.6250274181365967, 2.4548444747924805
-1.5217114686965942, 2.529057741165161
-1.4888418912887573, 2.568558692932129
-1.4998958110809326, 2.661944627761841
-1.3843499422073364, 2.6972062587738037
-1.313405990600586, 2.741720199584961
-1.2406361103057861, 2.7132833003997803
-1.173051118850708, 2.68786883354187
-1.0895485877990723, 2.6597602367401123
-0.9845664501190186, 2.6331980228424072
-0.9300731420516968, 2.592148780822754
-0.8785654902458191, 2.5638203620910645
-0.8159722685813904, 2.5245790481567383
-0.7990094423294067, 2.516688823699951
-0.6718265414237976, 2.4903628826141357
-0.6054199934005737, 2.4182727336883545
-0.6198165416717529, 2.320441722869873
-0.6268675327301025, 2.2524404525756836
-0.6674420237541199, 2.185879945755005
-0.6947862505912781, 2.1005637645721436
-0.7252575159072876, 2.060431480407715
-0.7408396601676941, 2.0396697521209717
-0.7895441055297852, 1.907060146331787
-0.7840374112129211, 1.8230786323547363
-0.8464236855506897, 1.755126714706421
-0.8507803082466125, 1.7121168375015259
-0.8477461338043213, 1.6361750364303589
-0.7872313261032104, 1.553307056427002
-0.7532824873924255, 1.512886881828308
-0.6759114265441895, 1.4094204902648926
-0.6471664309501648, 1.3739352226257324
-0.5893648266792297, 1.303278923034668
-0.5327099561691284, 1.2301454544067383
-0.4812961220741272, 1.1544965505599976
-0.4474654197692871, 1.1122512817382812
-0.37504440546035767, 1.063748836517334
-0.2811650335788727, 1.0545083284378052
-0.15151864290237427, 0.8606767654418945
-0.1324979066848755, 0.787431538105011
-0.079042948782444, 0.7526974081993103
-0.026140598580241203, 0.6743702292442322
0.009089858271181583, 0.6087027788162231
0.05511743947863579, 0.5532331466674805
0.08826301246881485, 0.5045256018638611
0.13488876819610596, 0.4244247376918793
0.15853513777256012, 0.39280667901039124
0.19479915499687195, 0.3523430824279785
0.22993643581867218, 0.2905271351337433
0.25261828303337097, 0.27061912417411804
0.28816789388656616, 0.24725663661956787
0.3771607577800751, 0.20708304643630981
0.4961995482444763, 0.14768730103969574
0.5745669007301331, 0.11000337451696396
0.6681265234947205, 0.08567683398723602
0.734761655330658, 0.04866388067603111
0.8121253848075867, 0.025067618116736412
0.8657423853874207, 0.10690627992153168
0.8624040484428406, 0.19257214665412903
0.9763583540916443, 0.2568289041519165
1.0154093503952026, 0.29529067873954773
1.0274373292922974, 0.36572396755218506
1.060115933418274, 0.4317006468772888
1.044012427330017, 0.49729031324386597
1.1193053722381592, 0.5712446570396423
1.1321144104003906, 0.6199955344200134
1.1785516738891602, 0.7310817837715149
1.1845526695251465, 0.7512001395225525
1.1862881183624268, 0.844376266002655
1.1854947805404663, 0.9435309767723083
1.2507550716400146, 0.953801155090332
1.2850667238235474, 1.018466591835022
1.2832461595535278, 1.077073574066162
1.2817763090133667, 1.091845989227295
1.2779555320739746, 1.114506483078003
1.2583967447280884, 1.2185075283050537
1.2429295778274536, 1.2747763395309448
1.2264907360076904, 1.3631205558776855
1.2208431959152222, 1.4152556657791138
1.2051422595977783, 1.501507043838501
1.191398024559021, 1.5955557823181152
1.2800209522247314, 1.6089056730270386
1.3695114850997925, 1.6018692255020142
1.4380686283111572, 1.5558871030807495
1.5237035751342773, 1.5304597616195679
1.586680293083191, 1.5024341344833374
1.6641263961791992, 1.4702876806259155
1.7152316570281982, 1.4118695259094238
1.8187496662139893, 1.4522041082382202
1.8506966829299927, 1.3669462203979492
1.9240938425064087, 1.3410125970840454
1.9943082332611084, 1.2891806364059448
1.994736909866333, 1.232244849205017
1.9582747220993042, 1.1561135053634644
1.9363887310028076, 1.061371922492981
1.9124071598052979, 1.0161141157150269
1.8916493654251099, 0.9550642967224121
1.887141466140747, 0.9141017198562622
1.899540662765503, 0.8249074220657349
1.8922560214996338, 0.7221029996871948
1.8533507585525513, 0.6336715817451477
1.8277305364608765, 0.5628771185874939
1.809148907661438, 0.4766067564487457
1.847356915473938, 0.4052695333957672
1.8501235246658325, 0.2894189655780792
1.8989336490631104, 0.20914416015148163
1.9323718547821045, 0.15541279315948486
1.8951202630996704, 0.07417132705450058
1.8729093074798584, 0.016186261549592018
1.850960612297058, -0.04809245094656944
1.8167355060577393, -0.12588027119636536
1.794726014137268, -0.1852276474237442
1.772281289100647, -0.24132423102855682
1.6729462146759033, -0.42755645513534546
1.64731764793396, -0.507612407207489
1.6301740407943726, -0.586518406867981
1.6130160093307495, -0.6472352743148804
1.584315299987793, -0.7261460423469543
1.554545521736145, -0.7886544466018677
1.510327696800232, -0.8622573018074036
1.4739803075790405, -0.948585033416748
1.4668290615081787, -0.9782318472862244
1.4534786939620972, -1.0490585565567017
1.4303135871887207, -1.110512375831604
1.3713771104812622, -1.26730477809906
1.319893717765808, -1.3607594966888428
1.2785930633544922, -1.4466569423675537
1.2745068073272705, -1.5044872760772705
1.1780492067337036, -1.606278419494629
1.116147518157959, -1.6438361406326294
1.0152496099472046, -1.705378770828247
0.8371882438659668, -1.8205002546310425
0.713659405708313, -1.904772400856018
0.637987494468689, -1.926592230796814
0.5157291889190674, -2.0267062187194824
0.45409682393074036, -2.1054060459136963
0.43560591340065, -2.1658847332000732
0.45663997530937195, -2.2078194618225098
0.5080485343933105, -2.268653392791748
0.5688533782958984, -2.371278762817383
0.5522559881210327, -2.440579652786255
0.4981022775173187, -2.423583507537842
0.4380604922771454, -2.46254825592041
0.39464354515075684, -2.382662296295166
0.2756710350513458, -2.3948044776916504
0.2355087399482727, -2.3206229209899902
0.1971820890903473, -2.304177761077881
0.09678883850574493, -2.2654733657836914
0.03410710394382477, -2.2717926502227783
-0.022351596504449844, -2.2211880683898926
-0.05669495835900307, -2.2034032344818115
-0.14119493961334229, -2.1663525104522705
-0.22038297355175018, -2.1281020641326904
-0.21442396938800812, -2.0568532943725586
-0.19999195635318756, -1.9725154638290405
-0.2384318709373474, -1.8935129642486572
-0.18347427248954773, -1.8703287839889526
-0.1169452965259552, -1.8082882165908813
-0.07047379016876221, -1.775213360786438
0.0011003549443557858, -1.7163432836532593
-0.022630730643868446, -1.6450269222259521
0.07597813755273819, -1.5609869956970215
0.1358422338962555, -1.4844286441802979
0.16500672698020935, -1.3952302932739258
0.1839323192834854, -1.3476711511611938
0.20140764117240906, -1.2645362615585327
0.2788519263267517, -1.1752426624298096
0.30522117018699646, -1.1299349069595337
0.342278391122818, -1.0532704591751099
0.3396441340446472, -0.9601973295211792
0.345314085483551, -0.8923842310905457
0.44365477561950684, -0.8348480463027954
0.455232173204422, -0.7597468495368958
0.35800057649612427, -0.699522852897644
0.24013809859752655, -0.6405709981918335
0.15033875405788422, -0.6014463305473328
0.0786510556936264, -0.5586131811141968
-3.75263363821432E-4, -0.5175826549530029
-0.08233639597892761, -0.48396599292755127
-0.20281970500946045, -0.5087863802909851
-0.3291414678096771, -0.5615631341934204
-0.4052322506904602, -0.585026204586029
-0.48259663581848145, -0.6117025017738342
-0.6017006039619446, -0.6529309749603271
-0.6519264578819275, -0.667371928691864
-0.7036224603652954, -0.6823098659515381
-0.761286199092865, -0.6550396084785461
-0.8440573215484619, -0.6216995716094971
-0.9230601191520691, -0.6384701132774353
-0.9854154586791992, -0.6467350721359253
-1.0806020498275757, -0.6650896668434143
-1.1676164865493774, -0.6840800642967224
-1.291393518447876, -0.7195361852645874
-1.360440731048584, -0.7248629927635193
-1.4650001525878906, -0.7432935237884521
-1.544931411743164, -0.7648157477378845
-1.684375286102295, -0.7923794984817505
-1.7590157985687256, -0.7993326783180237
-1.881055235862732, -0.838949978351593
-1.961571455001831, -0.8615161180496216
-2.0237321853637695, -0.9045585989952087
-2.0563547611236572, -0.9349619746208191
-2.106130838394165, -0.9884706139564514
-2.2073302268981934, -1.0610071420669556
-2.2285594940185547, -1.087105393409729
-2.145414352416992, -1.1834139823913574
-2.0583555698394775, -1.2158292531967163
-1.9647548198699951, -1.2237001657485962
-1.902701497077942, -1.2761512994766235
-1.9630178213119507, -1.321272850036621
-2.0280187129974365, -1.3229594230651855
-2.0860564708709717, -1.2725169658660889
-2.147231101989746, -1.2449489831924438
-2.2217857837677, -1.2076036930084229
-2.2765161991119385, -1.2164078950881958
-2.33166241645813, -1.1679093837738037
-2.4050240516662598, -1.163206696510315
-2.4421417713165283, -1.1210675239562988
-2.502833366394043, -1.0983012914657593
-2.5538744926452637, -1.0621049404144287
-2.595038890838623, -1.0017967224121094
-2.5844004154205322, -0.9174289703369141
-2.53932785987854, -0.832627534866333
-2.6284964084625244, -0.7922040820121765
-2.634157180786133, -0.7166271209716797
-2.6787803173065186, -0.654766857624054
-2.7352280616760254, -0.6620643734931946
-2.8466320037841797, -0.6957791447639465
1.191398024559021, 1.5955557823181152
1.2800209522247314, 1.6089056730270386
1.3695114850997925, 1.6018692255020142
1.8187496662139893, 1.4522041082382202
1.9943082332611084, 1.2891806364059448
1.994736909866333, 1.232244849205017
1.9363887310028076, 1.061371922492981
1.8896218538284302, 0.9366410374641418
1.2850667238235474, 1.018466591835022
1.2264907360076904, 1.3631205558776855
1.2051422595977783, 1.501507043838501
1.0154093503952026, 0.29529067873954773
1.0274373292922974, 0.36572396755218506
1.0581327676773071, 0.4397779107093811
1.809148907661438, 0.4766067564487457
1.847356915473938, 0.4052695333957672
1.9323718547821045, 0.15541279315948486
1.850960612297058, -0.04809245094656944
1.8492720127105713, -0.05193038284778595
1.044012427330017, 0.49729031324386597
1.1854947805404663, 0.9435309767723083
1.2850667238235474, 1.018466591835022
1.8896218538284302, 0.9366410374641418
1.899540662765503, 0.8249074220657349
1.8922560214996338, 0.7221029996871948
1.809148907661438, 0.4766067564487457
1.0581327676773071, 0.4397779107093811
0.8121253848075867, 0.025067618116736412
0.8624040484428406, 0.19257214665412903
1.0154093503952026, 0.29529067873954773
1.8492720127105713, -0.05193038284778595
1.6031605005264282, -0.6743323802947998
1.0173616409301758, -0.46323809027671814
0.42326033115386963, -0.24915197491645813
0.5745669007301331, 0.11000337451696396
0.6681265234947205, 0.08567683398723602
0.8121253848075867, 0.025067618116736412
1.0173616409301758, -0.46323809027671814
-0.14121615886688232, -0.0457412526011467
0.22993643581867218, 0.2905271351337433
0.5745669007301331, 0.11000337451696396
0.42326033115386963, -0.24915197491645813
-1.6634495258331299, 1.2191877365112305
-0.8477461338043213, 1.6361750364303589
-0.2811650335788727, 1.0545083284378052
0.19479915499687195, 0.3523430824279785
0.22993643581867218, 0.2905271351337433
-0.14121615886688232, -0.0457412526011467
-1.4942950010299683, 0.4418445825576782
-1.6446877717971802, 1.1082069873809814
-1.776556134223938, 2.176389694213867
-1.7155237197875977, 2.4431114196777344
-1.4998958110809326, 2.661944627761841
-1.313405990600586, 2.741720199584961
-0.9845664501190186, 2.6331980228424072
-0.6718265414237976, 2.4903628826141357
-0.6054199934005737, 2.4182727336883545
-0.6268675327301025, 2.2524404525756836
-0.8477461338043213, 1.6361750364303589
-1.6634495258331299, 1.2191877365112305
-1.6781554222106934, 1.306177020072937
-0.2384318709373474, -1.8935129642486572
-0.023709995672106743, -1.7367498874664307
0.45409682393074036, -2.1054060459136963
0.5688533782958984, -2.371278762817383
0.5522559881210327, -2.440579652786255
0.4380604922771454, -2.46254825592041
0.2756710350513458, -2.3948044776916504
0.03410710394382477, -2.2717926502227783
-0.22038297355175018, -2.1281020641326904
-2.449176788330078, -1.1184287071228027
-2.2285594940185547, -1.087105393409729
-1.9647548198699951, -1.2237001657485962
-1.902701497077942, -1.2761512994766235
-1.9630178213119507, -1.321272850036621
-2.0280187129974365, -1.3229594230651855
-2.4050240516662598, -1.163206696510315
-2.8466320037841797, -0.6957791447639465
-2.7918784618377686, -0.5566707849502563
-2.743835210800171, -0.4450085461139679
-2.4706780910491943, -0.2501002550125122
-2.3035295009613037, -0.1823273003101349
-2.269120454788208, -0.17072787880897522
-2.2176802158355713, -0.286268413066864
-2.6787803173065186, -0.654766857624054
-2.6787803173065186, -0.654766857624054
-2.2176802158355713, -0.286268413066864
-1.961571455001831, -0.8615161180496216
-2.106130838394165, -0.9884706139564514
-2.2285594940185547, -1.087105393409729
-2.449176788330078, -1.1184287071228027
-2.502833366394043, -1.0983012914657593
-2.5538744926452637, -1.0621049404144287
-2.595038890838623, -1.0017967224121094
-2.269120454788208, -0.17072787880897522
-1.9136220216751099, 0.14948536455631256
-1.6947299242019653, 0.30399778485298157
-1.4942950010299683, 0.4418445825576782
0.03570897504687309, -0.10949673503637314
-0.08233639597892761, -0.48396599292755127
-0.6017006039619446, -0.6529309749603271
-0.7036224603652954, -0.6823098659515381
-1.961571455001831, -0.8615161180496216
-0.08233639597892761, -0.48396599292755127
0.03570897504687309, -0.10949673503637314
1.6031605005264282, -0.6743323802947998
1.591433048248291, -0.7065761685371399
0.455232173204422, -0.7597468495368958
-0.023709995672106743, -1.7367498874664307
-0.022630730643868446, -1.6450269222259521
0.345314085483551, -0.8923842310905457
0.455232173204422, -0.7597468495368958
1.591433048248291, -0.7065761685371399
1.584315299987793, -0.7261460423469543
1.3713771104812622, -1.26730477809906
1.2745068073272705, -1.5044872760772705
1.1780492067337036, -1.606278419494629
0.45409682393074036, -2.1054060459136963
