-0.08943896740674973, 0.25447210669517517
-0.005172289442270994, 0.183554545044899
0.027066545560956, 0.09993226081132889
0.05299674719572067, 0.0511440709233284
0.07968234270811081, 0.010891356505453587
0.11744201928377151, -0.03313059359788895
0.14531266689300537, -0.09316369891166687
0.09527140855789185, -0.12163711339235306
0.004102825652807951, -0.1840847134590149
-0.052831798791885376, -0.18557611107826233
-0.08191124349832535, -0.10416872054338455
-0.08209073543548584, -0.014185511507093906
-0.1028449758887291, 0.06407702714204788
-0.10191268473863602, 0.15943844616413116
-0.1028449758887291, 0.06407702714204788
-0.10191268473863602, 0.15943844616413116
-0.08943896740674973, 0.25447210669517517
-0.005172289442270994, 0.183554545044899
0.11744201928377151, -0.03313059359788895
0.14531266689300537, -0.09316369891166687
0.004102825652807951, -0.1840847134590149
-0.052831798791885376, -0.18557611107826233
-0.08191124349832535, -0.10416872054338455
