-0.3992009162902832, 0.14768515527248383
-0.3372969329357147, 0.16580747067928314
-0.26094481348991394, 0.11081297695636749
-0.13181200623512268, 0.05951111391186714
-0.05369633063673973, 0.03760826587677002
-0.034612298011779785, 0.0322972908616066
0.056754834949970245, 0.03993435949087143
0.14069224894046783, -0.012279177084565163
0.21847957372665405, -0.0050430903211236
0.27468448877334595, -0.04982126131653786
0.42845582962036133, -0.0918780118227005
0.4759569466114044, -0.1482817679643631
0.4593483805656433, -0.2055247575044632
0.40067264437675476, -0.12536363303661346
0.38313764333724976, -0.11989566683769226
0.3603992760181427, -0.11300479620695114
0.2864353060722351, -0.15931645035743713
0.21447142958641052, -0.11199561506509781
0.16433341801166534, -0.08049929141998291
0.11419364809989929, -0.05780491232872009
0.032885268330574036, -0.02845591865479946
-0.004776709247380495, -0.020086178556084633
-0.09530352801084518, -0.0362323522567749
-0.15253522992134094, -0.02156618796288967
-0.22167439758777618, 0.03654240444302559
-0.3067338466644287, 0.020077727735042572
-0.3639822006225586, 0.037844058126211166
-0.4423840641975403, 0.05810919404029846
-0.4423840641975403, 0.05810919404029846
-0.3992009162902832, 0.14768515527248383
-0.3372969329357147, 0.16580747067928314
0.21847957372665405, -0.0050430903211236
0.42845582962036133, -0.0918780118227005
0.4759569466114044, -0.1482817679643631
0.4593483805656433, -0.2055247575044632
0.2864353060722351, -0.15931645035743713
