-0.11428061872720718, 0.3494369685649872
-0.07075461745262146, 0.2926500737667084
-0.05702672153711319, 0.23952972888946533
-0.04816669598221779, 0.21749281883239746
0.006071845535188913, 0.15277040004730225
0.05418035760521889, 0.05284978076815605
0.0897107943892479, 0.01277453824877739
0.11568138748407364, -0.044108252972364426
0.1532014012336731, -0.10731818526983261
0.2037506252527237, -0.2029062658548355
0.12923233211040497, -0.26617008447647095
0.03424295783042908, -0.294393390417099
0.024572789669036865, -0.20727065205574036
-0.05159154161810875, -0.0856700912117958
-0.14390507340431213, -0.09314148873090744
-0.17382685840129852, 0.0374528206884861
-0.1627214550971985, 0.14707213640213013
-0.1564367115497589, 0.2107209712266922
-0.1539105921983719, 0.28684931993484497
-0.17519912123680115, 0.355576753616333
-0.17519912123680115, 0.355576753616333
-0.11428061872720718, 0.3494369685649872
-0.07075461745262146, 0.2926500737667084
0.0897107943892479, 0.01277453824877739
0.2037506252527237, -0.2029062658548355
0.12923233211040497, -0.26617008447647095
0.03424295783042908, -0.294393390417099
-0.14390507340431213, -0.09314148873090744
-0.17382685840129852, 0.0374528206884861
