-0.31701722741127014, 0.05138373374938965
-0.2343081831932068, 0.10858400166034698
-0.13418784737586975, 0.1700391322374344
-0.05609392374753952, 0.22830748558044434
0.1259903758764267, 0.34590622782707214
0.18644829094409943, 0.3853831887245178
0.26544997096061707, 0.4275163412094116
0.36054372787475586, 0.46940261125564575
0.3213965892791748, 0.36751168966293335
0.2813895046710968, 0.26876601576805115
0.26087483763694763, 0.2084544152021408
0.18006286025047302, 0.013779401779174805
0.15797194838523865, -0.05015237629413605
0.12744903564453125, -0.14345650374889374
0.09725799411535263, -0.20971764624118805
0.08057620376348495, -0.24721165001392365
0.06114042550325394, -0.3108082413673401
0.023951170966029167, -0.3898794949054718
-0.01200377568602562, -0.48752784729003906
-0.10957895964384079, -0.4198104739189148
-0.135166734457016, -0.36788201332092285
-0.1768202781677246, -0.31044304370880127
-0.22075359523296356, -0.2397843450307846
-0.2559255063533783, -0.16973966360092163
-0.30119141936302185, -0.09523127973079681
-0.35326650738716125, 0.013191655278205872
-0.35326650738716125, 0.013191655278205872
-0.31701722741127014, 0.05138373374938965
-0.2343081831932068, 0.10858400166034698
-0.05609392374753952, 0.22830748558044434
0.18644829094409943, 0.3853831887245178
0.26544997096061707, 0.4275163412094116
0.36054372787475586, 0.46940261125564575
0.12744903564453125, -0.14345650374889374
0.06114042550325394, -0.3108082413673401
-0.01200377568602562, -0.48752784729003906
-0.10957895964384079, -0.4198104739189148
-0.22075359523296356, -0.2397843450307846
-0.30119141936302185, -0.09523127973079681
