-0.3651008605957031, -0.06746143102645874
-0.2751157283782959, -0.043188463896512985
-0.2117670178413391, -0.024786032736301422
-0.11782670021057129, 0.005902730859816074
-0.04027990251779556, 0.025104541331529617
0.05385548248887062, 0.048460207879543304
0.09685732424259186, 0.060160595923662186
0.16022562980651855, 0.07911496609449387
0.24972976744174957, 0.09276019781827927
0.31297701597213745, 0.1073259562253952
0.40982162952423096, 0.11531480401754379
0.287055104970932, 0.04130225628614426
0.23391802608966827, 0.0056119319051504135
0.152242511510849, 0.0021127837244421244
0.04652847722172737, 0.010973891243338585
0.0021418340038508177, -0.04563843458890915
-0.055797986686229706, -0.061594389379024506
-0.10991069674491882, -0.09373147785663605
-0.18675991892814636, -0.11525027453899384
-0.2503359913825989, -0.11246083676815033
-0.3266695439815521, -0.13465151190757751
-0.4132707417011261, -0.1564883291721344
-0.49918216466903687, -0.12350314110517502
-0.49918216466903687, -0.12350314110517502
-0.3651008605957031, -0.06746143102645874
-0.11782670021057129, 0.005902730859816074
0.16022562980651855, 0.07911496609449387
0.31297701597213745, 0.1073259562253952
0.40982162952423096, 0.11531480401754379
0.23391802608966827, 0.0056119319051504135
-0.10991069674491882, -0.09373147785663605
-0.18675991892814636, -0.11525027453899384
-0.4132707417011261, -0.1564883291721344
