0.45922479033470154, -0.10207277536392212
0.3753420412540436, -0.10496830195188522
0.28153541684150696, -0.08165577054023743
0.21717216074466705, -0.07098769396543503
0.17519620060920715, -0.06462547183036804
0.11938028037548065, -0.059794165194034576
0.042151935398578644, -0.05931900069117546
-0.043229617178440094, -0.07479697465896606
-0.11223754286766052, -0.04002649337053299
-0.1819298267364502, -0.01213092915713787
-0.28072863817214966, 6.0619245050475E-4
-0.3667747676372528, 0.04404088109731674
-0.28569352626800537, 0.09110496193170547
-0.2266661822795868, 0.06781816482543945
-0.14681296050548553, 0.05965835228562355
-0.12450545281171799, 0.058478210121393204
-0.027278050780296326, 0.0571652427315712
0.05425489321351051, 0.049091584980487823
0.11313147097826004, 0.041392531245946884
0.2478109449148178, 0.006297613028436899
0.36635124683380127, -0.042201824486255646
0.42225122451782227, -0.06727670878171921
-0.3667747676372528, 0.04404088109731674
-0.28569352626800537, 0.09110496193170547
0.05425489321351051, 0.049091584980487823
0.11313147097826004, 0.041392531245946884
0.2478109449148178, 0.006297613028436899
0.36635124683380127, -0.042201824486255646
0.42225122451782227, -0.06727670878171921
0.45922479033470154, -0.10207277536392212
0.3753420412540436, -0.10496830195188522
-0.043229617178440094, -0.07479697465896606
-0.28072863817214966, 6.0619245050475E-4
