-0.11505730450153351, -0.04539816454052925
-0.053562384098768234, 0.021789563819766045
0.017503133043646812, 0.05399123951792717
0.095759816467762, 0.08181143552064896
0.03225771337747574, -0.02682315930724144
-0.028606755658984184, -0.06338517367839813
-0.11505730450153351, -0.04539816454052925
-0.053562384098768234, 0.021789563819766045
0.017503133043646812, 0.05399123951792717
0.095759816467762, 0.08181143552064896
0.03225771337747574, -0.02682315930724144
-0.028606755658984184, -0.06338517367839813
