-0.12401769310235977, -0.056371115148067474
-0.0785006582736969, 0.004948695655912161
-0.01531803235411644, 0.07192180305719376
0.03402590751647949, 0.10508209466934204
0.13891035318374634, 0.16090545058250427
0.16961105167865753, 0.05911245942115784
0.07051409035921097, -0.005234913434833288
0.016258401796221733, -0.06964988261461258
-0.06731992214918137, -0.11718335002660751
-0.12123186886310577, -0.21627388894557953
-0.12401769310235977, -0.056371115148067474
-0.0785006582736969, 0.004948695655912161
-0.01531803235411644, 0.07192180305719376
0.03402590751647949, 0.10508209466934204
0.13891035318374634, 0.16090545058250427
0.16961105167865753, 0.05911245942115784
-0.12123186886310577, -0.21627388894557953
