0.37055104970932007, -0.054039712995290756
0.29292619228363037, -0.029780179262161255
0.1934259682893753, -0.037264760583639145
0.1495436728000641, -0.002921240869909525
0.08873773366212845, -2.6154957595281303E-4
0.031720783561468124, -0.05018593743443489
-0.092725470662117, -0.08097745478153229
-0.15058064460754395, -0.050739582628011703
-0.25514736771583557, -0.03851010650396347
-0.29220595955848694, -0.08131736516952515
-0.37575384974479675, -0.029159681871533394
-0.4534192979335785, 0.01843632012605667
-0.3448149263858795, 0.04700547829270363
-0.25249403715133667, 0.0526219941675663
-0.19228585064411163, 0.04022691398859024
-0.17195431888103485, 0.039417389780282974
-0.09216300398111343, 0.053369130939245224
-0.031888447701931, 0.03993460163474083
0.008571146056056023, 0.039054956287145615
0.20796751976013184, 0.03802990913391113
0.32792186737060547, 0.021135782822966576
0.4846823811531067, -0.028645165264606476
-0.4534192979335785, 0.01843632012605667
-0.3448149263858795, 0.04700547829270363
-0.25249403715133667, 0.0526219941675663
-0.09216300398111343, 0.053369130939245224
0.20796751976013184, 0.03802990913391113
0.32792186737060547, 0.021135782822966576
0.4846823811531067, -0.028645165264606476
0.37055104970932007, -0.054039712995290756
-0.092725470662117, -0.08097745478153229
-0.29220595955848694, -0.08131736516952515
