0.05942462757229805, -0.28346702456474304
0.02222161367535591, -0.2055809199810028
-0.005182141438126564, -0.09456842392683029
-0.010393241420388222, -0.01318492740392685
-0.04065725579857826, 0.040325894951820374
-0.09966649115085602, 0.273188978433609
-0.08791812509298325, 0.35937994718551636
-0.033661406487226486, 0.23013544082641602
0.0052897934801876545, 0.15671406686306
0.01094526331871748, 0.058559633791446686
0.03289630264043808, -0.024546420201659203
0.040924157947301865, -0.12372683733701706
-0.09966649115085602, 0.273188978433609
-0.08791812509298325, 0.35937994718551636
0.0052897934801876545, 0.15671406686306
0.03289630264043808, -0.024546420201659203
0.05942462757229805, -0.28346702456474304
0.02222161367535591, -0.2055809199810028
-0.04065725579857826, 0.040325894951820374
