0.020038984715938568, -0.029627623036503792
-0.019183339551091194, -0.10877318680286407
-0.04146447777748108, -0.18869538605213165
-0.09525495767593384, -0.25155603885650635
-0.11705039441585541, -0.3104168474674225
-0.1649104356765747, -0.3470339775085449
-0.12423177808523178, -0.22655107080936432
-0.04415329918265343, -0.028444217517971992
-0.02411513775587082, 0.03152124211192131
0.015296531841158867, 0.07200530916452408
-0.1649104356765747, -0.3470339775085449
-0.12423177808523178, -0.22655107080936432
-0.02411513775587082, 0.03152124211192131
0.015296531841158867, 0.07200530916452408
0.020038984715938568, -0.029627623036503792
-0.04146447777748108, -0.18869538605213165
-0.11705039441585541, -0.3104168474674225
