-0.09651604294776917, 0.004195742774754763
-0.037021998316049576, 0.062309108674526215
0.04440132528543472, 0.07487240433692932
0.09042499214410782, 0.10349034518003464
0.1435539424419403, 0.15160419046878815
0.17895859479904175, 0.10499384254217148
0.15406590700149536, 0.039645589888095856
0.08586731553077698, -0.004402021877467632
-0.0029610013589262962, -0.046571046113967896
-0.05761632323265076, -0.06395934522151947
-0.18945737183094025, -0.128203347325325
-0.19632066786289215, -0.04192660003900528
-0.19632066786289215, -0.04192660003900528
-0.037021998316049576, 0.062309108674526215
0.1435539424419403, 0.15160419046878815
0.17895859479904175, 0.10499384254217148
0.15406590700149536, 0.039645589888095856
0.08586731553077698, -0.004402021877467632
-0.0029610013589262962, -0.046571046113967896
-0.18945737183094025, -0.128203347325325
