-0.12089023739099503, -0.14624248445034027
-0.05108350142836571, -0.0826631560921669
-0.03686876222491264, -0.06823770701885223
-0.026037247851490974, 0.0176568403840065
-0.08384329080581665, 0.16586489975452423
-0.01115832757204771, 0.13392266631126404
0.023120999336242676, 0.07411470264196396
0.09599913656711578, 0.02413444221019745
0.11450718343257904, -0.0710601657629013
0.06320519745349884, -0.08782175928354263
0.014561171643435955, -0.14189743995666504
-0.028389086946845055, -0.1734289973974228
-0.12089023739099503, -0.14624248445034027
-0.08384329080581665, 0.16586489975452423
-0.01115832757204771, 0.13392266631126404
0.09599913656711578, 0.02413444221019745
0.11450718343257904, -0.0710601657629013
-0.028389086946845055, -0.1734289973974228
