-0.1637263298034668, 0.336479127407074
-0.10195912420749664, 0.22323155403137207
-0.060777124017477036, 0.17977091670036316
-0.010665844194591045, 0.07065136730670929
1.9538083870429546E-4, 8.382787927985191E-5
-0.05861596763134003, 0.06089181825518608
-0.12195518612861633, 0.14057807624340057
-0.1881871074438095, 0.20267777144908905
-0.20108269155025482, 0.27954158186912537
-0.20108269155025482, 0.27954158186912537
-0.1637263298034668, 0.336479127407074
-0.060777124017477036, 0.17977091670036316
-0.010665844194591045, 0.07065136730670929
1.9538083870429546E-4, 8.382787927985191E-5
-0.05861596763134003, 0.06089181825518608
-0.1881871074438095, 0.20267777144908905
