-0.13999593257904053, 0.4161161780357361
-0.11799465864896774, 0.33993855118751526
-0.1064680740237236, 0.28091657161712646
-0.05649084597826004, 0.19140146672725677
0.00922809261828661, 0.024645760655403137
0.06797102838754654, -0.10220692306756973
0.0853443518280983, -0.16100534796714783
0.10774428397417068, -0.21731236577033997
0.14975038170814514, -0.2631353735923767
0.14368781447410583, -0.39583152532577515
0.11395622789859772, -0.34353744983673096
0.08393753319978714, -0.2488284707069397
0.06121212616562843, -0.19267471134662628
0.021841298788785934, -0.09947653859853745
-0.022748509421944618, 0.012298381887376308
-0.11879789084196091, 0.2524946331977844
-0.16616681218147278, 0.3188764452934265
-0.16616681218147278, 0.3188764452934265
-0.13999593257904053, 0.4161161780357361
0.14975038170814514, -0.2631353735923767
0.14368781447410583, -0.39583152532577515
0.11395622789859772, -0.34353744983673096
