-0.20671109855175018, 0.25767093896865845
-0.07452555000782013, 0.1125512421131134
-0.027772702276706696, 0.06489767879247665
0.024538639932870865, 0.007428053300827742
0.08060009777545929, -0.074524886906147
0.14708247780799866, -0.11951601505279541
0.18739353120326996, -0.16352123022079468
0.24226294457912445, -0.2169480323791504
0.2888161540031433, -0.2800271809101105
0.3588733375072479, -0.3459472060203552
0.23904787003993988, -0.3111112713813782
0.1865648478269577, -0.22309935092926025
0.1239885464310646, -0.19643817842006683
0.0899084061384201, -0.12141162902116776
0.01481599546968937, -0.08094020932912827
-0.0195610448718071, -0.004567792173475027
-0.04603860527276993, 0.024026811122894287
-0.17015378177165985, 0.15588116645812988
-0.29996806383132935, 0.3023941218852997
-0.29996806383132935, 0.3023941218852997
-0.20671109855175018, 0.25767093896865845
0.24226294457912445, -0.2169480323791504
0.3588733375072479, -0.3459472060203552
0.23904787003993988, -0.3111112713813782
0.1239885464310646, -0.19643817842006683
0.01481599546968937, -0.08094020932912827
