-0.12772539258003235, 0.041458938270807266
-0.115842804312706, 0.10673289746046066
-0.032727260142564774, 0.12969937920570374
0.04002384468913078, 0.1309477984905243
0.06406889110803604, 0.10359343886375427
0.09756392240524292, -0.03611007332801819
0.09659166634082794, -0.10414411127567291
0.08614553511142731, -0.14224468171596527
0.010815272107720375, -0.1427905261516571
-0.061476051807403564, -0.10117010772228241
-0.09349197894334793, -0.01537996158003807
-0.12772539258003235, 0.041458938270807266
-0.115842804312706, 0.10673289746046066
-0.032727260142564774, 0.12969937920570374
0.04002384468913078, 0.1309477984905243
0.06406889110803604, 0.10359343886375427
0.09756392240524292, -0.03611007332801819
0.09659166634082794, -0.10414411127567291
0.08614553511142731, -0.14224468171596527
0.010815272107720375, -0.1427905261516571
-0.061476051807403564, -0.10117010772228241
