0.2335585504770279, 0.2984372079372406
0.21605299413204193, 0.22286176681518555
0.1759248524904251, 0.09714072197675705
0.15714068710803986, 0.02244827337563038
0.13022302091121674, -0.02625993639230728
0.20878195762634277, -0.1432441920042038
0.16445818543434143, -0.1981552094221115
0.06497577577829361, -0.29954075813293457
0.043383121490478516, -0.32747775316238403
-0.03497402369976044, -0.3078579306602478
-0.11032173037528992, -0.27277204394340515
-0.17863436043262482, -0.22588267922401428
-0.27207061648368835, -0.20081906020641327
-0.3794073462486267, -0.12108049541711807
-0.24757909774780273, -0.14257508516311646
-0.13735055923461914, -0.06851992011070251
-0.1529196947813034, 0.0695234015583992
-0.1715918332338333, 0.09458128362894058
-0.08470302075147629, 0.18342167139053345
-0.04975225031375885, 0.20701000094413757
-0.007208772003650665, 0.23987574875354767
0.09029527753591537, 0.26782914996147156
0.15438514947891235, 0.29273006319999695
0.19466595351696014, 0.32081517577171326
-0.3794073462486267, -0.12108049541711807
-0.1715918332338333, 0.09458128362894058
-0.08470302075147629, 0.18342167139053345
-0.007208772003650665, 0.23987574875354767
0.19466595351696014, 0.32081517577171326
0.2335585504770279, 0.2984372079372406
0.20878195762634277, -0.1432441920042038
0.16445818543434143, -0.1981552094221115
0.043383121490478516, -0.32747775316238403
-0.03497402369976044, -0.3078579306602478
-0.27207061648368835, -0.20081906020641327
