-0.14628049731254578, -0.10434501618146896
-0.09724192321300507, -0.04031127318739891
-0.0434781014919281, 0.050089575350284576
-0.014390324242413044, 0.06615033000707626
0.05778410658240318, 0.09458144009113312
0.1061493307352066, 0.09644957631826401
0.13846924901008606, 0.08668702095746994
0.16917923092842102, 0.029599621891975403
0.10079265385866165, 0.02141064964234829
-0.015093903057277203, -0.056414078921079636
-0.033441223204135895, -0.08561503142118454
-0.06478984653949738, -0.10648185759782791
-0.11770007014274597, -0.1285090446472168
-0.14628049731254578, -0.10434501618146896
-0.0434781014919281, 0.050089575350284576
-0.014390324242413044, 0.06615033000707626
0.05778410658240318, 0.09458144009113312
0.1061493307352066, 0.09644957631826401
0.13846924901008606, 0.08668702095746994
0.16917923092842102, 0.029599621891975403
-0.06478984653949738, -0.10648185759782791
-0.11770007014274597, -0.1285090446472168
