-0.38345685601234436, -0.14708201587200165
-0.3434653878211975, -0.030144432559609413
-0.29623445868492126, -0.04055221006274223
-0.1671796441078186, 0.06209120526909828
-0.1115134134888649, 0.16595584154129028
-0.19965766370296478, 0.2324925661087036
-0.21334820985794067, 0.3301285207271576
-0.07635456323623657, 0.3390650451183319
-0.043233469128608704, 0.3398977816104889
0.008371224626898766, 0.34555643796920776
0.08982937037944794, 0.33271729946136475
0.1817988008260727, 0.36123722791671753
0.25044557452201843, 0.4265688359737396
0.29568979144096375, 0.5492385029792786
0.4066344201564789, 0.4665256142616272
0.4818035662174225, 0.4216683506965637
0.43771663308143616, 0.33163318037986755
0.39925938844680786, 0.2809627950191498
0.36359113454818726, 0.2591404318809509
0.28068384528160095, 0.19191566109657288
0.2124367207288742, 0.06988197565078735
0.17125210165977478, -0.00893084704875946
0.15065264701843262, -0.031737636774778366
0.06336376816034317, -0.10062691569328308
0.048561956733465195, -0.18032853305339813
0.06305090337991714, -0.23779746890068054
0.07173407077789307, -0.2671124339103699
0.0913253128528595, -0.31887370347976685
0.08847866207361221, -0.3675892949104309
0.1102989986538887, -0.4688754081726074
0.028846552595496178, -0.4976259768009186
-0.0069677275605499744, -0.5005055665969849
-0.08107898384332657, -0.4744442403316498
-0.1949765980243683, -0.3930419087409973
-0.2877764403820038, -0.3026221990585327
-0.36944642663002014, -0.20591631531715393
-0.21334820985794067, 0.3301285207271576
0.29568979144096375, 0.5492385029792786
0.4818035662174225, 0.4216683506965637
0.43771663308143616, 0.33163318037986755
0.39925938844680786, 0.2809627950191498
0.20323820412158966, 0.0522792749106884
-0.1115134134888649, 0.16595584154129028
-0.19965766370296478, 0.2324925661087036
-0.38345685601234436, -0.14708201587200165
-0.3434653878211975, -0.030144432559609413
-0.1115134134888649, 0.16595584154129028
0.20323820412158966, 0.0522792749106884
0.1102989986538887, -0.4688754081726074
0.028846552595496178, -0.4976259768009186
-0.0069677275605499744, -0.5005055665969849
-0.08107898384332657, -0.4744442403316498
-0.1949765980243683, -0.3930419087409973
-0.2877764403820038, -0.3026221990585327
-0.36944642663002014, -0.20591631531715393
