-0.07557772099971771, 0.17897886037826538
-0.023820288479328156, 0.20977149903774261
0.029826290905475616, 0.10327780991792679
0.06446041166782379, 0.08193940669298172
0.12074338644742966, 0.006169612985104322
0.07197842746973038, -0.10234249383211136
-0.0065107024274766445, -0.20571310818195343
-0.052967771887779236, -0.1801847666501999
-0.059697944670915604, -0.11070315539836884
-0.10173763334751129, 0.1026182472705841
-0.10173763334751129, 0.1026182472705841
-0.07557772099971771, 0.17897886037826538
-0.023820288479328156, 0.20977149903774261
0.12074338644742966, 0.006169612985104322
0.07197842746973038, -0.10234249383211136
-0.0065107024274766445, -0.20571310818195343
-0.052967771887779236, -0.1801847666501999
