-0.03154418244957924, 0.08630571514368057
0.12064844369888306, 0.05318561568856239
0.07554823160171509, -0.03965235501527786
0.035943761467933655, -0.07422918826341629
0.008783131837844849, -0.09321700036525726
-0.03074275143444538, -0.09058711677789688
-0.0639197826385498, 0.0027036957908421755
-0.0686991959810257, 0.08588037639856339
-0.0686991959810257, 0.08588037639856339
-0.03154418244957924, 0.08630571514368057
0.12064844369888306, 0.05318561568856239
0.07554823160171509, -0.03965235501527786
0.035943761467933655, -0.07422918826341629
0.008783131837844849, -0.09321700036525726
-0.03074275143444538, -0.09058711677789688
-0.0639197826385498, 0.0027036957908421755
