-0.0913509652018547, 0.0988011360168457
0.038301557302474976, 0.10256776958703995
0.08525163680315018, 0.024312039837241173
0.08509153872728348, -0.062482159584760666
-0.011065064929425716, -0.13777491450309753
-0.07768744230270386, -0.13766439259052277
-0.0931633710861206, -0.09606502950191498
-0.13630034029483795, 0.0023609197232872248
-0.13630034029483795, 0.0023609197232872248
-0.0913509652018547, 0.0988011360168457
0.038301557302474976, 0.10256776958703995
0.08525163680315018, 0.024312039837241173
0.08509153872728348, -0.062482159584760666
-0.011065064929425716, -0.13777491450309753
-0.07768744230270386, -0.13766439259052277
