-0.05583909526467323, 0.053581468760967255
-0.01666884869337082, 0.11051057279109955
0.021300269290804863, 0.1130874902009964
0.06532672047615051, 0.0837053582072258
0.0751187726855278, -0.027882739901542664
0.06563957780599594, -0.06330013275146484
0.022927407175302505, -0.09303105622529984
-0.041006315499544144, -0.10465056449174881
-0.1008400246500969, -0.06479324400424957
-0.1008400246500969, -0.06479324400424957
-0.05583909526467323, 0.053581468760967255
-0.01666884869337082, 0.11051057279109955
0.021300269290804863, 0.1130874902009964
0.06532672047615051, 0.0837053582072258
0.0751187726855278, -0.027882739901542664
0.06563957780599594, -0.06330013275146484
0.022927407175302505, -0.09303105622529984
-0.041006315499544144, -0.10465056449174881
