-0.005612439941614866, 0.07959625869989395
0.06950709968805313, -0.021382682025432587
0.03056349977850914, -0.0740855485200882
-0.015717362985014915, -0.05475817248225212
-0.04452420398592949, -0.028816379606723785
-0.0977652445435524, 0.022245284169912338
-0.0977652445435524, 0.022245284169912338
-0.005612439941614866, 0.07959625869989395
0.06950709968805313, -0.021382682025432587
0.03056349977850914, -0.0740855485200882
-0.015717362985014915, -0.05475817248225212
-0.04452420398592949, -0.028816379606723785
