-0.12015364319086075, -0.03399810194969177
-0.10142135620117188, 0.030513811856508255
-0.08286713063716888, 0.07050787657499313
-0.03484725579619408, 0.09197670221328735
0.052960481494665146, 0.02741614729166031
0.14202874898910522, 0.07171031087636948
0.16556918621063232, 0.034087229520082474
0.13702107965946198, -0.0029619152192026377
0.07592311501502991, -0.03605435788631439
-0.022355588153004646, -0.11729557067155838
-0.08865562826395035, -0.13129787147045135
-0.12015364319086075, -0.03399810194969177
-0.10142135620117188, 0.030513811856508255
-0.08286713063716888, 0.07050787657499313
-0.03484725579619408, 0.09197670221328735
0.14202874898910522, 0.07171031087636948
0.16556918621063232, 0.034087229520082474
0.13702107965946198, -0.0029619152192026377
-0.022355588153004646, -0.11729557067155838
-0.08865562826395035, -0.13129787147045135
