-0.3464856445789337, -0.08519602566957474
-0.307306170463562, 0.013814853504300117
-0.280611127614975, 0.1340561956167221
-0.2089061737060547, 0.256356418132782
-0.10119148343801498, 0.27887392044067383
-0.06380429118871689, 0.3378101885318756
-0.038648005574941635, 0.3571415841579437
0.0038658338598906994, 0.36694326996803284
0.05709147825837135, 0.34592318534851074
0.08480478078126907, 0.28724241256713867
0.0941024199128151, 0.23671077191829681
0.07640668004751205, 0.2002273052930832
0.06809484213590622, 0.15625034272670746
0.06571485847234726, 0.14215058088302612
0.07782799005508423, 0.041992973536252975
0.15453793108463287, 0.008216182701289654
0.29036203026771545, -0.06420949846506119
0.2731785476207733, -0.13571076095104218
0.2820499837398529, -0.22764362394809723
0.29021257162094116, -0.3524533212184906
0.2747747004032135, -0.4172874987125397
0.2016656994819641, -0.38469016551971436
0.18411453068256378, -0.34109818935394287
0.18083682656288147, -0.28526100516319275
0.14085528254508972, -0.1643749177455902
0.04582113027572632, -0.11393050849437714
-0.03362984210252762, -0.11108487099409103
-0.12537804245948792, -0.14070680737495422
-0.17142099142074585, -0.16607621312141418
-0.22218956053256989, -0.1414453536272049
-0.3464856445789337, -0.08519602566957474
-0.280611127614975, 0.1340561956167221
-0.2089061737060547, 0.256356418132782
-0.038648005574941635, 0.3571415841579437
0.0038658338598906994, 0.36694326996803284
0.05709147825837135, 0.34592318534851074
0.2420205920934677, 0.020783647894859314
0.14085528254508972, -0.1643749177455902
-0.17142099142074585, -0.16607621312141418
0.14085528254508972, -0.1643749177455902
0.2420205920934677, 0.020783647894859314
0.29036203026771545, -0.06420949846506119
0.29021257162094116, -0.3524533212184906
0.2747747004032135, -0.4172874987125397
0.2016656994819641, -0.38469016551971436
0.18411453068256378, -0.34109818935394287
