-0.04861288145184517, 0.10183659940958023
0.027852537110447884, 0.08340299129486084
0.10766978561878204, 0.021525761112570763
0.04445666819810867, -0.008368167094886303
0.042203474789857864, -0.12138708680868149
0.04399561136960983, -0.1525639295578003
-0.008435479365289211, -0.19227297604084015
0.017393549904227257, -0.08566363155841827
-0.017643719911575317, -0.011597733944654465
-0.029947003349661827, 0.0058678132481873035
-0.06626850366592407, 0.04197155684232712
-0.11141374707221985, 0.08679310977458954
-0.11141374707221985, 0.08679310977458954
-0.04861288145184517, 0.10183659940958023
0.027852537110447884, 0.08340299129486084
0.10766978561878204, 0.021525761112570763
0.04399561136960983, -0.1525639295578003
-0.008435479365289211, -0.19227297604084015
