0.0036530231591314077, 0.11193858832120895
0.034967679530382156, 0.09652283787727356
0.04701276123523712, 0.05756004899740219
0.05613712593913078, 0.011090125888586044
0.043741967529058456, -0.06570641696453094
0.023852527141571045, -0.1062576100230217
-0.044303443282842636, -0.12205448001623154
-0.04358239099383354, -0.033660613000392914
-0.044781386852264404, 0.06382782757282257
-0.044781386852264404, 0.06382782757282257
0.0036530231591314077, 0.11193858832120895
0.034967679530382156, 0.09652283787727356
0.04701276123523712, 0.05756004899740219
0.05613712593913078, 0.011090125888586044
0.043741967529058456, -0.06570641696453094
0.023852527141571045, -0.1062576100230217
-0.044303443282842636, -0.12205448001623154
