-0.16240429878234863, -0.011823924258351326
-0.1577005833387375, 0.050899483263492584
-0.02938583679497242, 0.03899625316262245
0.16409553587436676, 0.02124815061688423
0.10642482340335846, -0.06602447479963303
0.07033166289329529, -0.08567071706056595
-0.008755638264119625, -0.023864373564720154
-0.0657891035079956, -0.01154334470629692
-0.07422348111867905, -0.011224680580198765
-0.16240429878234863, -0.011823924258351326
-0.1577005833387375, 0.050899483263492584
0.16409553587436676, 0.02124815061688423
0.10642482340335846, -0.06602447479963303
0.07033166289329529, -0.08567071706056595
