-0.0885695144534111, 0.007355878595262766
-0.07888732850551605, 0.03625277429819107
-0.029800739139318466, 0.06135000288486481
0.10359983891248703, 0.06479918956756592
0.06109005585312843, -0.021588126197457314
0.043263789266347885, -0.045994833111763
-7.569591398350894E-4, -0.08574404567480087
-0.03851388767361641, -0.09359485656023026
-0.08314038068056107, -0.03573818877339363
-0.0885695144534111, 0.007355878595262766
-0.07888732850551605, 0.03625277429819107
-0.029800739139318466, 0.06135000288486481
0.10359983891248703, 0.06479918956756592
0.06109005585312843, -0.021588126197457314
0.043263789266347885, -0.045994833111763
-7.569591398350894E-4, -0.08574404567480087
-0.03851388767361641, -0.09359485656023026
-0.08314038068056107, -0.03573818877339363
