-0.08214880526065826, -0.15784355998039246
-0.04150891676545143, -0.02300768904387951
-0.035222288221120834, 0.02210218273103237
0.044142305850982666, 0.20581509172916412
0.07949540764093399, 0.15338414907455444
0.07372213900089264, 0.06284955143928528
0.048065364360809326, -0.007656796835362911
0.018985416740179062, -0.06134706735610962
-0.04227316379547119, -0.11592395603656769
-0.07051197439432144, -0.2151278704404831
-0.08214880526065826, -0.15784355998039246
-0.035222288221120834, 0.02210218273103237
0.044142305850982666, 0.20581509172916412
0.07949540764093399, 0.15338414907455444
0.07372213900089264, 0.06284955143928528
0.048065364360809326, -0.007656796835362911
0.018985416740179062, -0.06134706735610962
-0.07051197439432144, -0.2151278704404831
