-0.13062389194965363, 0.13054195046424866
-0.06128581985831261, 0.12337341159582138
-0.024275142699480057, 0.09228822588920593
0.03767761215567589, 0.004891255404800177
0.09420153498649597, -0.028624339029192924
0.22044847905635834, -0.03937646374106407
0.18240924179553986, -0.08512100577354431
0.12320414185523987, -0.10956811159849167
0.052695706486701965, -0.11862871795892715
-0.06560720503330231, -0.02969759702682495
-0.1377205103635788, 0.03743251785635948
-0.1672971099615097, 0.07570812851190567
-0.1672971099615097, 0.07570812851190567
-0.13062389194965363, 0.13054195046424866
-0.06128581985831261, 0.12337341159582138
0.22044847905635834, -0.03937646374106407
0.18240924179553986, -0.08512100577354431
0.12320414185523987, -0.10956811159849167
0.052695706486701965, -0.11862871795892715
-0.06560720503330231, -0.02969759702682495
-0.1377205103635788, 0.03743251785635948
