-0.24138671159744263, 0.07742565870285034
-0.222464457154274, 0.15361185371875763
-0.20017264783382416, 0.1885993629693985
-0.14105166494846344, 0.21763639152050018
-0.08140267431735992, 0.1783149242401123
0.04262474551796913, 0.14209333062171936
0.08473123610019684, 0.13160569965839386
0.11890684813261032, 0.11344274133443832
0.2788553237915039, 0.05840425565838814
0.26422154903411865, 0.026704559102654457
0.24702703952789307, -0.014487209729850292
0.22343681752681732, -0.12203237414360046
0.19889672100543976, -0.16276291012763977
-0.02524656243622303, -0.14994627237319946
-0.11186551302671432, -0.13448277115821838
-0.20687416195869446, -0.13600513339042664
-0.22228406369686127, -0.08966796100139618
-0.21533647179603577, -0.01319361012428999
-0.24138671159744263, 0.07742565870285034
-0.222464457154274, 0.15361185371875763
-0.20017264783382416, 0.1885993629693985
-0.14105166494846344, 0.21763639152050018
0.2788553237915039, 0.05840425565838814
0.22343681752681732, -0.12203237414360046
0.19889672100543976, -0.16276291012763977
-0.02524656243622303, -0.14994627237319946
-0.20687416195869446, -0.13600513339042664
-0.22228406369686127, -0.08966796100139618
