-0.4060989022254944, 0.28017061948776245
-0.305658757686615, 0.27895766496658325
-0.1910533905029297, 0.29761719703674316
-0.13073627650737762, 0.2809489369392395
-0.006711709313094616, 0.2748720347881317
0.07986702769994736, 0.2753300666809082
0.17116209864616394, 0.2733961045742035
0.27722078561782837, 0.28375548124313354
0.4227901101112366, 0.2730206251144409
0.45230966806411743, 0.25422221422195435
0.48685669898986816, 0.22079333662986755
0.5183391571044922, 0.11062038689851761
0.511202871799469, 0.042040083557367325
0.5336804986000061, -0.059300437569618225
0.4728220999240875, -0.060483358800411224
0.356901615858078, -0.025851765647530556
0.28997603058815, -0.11079854518175125
0.2707943022251129, -0.14076857268810272
0.2402588427066803, -0.17389628291130066
0.17575538158416748, -0.185102641582489
0.11103180050849915, -0.15956377983093262
0.06647592782974243, -0.1549105942249298
0.013255476020276546, -0.1615995168685913
-0.03067011944949627, -0.16559413075447083
-0.06216989457607269, -0.17998868227005005
-0.1013587936758995, -0.30246859788894653
-0.07982833683490753, -0.3413773775100708
-0.01979999989271164, -0.3913619816303253
-0.022422073408961296, -0.43953317403793335
-0.01558173168450594, -0.5088056921958923
-0.058213066309690475, -0.5626630783081055
-0.08737511187791824, -0.5729773640632629
-0.17632445693016052, -0.589080810546875
-0.18783952295780182, -0.5070798993110657
-0.1935063898563385, -0.4107230007648468
-0.29051119089126587, -0.31109797954559326
-0.3327953815460205, -0.26991188526153564
-0.3398383557796478, -0.22142915427684784
-0.3424643278121948, -0.0863855630159378
-0.4135325849056244, 0.04372332617640495
-0.44426000118255615, 0.11261685192584991
-0.45378977060317993, 0.20240230858325958
-0.45378977060317993, 0.20240230858325958
-0.4259597063064575, 0.2477841079235077
-0.06216989457607269, -0.17998868227005005
-0.01979999989271164, -0.3913619816303253
-0.01558173168450594, -0.5088056921958923
-0.058213066309690475, -0.5626630783081055
-0.08737511187791824, -0.5729773640632629
-0.17632445693016052, -0.589080810546875
-0.3327953815460205, -0.26991188526153564
-0.44426000118255615, 0.11261685192584991
-0.4259597063064575, 0.2477841079235077
-0.4060989022254944, 0.28017061948776245
-0.1910533905029297, 0.29761719703674316
0.27722078561782837, 0.28375548124313354
0.4227901101112366, 0.2730206251144409
0.45230966806411743, 0.25422221422195435
0.48685669898986816, 0.22079333662986755
0.5183391571044922, 0.11062038689851761
0.5336804986000061, -0.059300437569618225
0.2402588427066803, -0.17389628291130066
0.17575538158416748, -0.185102641582489
-0.06216989457607269, -0.17998868227005005
