-0.0773790255188942, 0.08179977536201477
6.993018905632198E-4, 0.11414708197116852
0.06052223592996597, 0.14889313280582428
0.13341686129570007, 0.029889792203903198
0.17747311294078827, -0.00552231352776289
0.1301039457321167, -0.04395873099565506
-0.012792657129466534, -0.13403721153736115
-0.06774391233921051, -0.1383022665977478
-0.1020512580871582, -0.09532161056995392
-0.06324629485607147, 0.00505911186337471
-0.1020512580871582, -0.09532161056995392
-0.0773790255188942, 0.08179977536201477
0.06052223592996597, 0.14889313280582428
0.17747311294078827, -0.00552231352776289
0.1301039457321167, -0.04395873099565506
-0.012792657129466534, -0.13403721153736115
-0.06774391233921051, -0.1383022665977478
