-0.1204197034239769, 0.034344807267189026
-0.06890611350536346, 0.11490355432033539
0.03369484841823578, 0.0925268828868866
0.10889218002557755, 0.06036897003650665
0.1315266340970993, 0.03855244070291519
0.14339755475521088, 0.008086167275905609
0.10991686582565308, -0.05016234144568443
0.02513865754008293, -0.14090007543563843
-0.08067207783460617, -0.0826965942978859
-0.12808983027935028, -0.006710746791213751
-0.12808983027935028, -0.006710746791213751
-0.1204197034239769, 0.034344807267189026
-0.06890611350536346, 0.11490355432033539
0.03369484841823578, 0.0925268828868866
0.10889218002557755, 0.06036897003650665
0.1315266340970993, 0.03855244070291519
0.14339755475521088, 0.008086167275905609
0.10991686582565308, -0.05016234144568443
0.02513865754008293, -0.14090007543563843
-0.08067207783460617, -0.0826965942978859
