-0.3053687512874603, -0.23667599260807037
-0.28063976764678955, -0.17655913531780243
-0.21181423962116241, -0.13702130317687988
-0.13461852073669434, -0.11403687298297882
-0.03624793887138367, -0.014518339186906815
-0.010225409641861916, 0.060848675668239594
0.015904352068901062, 0.13119825720787048
0.034378133714199066, 0.17829439043998718
0.09051594883203506, 0.26602306962013245
0.23952214419841766, 0.2788689136505127
0.29160505533218384, 0.2787574529647827
0.3166176378726959, 0.18421369791030884
0.29687151312828064, 0.15172912180423737
0.19585947692394257, 0.16445845365524292
0.062000248581171036, 0.10393121838569641
0.015607556328177452, 0.047311268746852875
-0.010039637796580791, -0.048890575766563416
-0.010787107050418854, -0.18201011419296265
-0.0016016458394005895, -0.2265142798423767
-0.05125850811600685, -0.2146027684211731
-0.11240711808204651, -0.18147315084934235
-0.2421448975801468, -0.2250387817621231
-0.26870957016944885, -0.26388055086135864
-0.296879380941391, -0.2976036071777344
-0.3053687512874603, -0.23667599260807037
-0.28063976764678955, -0.17655913531780243
-0.04968878999352455, 0.09883683919906616
0.015607556328177452, 0.047311268746852875
-0.0016016458394005895, -0.2265142798423767
-0.296879380941391, -0.2976036071777344
-0.04968878999352455, 0.09883683919906616
0.09051594883203506, 0.26602306962013245
0.23952214419841766, 0.2788689136505127
0.29160505533218384, 0.2787574529647827
0.3166176378726959, 0.18421369791030884
0.29687151312828064, 0.15172912180423737
0.015607556328177452, 0.047311268746852875
