-0.05808781832456589, -0.015795862302184105
-0.02908954955637455, 0.0461653433740139
0.01927414909005165, 0.08244872838258743
0.07896477729082108, 0.08540849387645721
0.07768641412258148, 0.030214229598641396
0.04342861473560333, -0.05176491662859917
-0.08759342133998871, -0.09142512828111649
-0.11963164061307907, -0.0932542160153389
-0.11963164061307907, -0.0932542160153389
-0.02908954955637455, 0.0461653433740139
0.01927414909005165, 0.08244872838258743
0.07896477729082108, 0.08540849387645721
0.07768641412258148, 0.030214229598641396
0.04342861473560333, -0.05176491662859917
-0.08759342133998871, -0.09142512828111649
