0.04476528614759445, 0.11677287518978119
0.1132463589310646, 0.09304897487163544
0.15565736591815948, -0.022864768281579018
0.049360137432813644, -0.12606292963027954
0.008002207614481449, -0.15016363561153412
-0.032949645072221756, -0.13310527801513672
-0.045739516615867615, -0.06452900171279907
-0.07805337011814117, 0.040857844054698944
-0.11021527647972107, 0.1178552508354187
-0.11021527647972107, 0.1178552508354187
0.04476528614759445, 0.11677287518978119
0.1132463589310646, 0.09304897487163544
0.15565736591815948, -0.022864768281579018
0.049360137432813644, -0.12606292963027954
0.008002207614481449, -0.15016363561153412
-0.032949645072221756, -0.13310527801513672
