-0.11590792238712311, 0.04517781734466553
-0.07409597188234329, 0.05715619772672653
-0.03765176609158516, 0.05943342298269272
0.11326667666435242, 0.03748572990298271
0.1169452890753746, 0.001252763788215816
0.10884178429841995, -0.06919216364622116
0.07609257847070694, -0.06358317285776138
-0.030204765498638153, -0.04155933856964111
-0.12234331667423248, -0.01544933021068573
-0.14417050778865814, 0.006619806867092848
-0.14417050778865814, 0.006619806867092848
-0.11590792238712311, 0.04517781734466553
-0.07409597188234329, 0.05715619772672653
-0.03765176609158516, 0.05943342298269272
0.11326667666435242, 0.03748572990298271
0.1169452890753746, 0.001252763788215816
0.10884178429841995, -0.06919216364622116
0.07609257847070694, -0.06358317285776138
-0.030204765498638153, -0.04155933856964111
-0.12234331667423248, -0.01544933021068573
