-0.23622135818004608, -0.06102573871612549
-0.29782092571258545, 0.056749213486909866
-0.31906184554100037, 0.08369414508342743
-0.3330642879009247, 0.130845844745636
-0.21186992526054382, 0.1425573229789734
-0.17553719878196716, 0.2418913096189499
-0.21511511504650116, 0.29883310198783875
-0.14719918370246887, 0.2801124155521393
-0.057290218770504, 0.2578376829624176
0.049585677683353424, 0.19842243194580078
0.11252780258655548, 0.21301905810832977
0.2280750572681427, 0.13052117824554443
0.23719176650047302, 0.06350532919168472
0.1934988647699356, -0.06111064553260803
0.18673360347747803, -0.0988156646490097
0.1626703143119812, -0.21745507419109344
0.16499295830726624, -0.2764630615711212
0.1502266377210617, -0.30418580770492554
0.11319854110479355, -0.31916797161102295
0.08220284432172775, -0.3236701190471649
0.02942786179482937, -0.25840920209884644
0.008163543418049812, -0.24710936844348907
-0.1323593705892563, -0.2742317318916321
-0.1169251799583435, -0.1744338870048523
-0.16963578760623932, -0.09731152653694153
-0.3330642879009247, 0.130845844745636
-0.21511511504650116, 0.29883310198783875
-0.057290218770504, 0.2578376829624176
0.11252780258655548, 0.21301905810832977
0.2280750572681427, 0.13052117824554443
0.23719176650047302, 0.06350532919168472
0.16499295830726624, -0.2764630615711212
0.1502266377210617, -0.30418580770492554
0.11319854110479355, -0.31916797161102295
0.08220284432172775, -0.3236701190471649
-0.1323593705892563, -0.2742317318916321
-0.31906184554100037, 0.08369414508342743
