-0.250110000371933, 0.08308830857276917
-0.10262876003980637, 0.10136649012565613
0.03757253289222717, 0.11502774059772491
0.07092635333538055, 0.11112005263566971
0.0828399732708931, 0.03526070713996887
0.09818623214960098, -0.10589352995157242
0.0419967956840992, -0.09442909806966782
-0.06661464273929596, -0.06041336432099342
-0.18051029741764069, -0.018629806116223335
-0.27496182918548584, 0.05826699733734131
-0.27496182918548584, 0.05826699733734131
-0.250110000371933, 0.08308830857276917
-0.10262876003980637, 0.10136649012565613
0.03757253289222717, 0.11502774059772491
0.07092635333538055, 0.11112005263566971
0.0828399732708931, 0.03526070713996887
0.09818623214960098, -0.10589352995157242
0.0419967956840992, -0.09442909806966782
-0.06661464273929596, -0.06041336432099342
-0.18051029741764069, -0.018629806116223335
