0.011836632154881954, 0.060248490422964096
0.05898529663681984, 0.06459294259548187
0.06409720331430435, -5.00690599437803E-4
0.01182046253234148, -0.05518088489770889
-0.034093160182237625, -0.09367979317903519
-0.08208608627319336, -0.0566679947078228
-0.10411857068538666, -0.013809535652399063
-0.10411857068538666, -0.013809535652399063
0.011836632154881954, 0.060248490422964096
0.05898529663681984, 0.06459294259548187
0.06409720331430435, -5.00690599437803E-4
0.01182046253234148, -0.05518088489770889
-0.034093160182237625, -0.09367979317903519
-0.08208608627319336, -0.0566679947078228
