-0.10989825427532196, -0.09236893057823181
-0.08813938498497009, -0.001023482414893806
-0.015286032110452652, 0.05644689500331879
0.04067835211753845, 0.10457202792167664
0.07193493098020554, 0.17867939174175262
0.08825426548719406, 0.07222235947847366
0.07939010858535767, 0.004355174023658037
0.0683431476354599, -0.023943863809108734
0.03903431445360184, -0.059565406292676926
-0.06421438604593277, -0.11734309047460556
-0.10989825427532196, -0.09236893057823181
-0.08813938498497009, -0.001023482414893806
0.07193493098020554, 0.17867939174175262
0.08825426548719406, 0.07222235947847366
0.07939010858535767, 0.004355174023658037
0.0683431476354599, -0.023943863809108734
0.03903431445360184, -0.059565406292676926
-0.06421438604593277, -0.11734309047460556
