-0.06879442930221558, -0.013410879299044609
-0.06236517056822777, 0.016661064699292183
-0.024458572268486023, 0.06017700210213661
0.006147603038698435, 0.08665283769369125
0.09833322465419769, 0.09769322723150253
0.06093765050172806, -0.030997971072793007
0.03706195205450058, -0.07562689483165741
-0.008852978236973286, -0.07052522152662277
-0.06879442930221558, -0.013410879299044609
-0.06236517056822777, 0.016661064699292183
-0.024458572268486023, 0.06017700210213661
0.006147603038698435, 0.08665283769369125
0.09833322465419769, 0.09769322723150253
0.06093765050172806, -0.030997971072793007
0.03706195205450058, -0.07562689483165741
-0.008852978236973286, -0.07052522152662277
