-0.015058580785989761, 0.04783026874065399
0.05004036799073219, 0.09595291316509247
0.1060744971036911, 0.06630204617977142
0.08969729393720627, -0.007670884486287832
0.05923936143517494, -0.034859269857406616
0.004428171552717686, -0.06987939774990082
-0.05844554305076599, -0.09068864583969116
-0.12809130549430847, 0.0157671757042408
-0.12809130549430847, 0.0157671757042408
0.05004036799073219, 0.09595291316509247
0.1060744971036911, 0.06630204617977142
0.08969729393720627, -0.007670884486287832
0.05923936143517494, -0.034859269857406616
0.004428171552717686, -0.06987939774990082
-0.05844554305076599, -0.09068864583969116
