0.02578883059322834, 0.094906285405159
0.032966360449790955, -0.008232775144279003
0.05184432491660118, -0.033885810524225235
0.03982091695070267, -0.09105470776557922
0.011944396421313286, -0.13111814856529236
-0.056362006813287735, -0.14374427497386932
-0.09599801152944565, -0.0828666239976883
-0.09008874744176865, -0.04527289420366287
-0.02417232282459736, 0.0506446473300457
-0.09599801152944565, -0.0828666239976883
-0.09008874744176865, -0.04527289420366287
-0.02417232282459736, 0.0506446473300457
0.02578883059322834, 0.094906285405159
0.05184432491660118, -0.033885810524225235
0.03982091695070267, -0.09105470776557922
0.011944396421313286, -0.13111814856529236
-0.056362006813287735, -0.14374427497386932
