-0.06512349843978882, 0.13862961530685425
-0.008078133687376976, 0.05602861940860748
0.05504285544157028, 0.008844572119414806
0.09555546194314957, -0.023669710382819176
0.10415028780698776, -0.08217939734458923
0.06296602636575699, -0.10602755844593048
0.020052585750818253, -0.10436888039112091
-0.013820488005876541, -0.07523621618747711
-0.05898074060678482, -0.024065935984253883
-0.08868322521448135, 0.03459767997264862
-0.10030978173017502, 0.132204070687294
-0.10030978173017502, 0.132204070687294
-0.06512349843978882, 0.13862961530685425
0.09555546194314957, -0.023669710382819176
0.10415028780698776, -0.08217939734458923
0.06296602636575699, -0.10602755844593048
0.020052585750818253, -0.10436888039112091
-0.013820488005876541, -0.07523621618747711
-0.05898074060678482, -0.024065935984253883
-0.08868322521448135, 0.03459767997264862
