-0.048024725168943405, 0.02986450120806694
0.0332900807261467, 0.1119784414768219
0.07099893689155579, 0.0675365999341011
0.07016411423683167, 0.023267187178134918
0.03158017247915268, -0.06681367754936218
-0.002040060004219413, -0.13150306046009064
-0.020205456763505936, -0.15575803816318512
-0.09514225274324417, -0.05069248005747795
-0.09514225274324417, -0.05069248005747795
-0.048024725168943405, 0.02986450120806694
0.0332900807261467, 0.1119784414768219
0.07099893689155579, 0.0675365999341011
0.07016411423683167, 0.023267187178134918
0.03158017247915268, -0.06681367754936218
-0.002040060004219413, -0.13150306046009064
-0.020205456763505936, -0.15575803816318512
