-0.026191506534814835, 0.3778693377971649
-0.010384531691670418, 0.4220241606235504
0.04047395661473274, 0.43130263686180115
0.07486189156770706, 0.41030633449554443
0.07623273134231567, 0.3276856541633606
0.0974973738193512, 0.2204475998878479
0.05572538822889328, 0.13342490792274475
0.055458348244428635, 0.06845851987600327
0.03582707792520523, -0.027338506653904915
0.046087559312582016, -0.15206097066402435
0.037558212876319885, -0.25579148530960083
0.04828720912337303, -0.32142090797424316
0.14243534207344055, -0.4232120215892792
0.1107516661286354, -0.4330683946609497
0.02810983546078205, -0.3871506154537201
-0.06630345433950424, -0.32657894492149353
-0.07721740752458572, -0.2864002585411072
-0.09704267233610153, -0.1626201868057251
-0.09413648396730423, -0.08898613601922989
-0.0891549289226532, -0.03294201195240021
-0.07115708291530609, 0.062158286571502686
-0.06247978284955025, 0.13993112742900848
-0.039115313440561295, 0.28501802682876587
-0.09704267233610153, -0.1626201868057251
-0.09413648396730423, -0.08898613601922989
-0.0891549289226532, -0.03294201195240021
-0.026191506534814835, 0.3778693377971649
-0.010384531691670418, 0.4220241606235504
0.04047395661473274, 0.43130263686180115
0.07486189156770706, 0.41030633449554443
0.0974973738193512, 0.2204475998878479
0.14243534207344055, -0.4232120215892792
0.1107516661286354, -0.4330683946609497
0.02810983546078205, -0.3871506154537201
-0.06630345433950424, -0.32657894492149353
-0.07721740752458572, -0.2864002585411072
