0.01120066735893488, 0.061416298151016235
0.04863215237855911, 0.05252613127231598
0.06815537810325623, -0.050042975693941116
0.008244017139077187, -0.051123328506946564
-0.08214320987462997, -0.012987886555492878
-0.09920500218868256, 0.019361188635230064
-0.09920500218868256, 0.019361188635230064
0.01120066735893488, 0.061416298151016235
0.04863215237855911, 0.05252613127231598
0.06815537810325623, -0.050042975693941116
0.008244017139077187, -0.051123328506946564
-0.08214320987462997, -0.012987886555492878
