0.027066083624958992, 0.05192498490214348
0.13606826961040497, 0.06533727794885635
0.16389016807079315, 0.0492732934653759
0.19711674749851227, 0.010984678752720356
0.18348810076713562, -0.04098945111036301
0.1290658712387085, -0.05905843526124954
0.038332268595695496, -0.06531447172164917
-0.10319066047668457, -0.06958772987127304
-0.2011423259973526, 0.05474499985575676
-0.2011423259973526, 0.05474499985575676
0.13606826961040497, 0.06533727794885635
0.16389016807079315, 0.0492732934653759
0.19711674749851227, 0.010984678752720356
0.18348810076713562, -0.04098945111036301
0.1290658712387085, -0.05905843526124954
0.038332268595695496, -0.06531447172164917
-0.10319066047668457, -0.06958772987127304
