-0.778286874294281, 0.2970521152019501
-0.6622876524925232, 0.3880658745765686
-0.592944860458374, 0.43213602900505066
-0.524934709072113, 0.5083765387535095
-0.49125927686691284, 0.5263867378234863
-0.3764820694923401, 0.4742773473262787
-0.332773357629776, 0.42744797468185425
-0.3257066309452057, 0.39685672521591187
-0.28621017932891846, 0.26949751377105713
-0.23838354647159576, 0.27053749561309814
-0.15251098573207855, 0.3152194023132324
-0.13344605267047882, 0.34719184041023254
-0.060999684035778046, 0.38158807158470154
0.051699522882699966, 0.4783053994178772
0.10268885642290115, 0.5104922652244568
0.20421862602233887, 0.5081917643547058
0.24680037796497345, 0.64107745885849
0.3430010676383972, 0.7472947835922241
0.4259544909000397, 0.8016618490219116
0.5118237137794495, 0.7068028450012207
0.5728904604911804, 0.6890522241592407
0.7097362875938416, 0.7236446738243103
0.7763649821281433, 0.7405118346214294
0.8264844417572021, 0.7581560611724854
0.9403407573699951, 0.7342650294303894
0.8778502941131592, 0.6350799798965454
0.8224290013313293, 0.5339574217796326
0.8264431953430176, 0.40120431780815125
0.8708862662315369, 0.27527663111686707
0.9329506754875183, 0.19264166057109833
1.0224213600158691, 0.12083163112401962
0.9990701675415039, 0.09204816073179245
0.9787036776542664, 0.05511237308382988
1.0376240015029907, -0.07195010781288147
0.9713209271430969, -0.07418779283761978
0.8297905921936035, -0.06836331635713577
0.6930311322212219, -0.05610685795545578
0.5887155532836914, -0.03485832363367081
0.5526623725891113, -0.03739757090806961
0.5088554620742798, -0.02365395613014698
0.36585351824760437, -0.06307452917098999
0.2827582061290741, -0.051583193242549896
0.2007322758436203, -0.04596066474914551
0.15399780869483948, -0.024998482316732407
0.1407003253698349, 0.0104379802942276
0.14010123908519745, 0.054380863904953
0.20319977402687073, 0.05488694831728935
0.2696816325187683, 0.06256139278411865
0.30822184681892395, 0.07045335322618484
0.361976683139801, 0.09012749046087265
0.4674021005630493, 0.18683020770549774
0.4940451979637146, 0.2317434549331665
0.5450732111930847, 0.33339834213256836
0.5161166787147522, 0.39309564232826233
0.39191722869873047, 0.4424680173397064
0.3379511833190918, 0.4349808990955353
0.30344539880752563, 0.4328363239765167
0.22091910243034363, 0.41176313161849976
0.1970570981502533, 0.28317344188690186
0.1175156757235527, 0.2527005672454834
0.05346324294805527, 0.20850250124931335
0.016939252614974976, 0.18915030360221863
-0.031054839491844177, 0.14854556322097778
-0.028347613289952278, 0.036395587027072906
-0.06771211326122284, -0.08088640868663788
-0.12102751433849335, -0.21420079469680786
-0.10673795640468597, -0.3560880720615387
-0.07015170902013779, -0.48510873317718506
0.012966752983629704, -0.5461618304252625
0.10368368029594421, -0.5587403774261475
0.19870445132255554, -0.5396011471748352
0.23395173251628876, -0.6236766576766968
0.16475482285022736, -0.6922385692596436
0.10584115982055664, -0.7218409776687622
-0.023987766355276108, -0.7685554027557373
-0.14685046672821045, -0.8292431831359863
-0.18558502197265625, -0.8586342930793762
-0.22917540371418, -0.8677991628646851
-0.28966444730758667, -0.8917275667190552
-0.35341936349868774, -0.9708214998245239
-0.3616739511489868, -0.9960823059082031
-0.3783615827560425, -1.0861032009124756
-0.31496885418891907, -1.1714019775390625
-0.2887243628501892, -1.1942015886306763
-0.29303351044654846, -1.2455917596817017
-0.3812282383441925, -1.310341238975525
-0.448937326669693, -1.3630951642990112
-0.5122647285461426, -1.399455189704895
-0.4788241386413574, -1.319525122642517
-0.47692957520484924, -1.184777021408081
-0.4765877425670624, -1.126319169998169
-0.46772173047065735, -1.0529685020446777
-0.4508402943611145, -0.9692025184631348
-0.4284307360649109, -0.9206312894821167
-0.41474488377571106, -0.8865945339202881
-0.3879629075527191, -0.7540894746780396
-0.3817023038864136, -0.657599925994873
-0.39207157492637634, -0.5822638869285583
-0.4345349371433258, -0.5152136087417603
-0.505023717880249, -0.4773164391517639
-0.5460036993026733, -0.445047527551651
-0.5758205652236938, -0.42476823925971985
-0.5929011702537537, -0.3848416209220886
-0.6366516351699829, -0.2924715280532837
-0.5938955545425415, -0.24356262385845184
-0.6093307137489319, -0.14956700801849365
-0.7271347641944885, -0.13021515309810638
-0.7622665762901306, -0.13067112863063812
-0.7580029964447021, 0.012993913143873215
-0.8080111145973206, 0.14244966208934784
-0.8552801012992859, 0.16913482546806335
-0.8832305073738098, 0.18297500908374786
-0.8871832489967346, 0.21730346977710724
0.14010123908519745, 0.054380863904953
0.5313368439674377, 0.36171755194664
0.8264431953430176, 0.40120431780815125
1.0224213600158691, 0.12083163112401962
1.0376240015029907, -0.07195010781288147
0.9713209271430969, -0.07418779283761978
0.36585351824760437, -0.06307452917098999
0.2007322758436203, -0.04596066474914551
0.15399780869483948, -0.024998482316732407
0.1407003253698349, 0.0104379802942276
-0.23838354647159576, 0.27053749561309814
0.12440480291843414, 0.5680376291275024
0.22091910243034363, 0.41176313161849976
0.1970570981502533, 0.28317344188690186
-0.10496070981025696, -0.1740259826183319
0.12440480291843414, 0.5680376291275024
0.3430010676383972, 0.7472947835922241
0.4259544909000397, 0.8016618490219116
0.8264844417572021, 0.7581560611724854
0.9403407573699951, 0.7342650294303894
0.8264431953430176, 0.40120431780815125
0.5313368439674377, 0.36171755194664
0.22091910243034363, 0.41176313161849976
-0.5122647285461426, -1.399455189704895
-0.46772173047065735, -1.0529685020446777
-0.4508402943611145, -0.9692025184631348
-0.3973408043384552, -0.8004870414733887
-0.28966444730758667, -0.8917275667190552
-0.2887243628501892, -1.1942015886306763
-0.29303351044654846, -1.2455917596817017
-0.448937326669693, -1.3630951642990112
-0.3973408043384552, -0.8004870414733887
-0.3822663724422455, -0.6535016298294067
-0.07015170902013779, -0.48510873317718506
0.19870445132255554, -0.5396011471748352
0.23395173251628876, -0.6236766576766968
0.16475482285022736, -0.6922385692596436
0.10584115982055664, -0.7218409776687622
-0.18558502197265625, -0.8586342930793762
-0.28966444730758667, -0.8917275667190552
-0.8871832489967346, 0.21730346977710724
-0.524934709072113, 0.5083765387535095
-0.49125927686691284, 0.5263867378234863
-0.3764820694923401, 0.4742773473262787
-0.332773357629776, 0.42744797468185425
-0.23838354647159576, 0.27053749561309814
-0.10496070981025696, -0.1740259826183319
-0.07015170902013779, -0.48510873317718506
-0.3822663724422455, -0.6535016298294067
-0.5758205652236938, -0.42476823925971985
-0.7622665762901306, -0.13067112863063812
-0.8832305073738098, 0.18297500908374786
