-0.14269596338272095, 0.037893570959568024
-0.11048869788646698, 0.040542084723711014
0.028896471485495567, 0.09157215058803558
0.10290734469890594, 0.12131422013044357
0.13887642323970795, 0.11850152909755707
0.13036668300628662, 0.07524970173835754
0.09991475194692612, 0.01725861430168152
0.04688943549990654, -0.10044799745082855
-0.011432536877691746, -0.1392442137002945
-0.12513838708400726, -0.028907695785164833
-0.14269596338272095, 0.037893570959568024
0.10290734469890594, 0.12131422013044357
0.13887642323970795, 0.11850152909755707
0.13036668300628662, 0.07524970173835754
0.04688943549990654, -0.10044799745082855
-0.011432536877691746, -0.1392442137002945
-0.12513838708400726, -0.028907695785164833
