-0.20062734186649323, 0.16531646251678467
-0.13981100916862488, 0.23228804767131805
-0.07238069921731949, 0.3022686541080475
0.029514305293560028, 0.19856606423854828
0.06022224575281143, 0.1742028295993805
0.10966400802135468, 0.14261765778064728
0.20058028399944305, 0.025275301188230515
0.22122304141521454, -0.019099317491054535
0.21723179519176483, -0.05175285413861275
0.20586572587490082, -0.09188681095838547
0.15409252047538757, -0.2303238809108734
0.12605299055576324, -0.2878905236721039
0.0930289626121521, -0.34184131026268005
0.062452469021081924, -0.3707563877105713
0.057619333267211914, -0.30615004897117615
-0.02182287536561489, -0.18908219039440155
-0.06909031420946121, -0.16936111450195312
-0.1400047242641449, -0.11384378373622894
-0.1756325513124466, -0.046873290091753006
-0.19557756185531616, 0.010978723876178265
-0.22876198589801788, 0.1028117835521698
-0.22876198589801788, 0.1028117835521698
-0.20062734186649323, 0.16531646251678467
-0.13981100916862488, 0.23228804767131805
-0.07238069921731949, 0.3022686541080475
0.10966400802135468, 0.14261765778064728
0.20058028399944305, 0.025275301188230515
0.22122304141521454, -0.019099317491054535
0.21723179519176483, -0.05175285413861275
0.20586572587490082, -0.09188681095838547
0.15409252047538757, -0.2303238809108734
0.12605299055576324, -0.2878905236721039
0.0930289626121521, -0.34184131026268005
0.062452469021081924, -0.3707563877105713
-0.1400047242641449, -0.11384378373622894
-0.1756325513124466, -0.046873290091753006
