-0.12506966292858124, -0.005004819482564926
-0.06252799183130264, 0.0388970784842968
0.04510026425123215, 0.09031806886196136
0.09489428251981735, 0.10739494860172272
0.15334255993366241, 0.08084501326084137
0.1483268439769745, 0.0357951894402504
0.08309826999902725, -0.0089504923671484
-0.032652609050273895, -0.07856829464435577
-0.14108824729919434, -0.12335005402565002
-0.18353162705898285, -0.048959191888570786
-0.18353162705898285, -0.048959191888570786
-0.12506966292858124, -0.005004819482564926
-0.06252799183130264, 0.0388970784842968
0.04510026425123215, 0.09031806886196136
0.09489428251981735, 0.10739494860172272
0.15334255993366241, 0.08084501326084137
0.1483268439769745, 0.0357951894402504
0.08309826999902725, -0.0089504923671484
-0.032652609050273895, -0.07856829464435577
-0.14108824729919434, -0.12335005402565002
