-0.12588360905647278, -0.26158297061920166
-0.04755055904388428, -0.21923759579658508
-0.036021288484334946, -0.20969125628471375
0.007714566309005022, -0.11210349947214127
-0.011844700202345848, -0.05933474004268646
-0.01946992054581642, -0.02355189248919487
-0.029320303350687027, 0.015635641291737556
-0.04009450227022171, 0.053557708859443665
-0.051508769392967224, 0.08229677379131317
-0.0610082633793354, 0.11272777616977692
-0.0707932785153389, 0.1470787525177002
-0.026322854682803154, 0.15235278010368347
0.034201424568891525, 0.15502291917800903
0.0938362181186676, 0.13609370589256287
0.054252855479717255, 0.06379344314336777
0.031239431351423264, -0.014899887144565582
0.05261531472206116, -0.11019551753997803
0.04012037068605423, -0.1806333214044571
-0.031533267349004745, -0.25858286023139954
-0.10473094880580902, -0.30406102538108826
-0.12588360905647278, -0.26158297061920166
-0.0707932785153389, 0.1470787525177002
-0.026322854682803154, 0.15235278010368347
0.034201424568891525, 0.15502291917800903
0.0938362181186676, 0.13609370589256287
0.05261531472206116, -0.11019551753997803
0.04012037068605423, -0.1806333214044571
-0.031533267349004745, -0.25858286023139954
-0.10473094880580902, -0.30406102538108826
