-0.1283133625984192, -3.751208132598549E-4
-0.07502071559429169, 0.015406685881316662
0.0108689209446311, 0.02654278464615345
0.09107581526041031, 0.09659738093614578
0.1536518633365631, 0.0787394568324089
0.17429044842720032, 0.02292773872613907
0.14956945180892944, -5.865324055776E-4
0.09182208776473999, -0.01434203702956438
-0.025122197344899178, -0.06319616734981537
-0.1389552652835846, -0.06871302425861359
-0.1644221395254135, -0.051147401332855225
-0.1882481724023819, -0.020667901262640953
-0.1882481724023819, -0.020667901262640953
0.09107581526041031, 0.09659738093614578
0.1536518633365631, 0.0787394568324089
0.17429044842720032, 0.02292773872613907
0.14956945180892944, -5.865324055776E-4
-0.025122197344899178, -0.06319616734981537
-0.1389552652835846, -0.06871302425861359
-0.1644221395254135, -0.051147401332855225
