-0.11518833041191101, 0.01874411292374134
-0.087835393846035, 0.07751335203647614
-0.006949661765247583, 0.14492036402225494
0.06527440994977951, 0.0735328197479248
0.2019404023885727, 0.03256406635046005
0.19404809176921844, -0.09772869199514389
0.17523065209388733, -0.056321099400520325
0.059685058891773224, -0.0058189332485198975
-0.0515030100941658, -0.07225491851568222
-0.10197065025568008, -0.1249837800860405
-0.13252711296081543, -0.1292719841003418
-0.13252711296081543, -0.1292719841003418
-0.11518833041191101, 0.01874411292374134
-0.087835393846035, 0.07751335203647614
-0.006949661765247583, 0.14492036402225494
0.2019404023885727, 0.03256406635046005
0.19404809176921844, -0.09772869199514389
