-0.12207137793302536, -0.04174170270562172
-0.1027500107884407, 0.022504884749650955
-0.08383440971374512, 0.06228741630911827
-0.04531285911798477, 0.0938982293009758
-0.02079525776207447, 0.0553414486348629
0.12096481770277023, 0.051316406577825546
0.16433382034301758, 0.0234663262963295
0.09366215020418167, -0.022055964916944504
0.0179604459553957, -0.05018345266580582
-0.08559145033359528, -0.10635433346033096
-0.12207137793302536, -0.04174170270562172
-0.1027500107884407, 0.022504884749650955
-0.08383440971374512, 0.06228741630911827
-0.04531285911798477, 0.0938982293009758
0.12096481770277023, 0.051316406577825546
0.16433382034301758, 0.0234663262963295
0.09366215020418167, -0.022055964916944504
-0.08559145033359528, -0.10635433346033096
