-0.13018234074115753, 0.22780868411064148
-0.1228676363825798, 0.25749456882476807
-0.09038995206356049, 0.3063937723636627
-0.0683789849281311, 0.2674647569656372
-0.0069279177114367485, 0.14200085401535034
0.08784087747335434, 0.09829117357730865
0.09681139886379242, 0.02108590491116047
0.16510199010372162, -0.10541950911283493
0.1304115504026413, -0.20870600640773773
0.10698360949754715, -0.2562504708766937
0.04750877618789673, -0.19751594960689545
-0.013527799397706985, -0.1501457691192627
-0.11304507404565811, -0.13243468105793
-0.09690824151039124, -0.10108406096696854
-0.12928402423858643, 0.0281329657882452
-0.13494561612606049, 0.09210273623466492
-0.1393299549818039, 0.18680478632450104
-0.1393299549818039, 0.18680478632450104
-0.13018234074115753, 0.22780868411064148
-0.1228676363825798, 0.25749456882476807
-0.09038995206356049, 0.3063937723636627
0.08784087747335434, 0.09829117357730865
0.16510199010372162, -0.10541950911283493
0.1304115504026413, -0.20870600640773773
0.10698360949754715, -0.2562504708766937
-0.11304507404565811, -0.13243468105793
-0.12928402423858643, 0.0281329657882452
-0.13494561612606049, 0.09210273623466492
