-0.08431768417358398, 1.510959506034851
-0.15356703102588654, 1.578266978263855
-0.14209222793579102, 1.7095003128051758
-0.18451198935508728, 1.7756083011627197
-0.13920685648918152, 1.792501449584961
-0.02108355425298214, 1.8313488960266113
0.004973844159394503, 1.9368528127670288
0.08349774032831192, 2.0080041885375977
0.1426302194595337, 2.0097105503082275
0.2883196771144867, 1.9932503700256348
0.3238205313682556, 1.9674030542373657
0.280671626329422, 1.9160948991775513
0.21359965205192566, 1.923334002494812
0.1119077131152153, 1.8694734573364258
0.08978375792503357, 1.8477429151535034
0.0608452744781971, 1.8009819984436035
0.07028134167194366, 1.6882826089859009
0.06424740701913834, 1.6443684101104736
0.049428168684244156, 1.560925841331482
0.02512112259864807, 1.5257863998413086
0.0023452911991626024, 1.4912670850753784
-0.18451198935508728, 1.7756083011627197
0.08349774032831192, 2.0080041885375977
0.1426302194595337, 2.0097105503082275
0.2883196771144867, 1.9932503700256348
0.3238205313682556, 1.9674030542373657
0.049428168684244156, 1.560925841331482
0.0023452911991626024, 1.4912670850753784
-0.08431768417358398, 1.510959506034851
-0.15356703102588654, 1.578266978263855
