-0.022330624982714653, 0.12765350937843323
-0.02562861517071724, 0.1688244342803955
0.04815281927585602, 0.0988684594631195
0.0475350096821785, 0.01803101785480976
0.05238155275583267, -0.14032338559627533
0.022100500762462616, -0.14537711441516876
-0.0557527057826519, -0.08727521449327469
-0.06723757833242416, -0.013547511771321297
-0.06723757833242416, -0.013547511771321297
-0.02562861517071724, 0.1688244342803955
0.04815281927585602, 0.0988684594631195
0.05238155275583267, -0.14032338559627533
0.022100500762462616, -0.14537711441516876
-0.0557527057826519, -0.08727521449327469
