-0.28509777784347534, 0.1381610631942749
-0.2656986117362976, 0.19925859570503235
-0.20148469507694244, 0.3162882924079895
-0.17824362218379974, 0.35200032591819763
-0.1280009001493454, 0.38151925802230835
-0.08574184030294418, 0.35036584734916687
0.04240063205361366, 0.2942664325237274
0.07738462835550308, 0.27988681197166443
0.1463407427072525, 0.2117096483707428
0.20999351143836975, 0.14235404133796692
0.20381443202495575, 0.05154445022344589
0.2424529492855072, -0.015512760728597641
0.23366330564022064, -0.09097479283809662
0.29902201890945435, -0.2248864471912384
0.3453705608844757, -0.243001788854599
0.3124692738056183, -0.351396769285202
0.2695227265357971, -0.3920036554336548
0.18092884123325348, -0.35518816113471985
0.08658363670110703, -0.2789461314678192
-0.05265200883150101, -0.2861626148223877
-0.1214136928319931, -0.2514135539531708
-0.2367192506790161, -0.18077674508094788
-0.2283424288034439, -0.10527640581130981
-0.27396145462989807, -0.008617112413048744
-0.29105523228645325, 0.08182322233915329
-0.29105523228645325, 0.08182322233915329
-0.28509777784347534, 0.1381610631942749
-0.2656986117362976, 0.19925859570503235
-0.20148469507694244, 0.3162882924079895
-0.17824362218379974, 0.35200032591819763
-0.1280009001493454, 0.38151925802230835
0.07738462835550308, 0.27988681197166443
0.1463407427072525, 0.2117096483707428
0.20999351143836975, 0.14235404133796692
0.3453705608844757, -0.243001788854599
0.3124692738056183, -0.351396769285202
0.2695227265357971, -0.3920036554336548
-0.05265200883150101, -0.2861626148223877
-0.1214136928319931, -0.2514135539531708
-0.2367192506790161, -0.18077674508094788
-0.27396145462989807, -0.008617112413048744
