-0.819796085357666, 0.6001971364021301
-0.8143329620361328, 0.6313526630401611
-0.7582421898841858, 0.6926530003547668
-0.7263199687004089, 0.7072355151176453
-0.6579098701477051, 0.7051785588264465
-0.5158026814460754, 0.703725278377533
-0.4413953423500061, 0.6982049345970154
-0.3363666534423828, 0.6840117573738098
-0.2523740530014038, 0.6958132982254028
-0.1222093477845192, 0.6920926570892334
0.002896542428061366, 0.6774954795837402
0.042527779936790466, 0.6438726186752319
0.15406452119350433, 0.683923602104187
0.21304482221603394, 0.6873437762260437
0.3139718472957611, 0.6914166212081909
0.394423246383667, 0.6839956045150757
0.43068763613700867, 0.6408270597457886
0.46076324582099915, 0.5870856642723083
0.47346800565719604, 0.5570424795150757
0.530767023563385, 0.45380520820617676
0.575314462184906, 0.3738767206668854
0.6134575605392456, 0.23681336641311646
0.6931891441345215, 0.15981164574623108
0.7938016653060913, 0.12749935686588287
0.7981106042861938, -0.048937004059553146
0.8355221152305603, -0.11388935893774033
0.9121580123901367, -0.20863987505435944
0.9688934087753296, -0.25365903973579407
1.0536386966705322, -0.36725151538848877
0.9601729512214661, -0.4109936058521271
0.8809592127799988, -0.4487309157848358
0.8189971446990967, -0.5414856672286987
0.7398276925086975, -0.5835773944854736
0.6660412549972534, -0.6923277974128723
0.5784410238265991, -0.7019311189651489
0.5240664482116699, -0.6691046953201294
0.5016748905181885, -0.637629508972168
0.39140525460243225, -0.5792309641838074
0.2761605679988861, -0.5469918251037598
0.20208662748336792, -0.5396097302436829
0.11375711113214493, -0.5451972484588623
0.06433344632387161, -0.539951503276825
0.05096052959561348, -0.4818856120109558
0.046484868973493576, -0.4627058207988739
-0.04731987789273262, -0.37929514050483704
-0.1295926719903946, -0.401138573884964
-0.1747094839811325, -0.4324116110801697
-0.2105383276939392, -0.4776622951030731
-0.2294025719165802, -0.5075330138206482
-0.3638811707496643, -0.5362265706062317
-0.3996767997741699, -0.5371700525283813
-0.4360634386539459, -0.5134773254394531
-0.6721887588500977, -0.367628276348114
-0.7169334888458252, -0.3526337146759033
-0.7702915072441101, -0.34530285000801086
-0.8027442097663879, -0.3450404405593872
-0.8565163016319275, -0.29375770688056946
-0.8804812431335449, -0.24643293023109436
-0.8961478471755981, -0.1273839771747589
-0.8587909936904907, -0.011335975490510464
-0.8701775670051575, 0.1141391471028328
-0.8628676533699036, 0.2509579360485077
-0.8478124141693115, 0.3445039689540863
-0.8417867422103882, 0.43101778626441956
-0.8238075971603394, 0.5577176213264465
-0.8961478471755981, -0.1273839771747589
-0.8628676533699036, 0.2509579360485077
-0.8417867422103882, 0.43101778626441956
-0.819796085357666, 0.6001971364021301
-0.8143329620361328, 0.6313526630401611
-0.7582421898841858, 0.6926530003547668
-0.7263199687004089, 0.7072355151176453
0.1335005760192871, 0.6941608786582947
-0.04731987789273262, -0.37929514050483704
-0.2294025719165802, -0.5075330138206482
-0.3638811707496643, -0.5362265706062317
-0.3996767997741699, -0.5371700525283813
-0.8027442097663879, -0.3450404405593872
-0.8565163016319275, -0.29375770688056946
-0.8804812431335449, -0.24643293023109436
-0.04731987789273262, -0.37929514050483704
0.1335005760192871, 0.6941608786582947
0.3139718472957611, 0.6914166212081909
0.394423246383667, 0.6839956045150757
0.43068763613700867, 0.6408270597457886
0.7938016653060913, 0.12749935686588287
1.0536386966705322, -0.36725151538848877
0.6660412549972534, -0.6923277974128723
0.5784410238265991, -0.7019311189651489
0.06433344632387161, -0.539951503276825
