-0.2838740646839142, 0.00809840951114893
-0.25223004817962646, 0.04382922872900963
-0.08536309748888016, 0.05002761259675026
0.018726771697402, 0.04037299379706383
0.11748389154672623, 0.02392406202852726
0.16054214537143707, 0.012868426740169525
0.28111594915390015, 0.03392232209444046
0.3769562542438507, 0.0044596316292881966
0.25613895058631897, -0.022749073803424835
0.19036848843097687, -0.0391506627202034
0.07769692689180374, -0.049480922520160675
0.010253041982650757, -0.05396563932299614
-0.04012611508369446, -0.055442407727241516
-0.15699106454849243, -0.02770143561065197
-0.2838740646839142, 0.00809840951114893
-0.25223004817962646, 0.04382922872900963
-0.08536309748888016, 0.05002761259675026
0.28111594915390015, 0.03392232209444046
0.3769562542438507, 0.0044596316292881966
0.19036848843097687, -0.0391506627202034
0.07769692689180374, -0.049480922520160675
0.010253041982650757, -0.05396563932299614
-0.04012611508369446, -0.055442407727241516
-0.15699106454849243, -0.02770143561065197
