-0.37170425057411194, 0.1511353999376297
-0.33643633127212524, 0.29191309213638306
-0.28619199991226196, 0.3027377426624298
-0.2303348034620285, 0.22580750286579132
-0.15010316669940948, 0.18230046331882477
-0.0508609414100647, 0.13716988265514374
0.018376369029283524, 0.1940273940563202
0.029840925708413124, 0.2399487942457199
0.05431786924600601, 0.29759690165519714
0.08563967049121857, 0.3484784662723541
0.1296798437833786, 0.4254569709300995
0.1750173717737198, 0.4612930119037628
0.17664054036140442, 0.41949188709259033
0.3047352135181427, 0.3750177323818207
0.39772260189056396, 0.36597904562950134
0.3907686471939087, 0.2910735011100769
0.3680638074874878, 0.2256172001361847
0.35142388939857483, 0.15027157962322235
0.47313234210014343, 0.10325286537408829
0.45491862297058105, 0.06253809481859207
0.4280622601509094, -0.0013013143325224519
0.40477240085601807, -0.11918085813522339
0.26011040806770325, -0.15690971910953522
0.21168816089630127, -0.21085959672927856
0.08695099502801895, -0.2838665843009949
0.045033738017082214, -0.33893632888793945
-0.08256799727678299, -0.3457762897014618
-0.19716694951057434, -0.4093945324420929
-0.2893896996974945, -0.3446841835975647
-0.35481125116348267, -0.3383922576904297
-0.46212562918663025, -0.29861846566200256
-0.4111000597476959, -0.2566891312599182
-0.32918474078178406, -0.1584373265504837
-0.30782350897789, -0.08538828790187836
-0.27161434292793274, -0.032586436718702316
-0.2228207290172577, -0.01602667197585106
-0.19078147411346436, 0.0772748664021492
-0.29448169469833374, 0.13498158752918243
-0.0508609414100647, 0.13716988265514374
0.1296798437833786, 0.4254569709300995
0.1750173717737198, 0.4612930119037628
0.39772260189056396, 0.36597904562950134
0.47313234210014343, 0.10325286537408829
0.40477240085601807, -0.11918085813522339
0.08831147104501724, -0.28307029604911804
-0.37170425057411194, 0.1511353999376297
-0.33643633127212524, 0.29191309213638306
-0.28619199991226196, 0.3027377426624298
-0.0508609414100647, 0.13716988265514374
-0.019629811868071556, 0.04286545515060425
-0.19078147411346436, 0.0772748664021492
-0.46212562918663025, -0.29861846566200256
-0.27161434292793274, -0.032586436718702316
-0.19078147411346436, 0.0772748664021492
-0.019629811868071556, 0.04286545515060425
0.08831147104501724, -0.28307029604911804
0.045033738017082214, -0.33893632888793945
-0.19716694951057434, -0.4093945324420929
