-0.12480825185775757, 0.00994165800511837
-0.10667543858289719, 0.11026494204998016
-0.06386446952819824, 0.11407319456338882
0.03331189602613449, 0.10805922001600266
0.09905228018760681, 0.06422454863786697
0.19964700937271118, 0.062632255256176
0.1739976853132248, 0.023215627297759056
0.11351775377988815, -0.05287615954875946
0.027942832559347153, -0.14293108880519867
-0.09491424262523651, -0.07904398441314697
-0.11294104903936386, -0.049837421625852585
-0.12480825185775757, 0.00994165800511837
-0.10667543858289719, 0.11026494204998016
-0.06386446952819824, 0.11407319456338882
0.03331189602613449, 0.10805922001600266
0.19964700937271118, 0.062632255256176
0.1739976853132248, 0.023215627297759056
0.11351775377988815, -0.05287615954875946
0.027942832559347153, -0.14293108880519867
-0.09491424262523651, -0.07904398441314697
-0.11294104903936386, -0.049837421625852585
