-0.11791196465492249, -0.05623457580804825
-0.10062705725431442, 0.007715122774243355
0.012918230146169662, 0.03691292181611061
0.08716019988059998, 0.03853398561477661
0.13947910070419312, 0.0025912681594491005
0.10659439861774445, -0.008615322411060333
-0.0249024648219347, -0.03507973998785019
-0.11791196465492249, -0.05623457580804825
-0.10062705725431442, 0.007715122774243355
0.012918230146169662, 0.03691292181611061
0.08716019988059998, 0.03853398561477661
0.13947910070419312, 0.0025912681594491005
0.10659439861774445, -0.008615322411060333
