-0.22229620814323425, 0.5136430263519287
-0.1910293847322464, 0.5123109817504883
-0.1618015319108963, 0.46193423867225647
-0.13054920732975006, 0.38505953550338745
-0.053708765655756, 0.3263603746891022
-0.025471491739153862, 0.30148789286613464
0.055160365998744965, 0.18299031257629395
0.07857897132635117, 0.11366358399391174
0.08996138721704483, 0.08047149330377579
0.1144406870007515, 0.04802553355693817
0.2451733946800232, 0.06670557707548141
0.2713843584060669, 0.10011611878871918
0.3049262464046478, 0.08927058428525925
0.25128185749053955, -7.758500287309289E-4
0.2974982261657715, -0.0769462063908577
0.3881688714027405, -0.18427428603172302
0.4163765013217926, -0.2448120266199112
0.37298959493637085, -0.2646636366844177
0.30795231461524963, -0.188324436545372
0.16165561974048615, -0.2057192474603653
0.1567818522453308, -0.2525184452533722
0.19016529619693756, -0.3545154333114624
0.06356243789196014, -0.3054881989955902
-0.036533746868371964, -0.3801911473274231
-0.039277710020542145, -0.29056957364082336
-0.10652298480272293, -0.2040301263332367
-0.14420634508132935, -0.12128748744726181
-0.2130700945854187, -0.05394170805811882
-0.2874720096588135, -0.00915470439940691
-0.23953509330749512, 0.04823751375079155
-0.20191316306591034, 0.1759251356124878
-0.19700616598129272, 0.1980033665895462
-0.21907974779605865, 0.29386764764785767
-0.3074601888656616, 0.3453257977962494
-0.3307643234729767, 0.3905300498008728
-0.1036793515086174, -0.20768965780735016
0.1144406870007515, 0.04802553355693817
0.2713843584060669, 0.10011611878871918
0.3049262464046478, 0.08927058428525925
0.4163765013217926, -0.2448120266199112
0.19016529619693756, -0.3545154333114624
-0.036533746868371964, -0.3801911473274231
-0.3307643234729767, 0.3905300498008728
-0.22229620814323425, 0.5136430263519287
-0.1910293847322464, 0.5123109817504883
-0.025471491739153862, 0.30148789286613464
0.055160365998744965, 0.18299031257629395
0.1144406870007515, 0.04802553355693817
-0.1036793515086174, -0.20768965780735016
-0.2874720096588135, -0.00915470439940691
