-0.17340302467346191, 0.03257372975349426
-0.11268911510705948, 0.06770769506692886
0.007658088114112616, 0.1396726667881012
0.05274590104818344, 0.1308969259262085
0.15605439245700836, 0.04787416756153107
0.21675528585910797, 0.02460024505853653
0.2064485251903534, -0.02145516499876976
0.13616009056568146, -0.0631074607372284
0.09055593609809875, -0.12049324810504913
0.05758604034781456, -0.13193443417549133
-0.0341794528067112, -0.13508862257003784
-0.16412490606307983, -0.06588863581418991
-0.20653541386127472, -0.014437402598559856
-0.20653541386127472, -0.014437402598559856
-0.17340302467346191, 0.03257372975349426
0.007658088114112616, 0.1396726667881012
0.05274590104818344, 0.1308969259262085
0.21675528585910797, 0.02460024505853653
0.2064485251903534, -0.02145516499876976
0.09055593609809875, -0.12049324810504913
0.05758604034781456, -0.13193443417549133
-0.0341794528067112, -0.13508862257003784
-0.16412490606307983, -0.06588863581418991
