-0.15458621084690094, 0.12076904624700546
-0.07565516978502274, 0.10698743909597397
0.010220210067927837, 0.12283780425786972
0.06182839721441269, 0.024225013330578804
0.1611841917037964, -0.08233273774385452
0.14816880226135254, -0.1343555897474289
0.05819819122552872, -0.14263297617435455
0.040375251322984695, -0.1166231706738472
-0.03981082886457443, -0.01706930622458458
-0.11347304284572601, 0.035339225083589554
-0.18710827827453613, 0.08743893355131149
-0.19124682247638702, 0.12262266129255295
-0.19124682247638702, 0.12262266129255295
0.010220210067927837, 0.12283780425786972
0.1611841917037964, -0.08233273774385452
0.14816880226135254, -0.1343555897474289
0.05819819122552872, -0.14263297617435455
-0.18710827827453613, 0.08743893355131149
