-0.0796176865696907, 0.0018897423287853599
-0.03621868044137955, 0.02890218235552311
0.0665193721652031, 0.10303229838609695
0.09040328115224838, 0.12387523800134659
0.09846456348896027, 0.05754910036921501
0.01956961676478386, -0.04822231084108353
0.014169982634484768, -0.07982971519231796
-0.03981330245733261, -0.07304218411445618
-0.0796176865696907, 0.0018897423287853599
0.09040328115224838, 0.12387523800134659
0.09846456348896027, 0.05754910036921501
0.014169982634484768, -0.07982971519231796
-0.03981330245733261, -0.07304218411445618
