-0.05647025629878044, 0.06006886437535286
-0.05277692526578903, 0.12717808783054352
-0.030810466036200523, 0.14852745831012726
-0.0021549800876528025, 0.10396359115839005
0.052126381546258926, 0.003295803675428033
0.0767398551106453, -0.08611858636140823
0.04619536176323891, -0.11930147558450699
0.007356730755418539, -0.1451694518327713
-0.011395227164030075, -0.09460461884737015
-0.04836046323180199, 0.012516766786575317
-0.05647025629878044, 0.06006886437535286
-0.05277692526578903, 0.12717808783054352
-0.030810466036200523, 0.14852745831012726
-0.0021549800876528025, 0.10396359115839005
0.052126381546258926, 0.003295803675428033
0.0767398551106453, -0.08611858636140823
0.04619536176323891, -0.11930147558450699
0.007356730755418539, -0.1451694518327713
-0.011395227164030075, -0.09460461884737015
-0.04836046323180199, 0.012516766786575317
