-0.06241185963153839, -0.0011035435600206256
0.013660606928169727, 0.09206712990999222
0.041901055723428726, 0.12003535032272339
0.07108177244663239, 0.07592097669839859
0.07915590703487396, 0.03199993818998337
0.025985008105635643, -0.08126387000083923
-0.0044912127777934074, -0.1079927310347557
-0.08581223338842392, -0.04864289239048958
-0.08581223338842392, -0.04864289239048958
-0.06241185963153839, -0.0011035435600206256
0.013660606928169727, 0.09206712990999222
0.041901055723428726, 0.12003535032272339
0.07108177244663239, 0.07592097669839859
0.07915590703487396, 0.03199993818998337
0.025985008105635643, -0.08126387000083923
-0.0044912127777934074, -0.1079927310347557
