-0.13770070672035217, 0.2759219706058502
-0.08741419017314911, 0.2926453649997711
-0.03698994964361191, 0.18625229597091675
-0.017931723967194557, 0.15881864726543427
-0.0021992053370922804, 0.13621151447296143
0.10820327699184418, 0.044818997383117676
0.15360529720783234, 0.026678340509533882
0.19754669070243835, -0.02974092960357666
0.16562436521053314, -0.1946924328804016
0.16436263918876648, -0.22832944989204407
0.10635365545749664, -0.2511977553367615
0.025134583935141563, -0.19581088423728943
-0.05623241141438484, -0.10760845243930817
-0.09879587590694427, -0.038869138807058334
-0.11627863347530365, 0.0018987953662872314
-0.11280986666679382, 0.09605894237756729
-0.17572017014026642, 0.20882466435432434
-0.17572017014026642, 0.20882466435432434
-0.13770070672035217, 0.2759219706058502
-0.08741419017314911, 0.2926453649997711
0.15360529720783234, 0.026678340509533882
0.19754669070243835, -0.02974092960357666
0.16436263918876648, -0.22832944989204407
0.10635365545749664, -0.2511977553367615
0.025134583935141563, -0.19581088423728943
-0.05623241141438484, -0.10760845243930817
-0.09879587590694427, -0.038869138807058334
-0.11627863347530365, 0.0018987953662872314
