-0.12898918986320496, 0.05149025842547417
0.019413359463214874, 0.07009965926408768
0.12184339761734009, 0.03410055488348007
0.16586671769618988, 0.0029343292117118835
0.20367543399333954, -0.030497340485453606
0.20850065350532532, -0.090381920337677
0.09885827451944351, -0.027425898239016533
0.03348581865429878, -0.021206876263022423
-0.06778070330619812, -0.06026499345898628
-0.11588023602962494, -0.06408067792654037
-0.1767602115869522, -0.03002324141561985
-0.1767602115869522, -0.03002324141561985
-0.12898918986320496, 0.05149025842547417
0.019413359463214874, 0.07009965926408768
0.12184339761734009, 0.03410055488348007
0.16586671769618988, 0.0029343292117118835
0.20367543399333954, -0.030497340485453606
0.20850065350532532, -0.090381920337677
-0.11588023602962494, -0.06408067792654037
