-0.0039391666650772095, 0.24053236842155457
-0.018415110185742378, 0.14869199693202972
0.025803938508033752, 0.07302385568618774
0.04023110494017601, -0.024175716564059258
0.06732222437858582, -0.07625608146190643
0.07087859511375427, -0.106545589864254
0.10014953464269638, -0.24271193146705627
0.02217659167945385, -0.24928626418113708
-0.030960936099290848, -0.1319044679403305
-0.04584434628486633, -0.0738079696893692
-0.047157611697912216, 0.06862522661685944
-0.05847165733575821, 0.15760010480880737
-0.07936921715736389, 0.2521941065788269
-0.09913928061723709, 0.30879008769989014
-0.09913928061723709, 0.30879008769989014
-0.0039391666650772095, 0.24053236842155457
0.06732222437858582, -0.07625608146190643
0.10014953464269638, -0.24271193146705627
0.02217659167945385, -0.24928626418113708
-0.030960936099290848, -0.1319044679403305
-0.04584434628486633, -0.0738079696893692
