-0.04420716315507889, 0.07244427502155304
0.027909155935049057, 0.10285171121358871
0.04554722085595131, 0.05063648521900177
0.08782840520143509, -0.08587107062339783
-0.03585466369986534, -0.13456816971302032
-0.07628916203975677, 0.015046765096485615
-0.07628916203975677, 0.015046765096485615
-0.04420716315507889, 0.07244427502155304
0.027909155935049057, 0.10285171121358871
0.04554722085595131, 0.05063648521900177
0.08782840520143509, -0.08587107062339783
-0.03585466369986534, -0.13456816971302032
