-0.1013198122382164, 0.1631993055343628
-0.024152301251888275, 0.14666831493377686
0.07392572611570358, 0.12566612660884857
0.1613970547914505, 0.10245729982852936
0.19149665534496307, 0.08275660872459412
0.1872468739748001, 0.046655941754579544
0.1261785328388214, -0.04045054316520691
0.09988909214735031, -0.05742484703660011
0.026361016556620598, -0.08505946397781372
-0.06536150723695755, -0.1673601269721985
-0.12654538452625275, -0.27045080065727234
-0.15072031319141388, -0.2512021064758301
-0.14814697206020355, -0.20258279144763947
-0.13582192361354828, -0.17183081805706024
-0.11264029890298843, -0.043007925152778625
-0.10806739330291748, -0.01583964377641678
-0.14091478288173676, 0.12816956639289856
-0.15811623632907867, 0.1536564975976944
-0.15811623632907867, 0.1536564975976944
-0.1013198122382164, 0.1631993055343628
0.07392572611570358, 0.12566612660884857
0.1613970547914505, 0.10245729982852936
0.19149665534496307, 0.08275660872459412
0.1872468739748001, 0.046655941754579544
0.1261785328388214, -0.04045054316520691
-0.12654538452625275, -0.27045080065727234
-0.15072031319141388, -0.2512021064758301
