-0.06690259277820587, 0.06601648032665253
-0.022133389487862587, 0.05676242336630821
0.025256121531128883, 0.03155858814716339
0.059980377554893494, -1.7286236106883734E-4
0.0773141011595726, -0.04998347908258438
0.05209376662969589, -0.06692957878112793
0.0026384477969259024, -0.06522776186466217
-0.08251871168613434, 0.034230634570121765
-0.08251871168613434, 0.034230634570121765
-0.06690259277820587, 0.06601648032665253
-0.022133389487862587, 0.05676242336630821
0.025256121531128883, 0.03155858814716339
0.059980377554893494, -1.7286236106883734E-4
0.0773141011595726, -0.04998347908258438
0.05209376662969589, -0.06692957878112793
0.0026384477969259024, -0.06522776186466217
