-0.07641233503818512, -0.04998622462153435
-0.05725110322237015, 0.051703426986932755
-0.030316868796944618, 0.07807782292366028
0.0319623127579689, 0.12877224385738373
0.07041793316602707, 0.11894862353801727
0.06884203106164932, 0.005061301868408918
0.03597415238618851, -0.08284406363964081
-0.022864772006869316, -0.1131230890750885
-0.05147805064916611, -0.09289583563804626
-0.07641233503818512, -0.04998622462153435
-0.05725110322237015, 0.051703426986932755
-0.030316868796944618, 0.07807782292366028
0.0319623127579689, 0.12877224385738373
0.07041793316602707, 0.11894862353801727
0.06884203106164932, 0.005061301868408918
0.03597415238618851, -0.08284406363964081
-0.022864772006869316, -0.1131230890750885
-0.05147805064916611, -0.09289583563804626
