-0.06510260701179504, -0.12084173411130905
-0.05719071626663208, 0.015016437508165836
-0.058278415352106094, 0.045367348939180374
-0.023199349641799927, 0.07081080228090286
0.041345953941345215, 0.11079861223697662
0.07206447422504425, 0.11073732376098633
0.07416161149740219, 0.05872286111116409
0.037590332329273224, -0.04564187303185463
0.005133464466780424, -0.08590688556432724
-0.06510260701179504, -0.12084173411130905
-0.058278415352106094, 0.045367348939180374
-0.023199349641799927, 0.07081080228090286
0.041345953941345215, 0.11079861223697662
0.07206447422504425, 0.11073732376098633
0.07416161149740219, 0.05872286111116409
0.037590332329273224, -0.04564187303185463
0.005133464466780424, -0.08590688556432724
