-0.07757050544023514, 0.10644568502902985
-0.025119321420788765, 0.09655129164457321
0.03332766517996788, 0.07429716736078262
0.06164500117301941, 0.036618251353502274
0.09159211814403534, -0.00953859742730856
0.11220687627792358, -0.05112593621015549
0.05997002124786377, -0.10019921511411667
-0.059919413179159164, -0.06438007950782776
-0.08648576587438583, 0.005812653806060553
-0.10980185121297836, 0.06502533704042435
-0.10980185121297836, 0.06502533704042435
-0.07757050544023514, 0.10644568502902985
-0.025119321420788765, 0.09655129164457321
0.03332766517996788, 0.07429716736078262
0.06164500117301941, 0.036618251353502274
0.09159211814403534, -0.00953859742730856
0.11220687627792358, -0.05112593621015549
0.05997002124786377, -0.10019921511411667
-0.059919413179159164, -0.06438007950782776
