-0.18179218471050262, 0.010209199972450733
-0.13612453639507294, 0.006363242398947477
-0.04215456545352936, 0.12106193602085114
0.022417062893509865, 0.13535377383232117
0.06537998467683792, 0.1215585246682167
0.22218601405620575, 0.06800461560487747
0.15709634125232697, 0.04990128427743912
0.14380206167697906, -0.07452060282230377
0.09920980781316757, -0.0895947739481926
0.06422751396894455, -0.075611911714077
-0.07377492636442184, -0.08675979822874069
-0.15470467507839203, -0.06948255747556686
-0.18179218471050262, 0.010209199972450733
-0.04215456545352936, 0.12106193602085114
0.022417062893509865, 0.13535377383232117
0.06537998467683792, 0.1215585246682167
0.22218601405620575, 0.06800461560487747
0.14380206167697906, -0.07452060282230377
0.09920980781316757, -0.0895947739481926
-0.07377492636442184, -0.08675979822874069
-0.15470467507839203, -0.06948255747556686
