-0.3025589883327484, -0.19814245402812958
-0.27114805579185486, -0.1142977699637413
-0.21063822507858276, -0.030452609062194824
-0.1980646550655365, 0.061981212347745895
-0.14812365174293518, 0.15853412449359894
-0.04930981621146202, 0.23390357196331024
0.04311668127775192, 0.29129451513290405
0.0908769890666008, 0.1692061573266983
0.181120365858078, 0.14749948680400848
0.176898792386055, 0.10506922006607056
0.26132136583328247, 0.017067328095436096
0.30341851711273193, 0.003039467381313443
0.3923494517803192, -0.035717811435461044
0.42091381549835205, -0.06599528342485428
0.44149819016456604, -0.10566984862089157
0.44392040371894836, -0.23167651891708374
0.46581774950027466, -0.2723267078399658
0.42627185583114624, -0.2381465882062912
0.3846667408943176, -0.15480075776576996
0.30095672607421875, -0.07403483241796494
0.25872841477394104, -0.0608869306743145
0.1859315186738968, -0.035035159438848495
0.05533739924430847, -0.0026931287720799446
0.010920272208750248, -0.006412073038518429
-0.0500548779964447, -0.006955661345273256
-0.0871635228395462, -0.011777803301811218
-0.14748415350914001, -0.02533652074635029
-0.18550069630146027, -0.14532487094402313
-0.1846684217453003, -0.19949455559253693
-0.22788263857364655, -0.2647225558757782
-0.28814342617988586, -0.2842837870121002
-0.30879560112953186, -0.24364027380943298
-0.30879560112953186, -0.24364027380943298
-0.3025589883327484, -0.19814245402812958
-0.27114805579185486, -0.1142977699637413
-0.1980646550655365, 0.061981212347745895
-0.14812365174293518, 0.15853412449359894
-0.04930981621146202, 0.23390357196331024
0.04311668127775192, 0.29129451513290405
0.05078897625207901, 0.2841103672981262
0.05533739924430847, -0.0026931287720799446
-0.22788263857364655, -0.2647225558757782
-0.28814342617988586, -0.2842837870121002
0.05078897625207901, 0.2841103672981262
0.3923494517803192, -0.035717811435461044
0.42091381549835205, -0.06599528342485428
0.44149819016456604, -0.10566984862089157
0.46581774950027466, -0.2723267078399658
0.05533739924430847, -0.0026931287720799446
