-0.10303341597318649, -0.023190712556242943
-0.08203347027301788, 0.06805957108736038
-0.05001228302717209, 0.07383007556200027
0.030796360224485397, 0.05378247797489166
0.12747621536254883, 0.035232190042734146
0.12856034934520721, -0.01889210008084774
0.09967117011547089, -0.03949962183833122
-0.02345399186015129, -0.0748630240559578
-0.05619160458445549, -0.08982650935649872
-0.10563972592353821, -0.07755764573812485
-0.10563972592353821, -0.07755764573812485
-0.10303341597318649, -0.023190712556242943
-0.08203347027301788, 0.06805957108736038
-0.05001228302717209, 0.07383007556200027
0.12747621536254883, 0.035232190042734146
0.12856034934520721, -0.01889210008084774
0.09967117011547089, -0.03949962183833122
-0.05619160458445549, -0.08982650935649872
