-0.13009651005268097, -0.13764476776123047
-0.10826867818832397, -0.040941670536994934
-0.10516564548015594, -0.02109559439122677
-0.09808635711669922, 0.07531743496656418
-0.10371588170528412, 0.14131391048431396
-0.10305380076169968, 0.21883367002010345
-0.04787881672382355, 0.22061046957969666
0.04726303741335869, 0.1875780075788498
0.10392791777849197, 0.17381049692630768
0.14824752509593964, 0.1604333072900772
0.17262743413448334, 0.11612735688686371
0.16419784724712372, 0.07499648630619049
0.12711787223815918, -0.007047025952488184
0.10069295018911362, -0.09582497924566269
0.0855344906449318, -0.21419526636600494
0.05146779119968414, -0.31774383783340454
-0.061954811215400696, -0.22085992991924286
-0.10043137520551682, -0.19163939356803894
-0.13009651005268097, -0.13764476776123047
-0.10305380076169968, 0.21883367002010345
-0.04787881672382355, 0.22061046957969666
0.14824752509593964, 0.1604333072900772
0.17262743413448334, 0.11612735688686371
0.16419784724712372, 0.07499648630619049
0.0855344906449318, -0.21419526636600494
0.05146779119968414, -0.31774383783340454
-0.10043137520551682, -0.19163939356803894
