-0.1420559287071228, 0.1261148452758789
-0.10998784750699997, 0.20921623706817627
-0.0833117663860321, 0.32263877987861633
-0.052215803414583206, 0.4161675274372101
5.843965336680412E-4, 0.3875250816345215
0.08636250346899033, 0.32722729444503784
0.14466871321201324, 0.3174339532852173
0.17561210691928864, 0.3111092150211334
0.19075505435466766, 0.1505936086177826
0.18452824652194977, 0.09212582558393478
0.13411588966846466, -0.05960393697023392
0.1075596958398819, -0.19895514845848083
0.10669706016778946, -0.21854180097579956
0.10812819004058838, -0.28117111325263977
0.11029775440692902, -0.3059822916984558
0.11614097654819489, -0.35459116101264954
0.09931258112192154, -0.3994852304458618
0.05262944847345352, -0.38323819637298584
-0.09028308093547821, -0.3549860417842865
-0.17313140630722046, -0.2625647783279419
-0.19743619859218597, -0.22737960517406464
-0.19558487832546234, -0.1486387848854065
-0.17080456018447876, -0.009748798795044422
-0.19743619859218597, -0.22737960517406464
-0.19558487832546234, -0.1486387848854065
-0.17080456018447876, -0.009748798795044422
-0.1420559287071228, 0.1261148452758789
-0.0833117663860321, 0.32263877987861633
-0.052215803414583206, 0.4161675274372101
0.17561210691928864, 0.3111092150211334
0.19075505435466766, 0.1505936086177826
0.18452824652194977, 0.09212582558393478
0.11614097654819489, -0.35459116101264954
0.09931258112192154, -0.3994852304458618
-0.09028308093547821, -0.3549860417842865
-0.17313140630722046, -0.2625647783279419
