-0.3146933317184448, 0.34219810366630554
-0.2973112463951111, 0.3760879337787628
-0.27689582109451294, 0.41317862272262573
-0.2417026311159134, 0.3741018772125244
-0.20150995254516602, 0.32111266255378723
-0.19364477694034576, 0.18462899327278137
-0.12293115258216858, 0.14818590879440308
-0.012237769551575184, 0.14486590027809143
0.025198988616466522, 0.1784173846244812
0.058018025010824203, 0.2111462503671646
0.10183832794427872, 0.14837893843650818
0.22054767608642578, 0.03853815793991089
0.28058138489723206, -0.05908896028995514
0.32302185893058777, -0.10548043251037598
0.3120809495449066, -0.15699757635593414
0.29472073912620544, -0.2102069854736328
0.25376519560813904, -0.24698838591575623
0.1757930964231491, -0.2775569558143616
0.10806287080049515, -0.3007658123970032
-0.006042527034878731, -0.23990584909915924
-0.054127972573041916, -0.15975700318813324
-0.09044638276100159, -0.07630768418312073
-0.19902242720127106, -0.009850261732935905
-0.2507602572441101, 0.016968946903944016
-0.3107319474220276, 0.08740068227052689
-0.35208553075790405, 0.230068638920784
-0.27652817964553833, 0.04723121598362923
-0.19364477694034576, 0.18462899327278137
0.058018025010824203, 0.2111462503671646
0.22054767608642578, 0.03853815793991089
0.32302185893058777, -0.10548043251037598
0.3120809495449066, -0.15699757635593414
0.29472073912620544, -0.2102069854736328
0.25376519560813904, -0.24698838591575623
0.1757930964231491, -0.2775569558143616
0.10806287080049515, -0.3007658123970032
-0.006042527034878731, -0.23990584909915924
-0.2507602572441101, 0.016968946903944016
-0.35208553075790405, 0.230068638920784
-0.3146933317184448, 0.34219810366630554
-0.2973112463951111, 0.3760879337787628
-0.27689582109451294, 0.41317862272262573
-0.2417026311159134, 0.3741018772125244
-0.20150995254516602, 0.32111266255378723
-0.19364477694034576, 0.18462899327278137
-0.27652817964553833, 0.04723121598362923
-0.3107319474220276, 0.08740068227052689
