-0.08459756523370743, -0.010218571871519089
-0.082996666431427, 0.020918268710374832
-0.0589740015566349, 0.054427798837423325
0.003039098344743252, 0.12389484792947769
0.033218927681446075, 0.11498387157917023
0.09280171245336533, 0.04697401449084282
0.07908497005701065, 0.014861045405268669
0.04696769267320633, -0.027742935344576836
1.1630433436948806E-4, -0.1420581042766571
-0.028549477458000183, -0.1247674822807312
-0.06329111754894257, -0.05360030010342598
-0.08459756523370743, -0.010218571871519089
-0.082996666431427, 0.020918268710374832
-0.0589740015566349, 0.054427798837423325
0.003039098344743252, 0.12389484792947769
0.033218927681446075, 0.11498387157917023
0.09280171245336533, 0.04697401449084282
0.07908497005701065, 0.014861045405268669
1.1630433436948806E-4, -0.1420581042766571
-0.028549477458000183, -0.1247674822807312
