-0.10141696035861969, 0.059908051043748856
-0.05472911521792412, 0.05716721713542938
0.08393195271492004, 0.08102349936962128
0.13353557884693146, 0.02512395940721035
0.11720401048660278, -0.010252563282847404
0.06554099917411804, -0.08208660036325455
0.009511370211839676, -0.10128697007894516
-0.09600798040628433, -0.031223805621266365
-0.1334482580423355, 0.04748411104083061
-0.1334482580423355, 0.04748411104083061
-0.10141696035861969, 0.059908051043748856
0.08393195271492004, 0.08102349936962128
0.13353557884693146, 0.02512395940721035
0.11720401048660278, -0.010252563282847404
0.06554099917411804, -0.08208660036325455
0.009511370211839676, -0.10128697007894516
-0.09600798040628433, -0.031223805621266365
