-0.043932922184467316, 0.13246122002601624
0.029509956017136574, 0.18752442300319672
0.07440351694822311, 0.10411561280488968
0.07620541751384735, 0.04854956269264221
0.11748427152633667, -0.07623438537120819
0.0801781415939331, -0.1173219308257103
-0.023263508453965187, -0.15315130352973938
-0.058762457221746445, -0.1042967140674591
-0.08539273589849472, -0.059570275247097015
-0.10224352777004242, -0.03128381818532944
-0.1176077201962471, 0.01641865447163582
-0.1176077201962471, 0.01641865447163582
-0.043932922184467316, 0.13246122002601624
0.029509956017136574, 0.18752442300319672
0.07440351694822311, 0.10411561280488968
0.11748427152633667, -0.07623438537120819
0.0801781415939331, -0.1173219308257103
-0.023263508453965187, -0.15315130352973938
-0.058762457221746445, -0.1042967140674591
-0.10224352777004242, -0.03128381818532944
