-0.2238897830247879, 0.052259642630815506
-0.20755644142627716, 0.16781434416770935
-0.1724299043416977, 0.21474184095859528
-0.14583593606948853, 0.24892576038837433
-0.1308807134628296, 0.1814475804567337
-0.015622174367308617, 0.11894624680280685
0.0473247654736042, 0.15137389302253723
0.11117815226316452, 0.14321254193782806
0.22559505701065063, 0.14761275053024292
0.26365795731544495, 0.14471976459026337
0.2556703984737396, 0.010704124346375465
0.24888567626476288, -0.030922122299671173
0.19607573747634888, -0.05363088473677635
0.055571410804986954, -0.08513251692056656
0.03272339329123497, -0.10765739530324936
0.021748581901192665, -0.11967387050390244
-0.0012016587425023317, -0.1532154232263565
-0.017049094662070274, -0.18525631725788116
-0.04591884836554527, -0.20787811279296875
-0.13715888559818268, -0.22467482089996338
-0.15962451696395874, -0.1831008493900299
-0.17158114910125732, -0.15208368003368378
-0.1812462955713272, -0.08613365143537521
-0.2238897830247879, 0.052259642630815506
-0.20755644142627716, 0.16781434416770935
-0.1724299043416977, 0.21474184095859528
-0.14583593606948853, 0.24892576038837433
0.26365795731544495, 0.14471976459026337
0.2556703984737396, 0.010704124346375465
0.24888567626476288, -0.030922122299671173
-0.04591884836554527, -0.20787811279296875
-0.13715888559818268, -0.22467482089996338
-0.15962451696395874, -0.1831008493900299
-0.17158114910125732, -0.15208368003368378
