-0.1541622132062912, 0.03333333507180214
-0.1415436863899231, 0.07795838266611099
-0.05559191852807999, 0.053427211940288544
0.05172798037528992, 0.040059689432382584
0.17412863671779633, 0.05155892297625542
0.20971353352069855, 0.047658395022153854
0.16324318945407867, -0.015108190476894379
0.036178912967443466, -0.04027608782052994
-0.02170817367732525, -0.07195256650447845
-0.17363357543945312, -0.06686671823263168
-0.17363357543945312, -0.06686671823263168
-0.1541622132062912, 0.03333333507180214
-0.1415436863899231, 0.07795838266611099
0.17412863671779633, 0.05155892297625542
0.20971353352069855, 0.047658395022153854
0.16324318945407867, -0.015108190476894379
-0.02170817367732525, -0.07195256650447845
