-0.09896603226661682, -0.007445406634360552
-0.09384315460920334, 0.026255199685692787
-0.05391105264425278, 0.05222006514668465
-0.026075411587953568, 0.06703788042068481
0.034912653267383575, 0.0784878134727478
0.06635065376758575, 0.03624492883682251
0.06661438941955566, -0.014445080421864986
0.051397655159235, -0.06073283031582832
0.004534200765192509, -0.0841769427061081
-0.04117867350578308, -0.08102545142173767
-0.09896603226661682, -0.007445406634360552
-0.09384315460920334, 0.026255199685692787
-0.05391105264425278, 0.05222006514668465
-0.026075411587953568, 0.06703788042068481
0.034912653267383575, 0.0784878134727478
0.06635065376758575, 0.03624492883682251
0.06661438941955566, -0.014445080421864986
0.051397655159235, -0.06073283031582832
0.004534200765192509, -0.0841769427061081
-0.04117867350578308, -0.08102545142173767
