-0.07337504625320435, 0.05034198984503746
-0.03722432255744934, 0.06313881278038025
0.01231455896049738, 0.07957842946052551
0.1174827441573143, 0.09599152952432632
0.11470673233270645, 0.03720611333847046
0.09633242338895798, -0.016895204782485962
-0.04542829841375351, -0.10554107278585434
-0.08629472553730011, -0.08859391510486603
-0.11440864950418472, -0.030761172994971275
-0.1263054758310318, 0.00730564771220088
-0.1263054758310318, 0.00730564771220088
-0.07337504625320435, 0.05034198984503746
-0.03722432255744934, 0.06313881278038025
0.01231455896049738, 0.07957842946052551
0.1174827441573143, 0.09599152952432632
0.11470673233270645, 0.03720611333847046
0.09633242338895798, -0.016895204782485962
-0.04542829841375351, -0.10554107278585434
-0.08629472553730011, -0.08859391510486603
-0.11440864950418472, -0.030761172994971275
