-0.1564609706401825, -0.057344332337379456
-0.09853072464466095, -0.013661134988069534
-0.06086444482207298, 0.06549137830734253
-0.009906014427542686, 0.09689437597990036
0.12426378577947617, 0.0972016453742981
0.15203070640563965, 0.061803098767995834
0.16280296444892883, 0.029649320989847183
0.14088472723960876, -0.026343492791056633
0.0897594764828682, -0.053992100059986115
-0.014564904384315014, -0.12061166763305664
-0.13108979165554047, -0.08687552064657211
-0.23753651976585388, -0.1112484261393547
-0.23753651976585388, -0.1112484261393547
-0.06086444482207298, 0.06549137830734253
-0.009906014427542686, 0.09689437597990036
0.12426378577947617, 0.0972016453742981
0.15203070640563965, 0.061803098767995834
0.16280296444892883, 0.029649320989847183
0.14088472723960876, -0.026343492791056633
-0.014564904384315014, -0.12061166763305664
