-0.09637448936700821, -0.0275126900523901
-0.08762320876121521, 0.017756778746843338
-0.04997735470533371, 0.12516893446445465
-0.0345003567636013, 0.15426617860794067
0.02169743925333023, 0.17074139416217804
0.05340893566608429, 0.15162640810012817
0.07432053983211517, 0.022956741973757744
0.09436245262622833, -0.05640537664294243
0.07133235782384872, -0.10987616330385208
0.011413462460041046, -0.161879763007164
-0.039143484085798264, -0.12421511113643646
-0.09279204905033112, -0.08116588741540909
-0.09637448936700821, -0.0275126900523901
-0.08762320876121521, 0.017756778746843338
-0.04997735470533371, 0.12516893446445465
-0.0345003567636013, 0.15426617860794067
0.02169743925333023, 0.17074139416217804
0.05340893566608429, 0.15162640810012817
0.09436245262622833, -0.05640537664294243
0.07133235782384872, -0.10987616330385208
0.011413462460041046, -0.161879763007164
-0.039143484085798264, -0.12421511113643646
-0.09279204905033112, -0.08116588741540909
