-0.11019004881381989, -0.09465277940034866
-0.22281670570373535, -0.158556267619133
-0.34257426857948303, -0.1698845624923706
-0.36580801010131836, -0.10861916840076447
-0.34004244208335876, -0.07868705689907074
-0.24800974130630493, -0.008505984209477901
-0.21200419962406158, 0.02178351953625679
-0.1566687375307083, 0.026759013533592224
-0.11228124797344208, 0.018422847613692284
-0.11652152240276337, -0.04299192130565643
-0.36580801010131836, -0.10861916840076447
-0.34004244208335876, -0.07868705689907074
-0.21200419962406158, 0.02178351953625679
-0.1566687375307083, 0.026759013533592224
-0.11228124797344208, 0.018422847613692284
-0.11019004881381989, -0.09465277940034866
-0.22281670570373535, -0.158556267619133
-0.34257426857948303, -0.1698845624923706
