-0.11587575823068619, 0.036787938326597214
-0.046207115054130554, 0.06338878720998764
0.015250110998749733, 0.06493963301181793
0.09231531620025635, 0.025362173095345497
0.1216779351234436, -0.017142485827207565
0.05837253853678703, -0.06917567551136017
0.029962431639432907, -0.05672992393374443
-0.10582702606916428, -0.03330954909324646
-0.11587575823068619, 0.036787938326597214
-0.046207115054130554, 0.06338878720998764
0.015250110998749733, 0.06493963301181793
0.09231531620025635, 0.025362173095345497
0.1216779351234436, -0.017142485827207565
0.05837253853678703, -0.06917567551136017
-0.10582702606916428, -0.03330954909324646
