-0.10312501341104507, 0.08181402087211609
-0.09293326735496521, 0.14213138818740845
0.030067777261137962, 0.196504145860672
0.1637166142463684, 0.13960297405719757
0.13848456740379333, 0.05150287225842476
0.09052848815917969, -0.048177480697631836
0.0440116785466671, -0.10660533607006073
0.0024115554988384247, -0.17564907670021057
-0.02843349054455757, -0.19548821449279785
-0.0722578763961792, -0.21897730231285095
-0.11241946369409561, -0.2166600227355957
-0.13831482827663422, -0.18864484131336212
-0.12065083533525467, -0.056896060705184937
-0.13831482827663422, -0.18864484131336212
-0.10312501341104507, 0.08181402087211609
-0.09293326735496521, 0.14213138818740845
0.030067777261137962, 0.196504145860672
0.1637166142463684, 0.13960297405719757
0.13848456740379333, 0.05150287225842476
0.09052848815917969, -0.048177480697631836
0.0024115554988384247, -0.17564907670021057
-0.02843349054455757, -0.19548821449279785
-0.0722578763961792, -0.21897730231285095
-0.11241946369409561, -0.2166600227355957
