-0.14936202764511108, -0.018251163884997368
-0.12858669459819794, 0.08268475532531738
-0.09820393472909927, 0.16132181882858276
-0.031735654920339584, 0.1685144007205963
-0.0509670190513134, 0.10008464753627777
0.03766833245754242, -0.014364220201969147
0.1389385163784027, -0.06269916146993637
0.21726354956626892, -0.087786465883255
0.20313844084739685, -0.12461406737565994
0.1610046625137329, -0.12659381330013275
0.06913039088249207, -0.08251700550317764
-0.017326846718788147, -0.04921165108680725
-0.14936202764511108, -0.018251163884997368
-0.12858669459819794, 0.08268475532531738
-0.09820393472909927, 0.16132181882858276
-0.031735654920339584, 0.1685144007205963
0.21726354956626892, -0.087786465883255
0.20313844084739685, -0.12461406737565994
0.1610046625137329, -0.12659381330013275
