-0.24362598359584808, 0.08994554728269577
-0.18074487149715424, 0.17779625952243805
-0.05990759655833244, 0.24897556006908417
0.05418243259191513, 0.15791620314121246
0.07261266559362411, 0.13001033663749695
0.16077369451522827, 0.035944316536188126
0.197895348072052, 0.010342608205974102
0.25658270716667175, -0.04051371291279793
0.245453879237175, -0.07746206969022751
0.1961710900068283, -0.11805455386638641
0.13679108023643494, -0.21153709292411804
0.01341832522302866, -0.1970563381910324
-0.10989774763584137, -0.16767726838588715
-0.17505043745040894, -0.1358930766582489
-0.16027669608592987, -0.09859208762645721
-0.15781569480895996, -0.016903404146432877
-0.25792983174324036, 0.05765973776578903
-0.25792983174324036, 0.05765973776578903
-0.24362598359584808, 0.08994554728269577
-0.18074487149715424, 0.17779625952243805
-0.05990759655833244, 0.24897556006908417
0.05418243259191513, 0.15791620314121246
0.25658270716667175, -0.04051371291279793
0.245453879237175, -0.07746206969022751
0.13679108023643494, -0.21153709292411804
0.01341832522302866, -0.1970563381910324
-0.10989774763584137, -0.16767726838588715
-0.17505043745040894, -0.1358930766582489
