-1.6643038988113403, -0.7921626567840576
-1.5767107009887695, -0.6800436973571777
-1.5679216384887695, -0.6510128378868103
-1.5554455518722534, -0.5710312128067017
-1.556896686553955, -0.49331432580947876
-1.5433920621871948, -0.4280717372894287
-1.5310639142990112, -0.3570183217525482
-1.5188448429107666, -0.32371219992637634
-1.4781665802001953, -0.2680617570877075
-1.471314787864685, -0.25693219900131226
-1.420777678489685, -0.12197050452232361
-1.4326894283294678, 0.03146449476480484
-1.3656944036483765, 0.12325262278318405
-1.3730956315994263, 0.1896725445985794
-1.364890456199646, 0.3273348808288574
-1.3701434135437012, 0.4120634198188782
-1.363370418548584, 0.5444082021713257
-1.2550245523452759, 0.5459482073783875
-1.1302164793014526, 0.5493399500846863
-0.9902198910713196, 0.5427460074424744
-0.8824787139892578, 0.5492886304855347
-0.7734471559524536, 0.5323329567909241
-0.7325553894042969, 0.5374593138694763
-0.5937650203704834, 0.53156977891922
-0.5244154930114746, 0.5356289148330688
-0.4127099812030792, 0.547095775604248
-0.31051409244537354, 0.5417277216911316
-0.21068894863128662, 0.5371717214584351
-0.13424718379974365, 0.5398952960968018
-0.04007750749588013, 0.5446762442588806
0.06081985682249069, 0.5382429957389832
0.20378939807415009, 0.5421557426452637
0.2426738142967224, 0.5387833118438721
0.38135311007499695, 0.5311704874038696
0.49346739053726196, 0.5405315160751343
0.5462406277656555, 0.5347821712493896
0.6659431457519531, 0.534530758857727
0.7593943476676941, 0.5397509932518005
0.8226731419563293, 0.5387715697288513
0.904446005821228, 0.5339761972427368
1.039725661277771, 0.5303999781608582
1.0721572637557983, 0.535797655582428
1.1868668794631958, 0.5329267382621765
1.2640197277069092, 0.5284211039543152
1.3829210996627808, 0.5301188230514526
1.4853101968765259, 0.5288981795310974
1.6072742938995361, 0.525138258934021
1.7064043283462524, 0.5288591384887695
1.7878767251968384, 0.5319775342941284
1.937502145767212, 0.5306710004806519
2.0868754386901855, 0.5332072377204895
2.118889808654785, 0.5315616130828857
2.244987964630127, 0.5310095548629761
2.3298659324645996, 0.5257988572120667
2.4115138053894043, 0.5233356356620789
2.5311391353607178, 0.5242340564727783
2.5736310482025146, 0.5016187429428101
2.572082281112671, 0.46459686756134033
2.5056257247924805, 0.3859996199607849
2.425856113433838, 0.38739070296287537
2.3594682216644287, 0.35224053263664246
2.317842721939087, 0.33342084288597107
2.2266199588775635, 0.291176974773407
2.1066513061523438, 0.23532123863697052
1.9907504320144653, 0.20632529258728027
1.9458019733428955, 0.17119140923023224
1.8107348680496216, 0.15908987820148468
1.75179123878479, 0.13524043560028076
1.6756881475448608, 0.09965390712022781
1.568806767463684, 0.039778705686330795
1.4997577667236328, 0.029474502429366112
1.3771635293960571, -0.02918783389031887
1.2661129236221313, -0.09040144085884094
1.137808918952942, -0.13756787776947021
1.1029102802276611, -0.1451292186975479
0.9808975458145142, -0.19670747220516205
0.884113073348999, -0.2147909700870514
0.8070604801177979, -0.23398062586784363
0.729046642780304, -0.26305362582206726
0.6806824803352356, -0.2838934063911438
0.6229029297828674, -0.4001733362674713
0.5277477502822876, -0.4160950183868408
0.4444597065448761, -0.405033677816391
0.36641043424606323, -0.42612120509147644
0.31584978103637695, -0.4561370015144348
0.21971233189105988, -0.48848089575767517
0.10044895112514496, -0.522680938243866
-0.021651603281497955, -0.5843649506568909
-0.1315549910068512, -0.6297747492790222
-0.25498178601264954, -0.6610038876533508
-0.32642874121665955, -0.6904882788658142
-0.38214582204818726, -0.7165147066116333
-0.4990127980709076, -0.7573058009147644
-0.579723596572876, -0.8001178503036499
-0.6499285101890564, -0.8221653699874878
-0.736295759677887, -0.8303224444389343
-0.7846248149871826, -0.8479907512664795
-0.8601369261741638, -0.9212608337402344
-0.9210292100906372, -0.9021677374839783
-1.0345696210861206, -0.8747680187225342
-1.1441056728363037, -0.8673710823059082
-1.2141624689102173, -0.8557191491127014
-1.3153331279754639, -0.8503606915473938
-1.4004921913146973, -0.8514255881309509
-1.5847305059432983, -0.8572473526000977
-1.6291306018829346, -0.8313818573951721
-1.6643038988113403, -0.7921626567840576
-1.363370418548584, 0.5444082021713257
-1.1302164793014526, 0.5493399500846863
-0.8824787139892578, 0.5492886304855347
-0.4127099812030792, 0.547095775604248
2.0868754386901855, 0.5332072377204895
2.244987964630127, 0.5310095548629761
2.5311391353607178, 0.5242340564727783
2.5736310482025146, 0.5016187429428101
2.572082281112671, 0.46459686756134033
2.5056257247924805, 0.3859996199607849
0.6229029297828674, -0.4001733362674713
-0.8601369261741638, -0.9212608337402344
-1.5847305059432983, -0.8572473526000977
-1.6291306018829346, -0.8313818573951721
