-0.264194130897522, 0.11537723243236542
-0.2233646959066391, 0.09977877885103226
-0.10438764840364456, 0.11271562427282333
-0.05169609934091568, 0.13294018805027008
-0.009015586227178574, 0.13061493635177612
0.02125292643904686, 0.12199760973453522
0.056856587529182434, 0.033933017402887344
0.10901068150997162, -0.10467816889286041
0.14512799680233002, -0.11498337239027023
0.20155376195907593, -0.16906853020191193
0.2104693204164505, -0.21620480716228485
0.1135496199131012, -0.1743379384279251
0.06931865215301514, -0.1526373028755188
0.050552401691675186, -0.10127849876880646
-0.026339128613471985, 0.006315398961305618
-0.08434457331895828, 0.04289918765425682
-0.14024123549461365, 0.061188023537397385
-0.26946520805358887, 0.05956223979592323
-0.2845565378665924, 0.09121973812580109
-0.2845565378665924, 0.09121973812580109
-0.264194130897522, 0.11537723243236542
-0.05169609934091568, 0.13294018805027008
-0.009015586227178574, 0.13061493635177612
0.02125292643904686, 0.12199760973453522
0.20155376195907593, -0.16906853020191193
0.2104693204164505, -0.21620480716228485
0.1135496199131012, -0.1743379384279251
0.06931865215301514, -0.1526373028755188
-0.26946520805358887, 0.05956223979592323
