-0.05856168270111084, 0.013640524819493294
0.007080427370965481, 0.06755372136831284
0.06076071038842201, 0.05683138221502304
0.052977852523326874, -0.018152080476284027
0.03480054810643196, -0.04800095409154892
-0.017991820350289345, -0.07625577598810196
-0.0564643032848835, -0.051962997764348984
-0.08304563909769058, -0.012597342021763325
-0.08304563909769058, -0.012597342021763325
-0.05856168270111084, 0.013640524819493294
0.007080427370965481, 0.06755372136831284
0.06076071038842201, 0.05683138221502304
0.052977852523326874, -0.018152080476284027
0.03480054810643196, -0.04800095409154892
-0.017991820350289345, -0.07625577598810196
-0.0564643032848835, -0.051962997764348984
