-0.14084111154079437, -0.00449214456602931
-0.053176410496234894, 0.01814364641904831
0.005875223316252232, 0.08840383589267731
0.06842382252216339, 0.11874609440565109
0.21168355643749237, 0.08730807155370712
0.1573236882686615, 0.06346836686134338
0.12139829248189926, -0.0590917132794857
2.7766235871240497E-4, -0.06572432816028595
-0.03112969920039177, -0.06995400041341782
-0.11355563998222351, -0.07254862785339355
-0.1664835512638092, -0.07030019909143448
-0.19454513490200043, -0.0485052615404129
-0.19454513490200043, -0.0485052615404129
-0.14084111154079437, -0.00449214456602931
0.005875223316252232, 0.08840383589267731
0.06842382252216339, 0.11874609440565109
0.21168355643749237, 0.08730807155370712
0.12139829248189926, -0.0590917132794857
-0.03112969920039177, -0.06995400041341782
-0.11355563998222351, -0.07254862785339355
-0.1664835512638092, -0.07030019909143448
