-0.06262378394603729, 0.03317710757255554
0.041595447808504105, 0.08407003432512283
0.08795050531625748, 0.04672303795814514
0.042016446590423584, -0.04877505823969841
-0.014168168418109417, -0.08918322622776031
-0.09711131453514099, -0.02078995667397976
-0.09711131453514099, -0.02078995667397976
-0.06262378394603729, 0.03317710757255554
0.041595447808504105, 0.08407003432512283
0.08795050531625748, 0.04672303795814514
0.042016446590423584, -0.04877505823969841
-0.014168168418109417, -0.08918322622776031
