-0.28561466932296753, 0.3348630666732788
-0.2796778976917267, 0.36823487281799316
-0.2205343395471573, 0.3788999915122986
-0.17451082170009613, 0.27374333143234253
-0.10568226873874664, 0.20390376448631287
0.02037036046385765, 0.18683786690235138
0.09208846837282181, 0.07911143451929092
0.13873782753944397, 0.05397839844226837
0.24819804728031158, 0.001026223530061543
0.31819775700569153, -0.005767097696661949
0.4400952458381653, -0.004016977269202471
0.4806070625782013, -0.10869530588388443
0.3679391145706177, -0.1715284287929535
0.2553994953632355, -0.19836902618408203
0.1917302906513214, -0.1812707632780075
0.04375094920396805, -0.19718614220619202
-0.08118172734975815, -0.17771342396736145
-0.23223096132278442, -0.11953528225421906
-0.2670079171657562, -0.10777630656957626
-0.33405783772468567, -0.07636206597089767
-0.31160271167755127, 0.010225346311926842
-0.2950882315635681, 0.051565300673246384
-0.2640654146671295, 0.21099428832530975
-0.33405783772468567, -0.07636206597089767
-0.28561466932296753, 0.3348630666732788
-0.2796778976917267, 0.36823487281799316
-0.2205343395471573, 0.3788999915122986
0.4400952458381653, -0.004016977269202471
0.4806070625782013, -0.10869530588388443
0.3679391145706177, -0.1715284287929535
0.2553994953632355, -0.19836902618408203
0.04375094920396805, -0.19718614220619202
-0.08118172734975815, -0.17771342396736145
-0.2670079171657562, -0.10777630656957626
