-0.20817528665065765, -0.01600402407348156
-0.12099355459213257, 0.08619581162929535
-0.030913932248950005, 0.1817302405834198
0.0430634506046772, 0.2685739994049072
0.09068366140127182, 0.32599347829818726
0.13158318400382996, 0.30482807755470276
0.17149952054023743, 0.24304533004760742
0.19700810313224792, 0.10081356018781662
0.16007718443870544, 0.06873730570077896
0.11646154522895813, -0.055384762585163116
0.11527800559997559, -0.06088143214583397
0.10545282065868378, -0.15413573384284973
0.12979541718959808, -0.25888028740882874
0.00251879938878119, -0.23188792169094086
-0.05805080011487007, -0.20825199782848358
-0.17237858474254608, -0.1678963154554367
-0.28481027483940125, -0.11926855146884918
-0.31184861063957214, -0.0285590048879385
-0.31184861063957214, -0.0285590048879385
0.09068366140127182, 0.32599347829818726
0.13158318400382996, 0.30482807755470276
0.17149952054023743, 0.24304533004760742
0.19700810313224792, 0.10081356018781662
0.12979541718959808, -0.25888028740882874
0.00251879938878119, -0.23188792169094086
-0.17237858474254608, -0.1678963154554367
-0.28481027483940125, -0.11926855146884918
