0.21092812438606967, 0.061474540073274506
0.18545817514733287, -0.015704123153524138
0.18943390933953258, -0.10824755851472831
0.2130481903052261, -0.1991254132129111
0.10273383692521709, -0.23165691493662283
0.04822339346091877, -0.12997791415664045
0.002267795829321872, -0.12191564144686483
-0.131136629563728, -0.14115067007588233
-0.14503801254932344, -0.06993422050396031
-0.14389895972853783, -0.016228990243057448
-0.14380962165695665, 0.014435921307135597
-0.16011133670869762, 0.10418643648939412
-0.1410972247424113, 0.1946960199622554
-0.14562438174022643, 0.2546822664518307
-0.06879213200150011, 0.19763692971277066
-0.03414445656773053, 0.14892082297921191
0.02280871547731592, 0.09229571204270345
0.046171312325152425, 0.07684149156185423
0.12939096731589556, 0.03334962999649183
-0.16011133670869762, 0.10418643648939412
-0.14562438174022643, 0.2546822664518307
0.21092812438606967, 0.061474540073274506
0.2130481903052261, -0.1991254132129111
0.10273383692521709, -0.23165691493662283
-0.131136629563728, -0.14115067007588233
-0.14503801254932344, -0.06993422050396031
