-0.19029179007565872, 0.14412529078855846
-0.036446147532128666, 0.16309903121773803
0.028658910405241763, 0.18174259341325769
0.029665299058783744, 0.26824205513299304
-0.017840136390999923, 0.2976921047614676
-0.06903843366263274, 0.3847537963122707
-0.09393540127053898, 0.43674292908295836
-0.025674423546257426, 0.5025539932855281
0.04041311723431718, 0.5625959824846221
0.09965924117035539, 0.6193986893176561
0.13807070712124733, 0.6713454898062055
0.20605031370090862, 0.6220624774305766
0.2599158648432293, 0.5798207562009371
0.2986061820600186, 0.5411088323608265
0.3589150424293451, 0.48190824723009257
0.41774035849071556, 0.422089322501227
0.38376980308052, 0.36640421423211744
0.22756264419411357, 0.22790581343341562
0.18812495778046698, 0.18709388933114596
0.14270955431491772, 0.14615282279927144
0.08121469534240193, 0.1135621132954813
0.05983250354370842, 0.024419842590064973
0.08240046429063565, -0.09468505755815422
0.09913934438790466, -0.23330938635236903
0.1046386099715442, -0.3309804640981036
0.08581637611301399, -0.3867139541536151
0.0641259074420271, -0.5938102545137924
-0.011695238589479929, -0.6379383088321202
-0.0917786222773045, -0.6482738098776545
-0.15328805100831475, -0.6336665000582031
-0.20812567334244225, -0.5762657266085676
-0.2175228503862004, -0.4918354060835884
-0.23348404839848058, -0.4004566461942523
-0.23494784930864399, -0.32768176037202723
-0.26023039571977713, -0.19925706776242225
-0.2667100466228969, -0.1167830916899048
-0.2753982251383184, -0.033774278420648896
-0.09393540127053898, 0.43674292908295836
0.13807070712124733, 0.6713454898062055
0.20605031370090862, 0.6220624774305766
0.2599158648432293, 0.5798207562009371
0.3589150424293451, 0.48190824723009257
0.41774035849071556, 0.422089322501227
0.38376980308052, 0.36640421423211744
0.18812495778046698, 0.18709388933114596
0.14270955431491772, 0.14615282279927144
0.13354027965579293, 0.1412933406934655
0.028658910405241763, 0.18174259341325769
-0.06903843366263274, 0.3847537963122707
-0.2753982251383184, -0.033774278420648896
-0.19029179007565872, 0.14412529078855846
0.028658910405241763, 0.18174259341325769
0.13354027965579293, 0.1412933406934655
0.1046386099715442, -0.3309804640981036
0.0641259074420271, -0.5938102545137924
-0.011695238589479929, -0.6379383088321202
-0.0917786222773045, -0.6482738098776545
-0.15328805100831475, -0.6336665000582031
-0.20812567334244225, -0.5762657266085676
-0.23348404839848058, -0.4004566461942523
-0.26023039571977713, -0.19925706776242225
