-0.47938200686766275, -0.18175851709317156
-0.4342976049753669, -0.15648012991884222
-0.3823046802279771, -0.019228423938229794
-0.13596253994377444, 0.07713344455156629
-0.09266897505021215, 0.179673618030121
-0.07228331931904688, 0.2774734121803113
-0.11315327017415305, 0.3172135204241786
-0.11430469712751001, 0.4550412882331981
-0.1854830669179244, 0.4721064851877947
-0.2425945163813678, 0.4602802971950363
-0.1990971056581705, 0.5211367343180482
-0.08800590916907196, 0.536008055830201
0.0056668793972238, 0.5598720040221099
0.06780242352133385, 0.5559383657035819
0.12605833368627062, 0.5914558419007034
0.20704591110138612, 0.5725900484219469
0.20088217396362137, 0.5137834826998244
0.2128993284117695, 0.4351266219448072
0.2402637306976075, 0.30552569536195984
0.25671760078122036, 0.19139972239050057
0.2660274746532122, 0.08394912241501165
0.28492227879928944, -0.00429149955845157
0.28303274038637366, -0.09801821272891234
0.32098941919240465, -0.18238175297302453
0.32651990596556923, -0.322453405554847
0.2967613966043556, -0.37815470664486156
0.33420186316090505, -0.4283696144960622
0.2902572066023604, -0.4815905184439864
0.2018025993463037, -0.46141460588870714
0.1432167077892223, -0.4500973201791769
0.06394936424036204, -0.4177715125904349
0.03757963168850684, -0.4202355365878257
-0.021303971397562446, -0.428618218188617
-0.10367995535599628, -0.4183022747931967
-0.1531437899381799, -0.40039677660373907
-0.23682480903015304, -0.37721462792102406
-0.32517457539350353, -0.373118943273449
-0.4331127019028925, -0.3411665842135117
-0.5006655475286758, -0.3311329396444636
-0.5591423026624871, -0.2814266277114784
-0.2425945163813678, 0.4602802971950363
-0.1990971056581705, 0.5211367343180482
0.12605833368627062, 0.5914558419007034
0.20704591110138612, 0.5725900484219469
0.20401052565414185, 0.5436302485788153
-0.11430469712751001, 0.4550412882331981
-0.13596253994377444, 0.07713344455156629
-0.11430469712751001, 0.4550412882331981
0.20401052565414185, 0.5436302485788153
0.2402637306976075, 0.30552569536195984
0.25671760078122036, 0.19139972239050057
0.28492227879928944, -0.00429149955845157
0.2850754217793925, -0.10255833160460437
-0.5591423026624871, -0.2814266277114784
-0.3823046802279771, -0.019228423938229794
-0.13596253994377444, 0.07713344455156629
0.2850754217793925, -0.10255833160460437
0.32098941919240465, -0.18238175297302453
0.33420186316090505, -0.4283696144960622
0.2902572066023604, -0.4815905184439864
-0.10367995535599628, -0.4183022747931967
-0.32517457539350353, -0.373118943273449
-0.5006655475286758, -0.3311329396444636
