-0.12883797826051946, 0.04913912347275837
-0.023728701145179335, 0.0711158953557008
0.06764391771575463, 0.0805149662747347
0.10887736513205763, 0.048332509645939575
0.16800994221264198, 0.009301906467742496
0.15097566152775463, -0.051376357060199565
0.02841131984986707, -0.062300266652999245
-0.10758244071092235, -0.08615007740766951
-0.15111593938292328, -0.055041295325185195
-0.16436132260210862, 0.0030960210932482377
-0.16436132260210862, 0.0030960210932482377
-0.12883797826051946, 0.04913912347275837
-0.023728701145179335, 0.0711158953557008
0.06764391771575463, 0.0805149662747347
0.16800994221264198, 0.009301906467742496
0.15097566152775463, -0.051376357060199565
-0.10758244071092235, -0.08615007740766951
-0.15111593938292328, -0.055041295325185195
