-0.2823953926563263, 0.4865192770957947
-0.21714861690998077, 0.4834161698818207
-0.13876143097877502, 0.4085598289966583
-0.09882443398237228, 0.36721110343933105
-0.016319239512085915, 0.28178948163986206
0.05982883647084236, 0.14186856150627136
0.10038711130619049, 0.06122666224837303
0.20251794159412384, -0.15806514024734497
0.2245067059993744, -0.20886029303073883
0.27969080209732056, -0.4576307237148285
0.19939081370830536, -0.539898157119751
0.14202336966991425, -0.49225038290023804
0.04509511962532997, -0.31191107630729675
0.08118036389350891, -0.26450833678245544
0.03810307756066322, -0.17733070254325867
-0.04658184573054314, -0.08036632835865021
-0.08492923527956009, 0.002388638909906149
-0.12376129627227783, 0.0576799176633358
-0.14135433733463287, 0.16415107250213623
-0.2043335735797882, 0.2630562484264374
-0.1540347933769226, 0.34023627638816833
-0.17929674685001373, 0.3624573051929474
-0.2677116394042969, 0.36749646067619324
-0.31960904598236084, 0.43454185128211975
-0.31960904598236084, 0.43454185128211975
-0.2823953926563263, 0.4865192770957947
-0.21714861690998077, 0.4834161698818207
-0.13876143097877502, 0.4085598289966583
-0.09882443398237228, 0.36721110343933105
-0.1540347933769226, 0.34023627638816833
-0.2677116394042969, 0.36749646067619324
-0.2043335735797882, 0.2630562484264374
-0.1540347933769226, 0.34023627638816833
-0.09882443398237228, 0.36721110343933105
-0.016319239512085915, 0.28178948163986206
0.05982883647084236, 0.14186856150627136
0.10038711130619049, 0.06122666224837303
0.20251794159412384, -0.15806514024734497
0.2245067059993744, -0.20886029303073883
0.27969080209732056, -0.4576307237148285
0.19939081370830536, -0.539898157119751
0.14202336966991425, -0.49225038290023804
0.04509511962532997, -0.31191107630729675
-0.12376129627227783, 0.0576799176633358
