-0.5288212299346924, 0.2407551258802414
-0.4471485912799835, 0.2871460020542145
-0.3682097792625427, 0.44947388768196106
-0.3553661108016968, 0.5193843245506287
-0.33019325137138367, 0.5936571955680847
-0.35526400804519653, 0.688191294670105
-0.3704492151737213, 0.7671159505844116
-0.41398563981056213, 0.8171610236167908
-0.44124168157577515, 0.865646243095398
-0.48877260088920593, 0.9216635823249817
-0.456429660320282, 0.9688832759857178
-0.3385718762874603, 1.0208710432052612
-0.2930806577205658, 0.9414536356925964
-0.27315908670425415, 0.8838394284248352
-0.24981464445590973, 0.8084167242050171
-0.17258648574352264, 0.7217317819595337
-0.13406647741794586, 0.6478512287139893
-0.10162806510925293, 0.5798887014389038
-0.055220119655132294, 0.4826582074165344
-0.0318673737347126, 0.424748033285141
0.006542113609611988, 0.36527055501937866
0.07195398211479187, 0.23973426222801208
0.1819092482328415, 0.07801083475351334
0.20925785601139069, 2.3184801102615893E-4
0.25070634484291077, -0.060708630830049515
0.3053666949272156, -0.1628241091966629
0.35867905616760254, -0.2448378950357437
0.3928011655807495, -0.3373076617717743
0.4281698763370514, -0.38701748847961426
0.4666106402873993, -0.46582934260368347
0.4880601763725281, -0.5192464590072632
0.5315511226654053, -0.595734179019928
0.5523889064788818, -0.6556652188301086
0.5887953042984009, -0.7179734706878662
0.6497302055358887, -0.846076488494873
0.6784709692001343, -0.9204225540161133
0.5802773237228394, -0.8996815085411072
0.5645287036895752, -0.8289670348167419
0.49969232082366943, -0.8299311995506287
0.47258076071739197, -0.7833986282348633
0.4505874812602997, -0.7335957884788513
0.3944377601146698, -0.7126679420471191
0.3697855472564697, -0.6519212126731873
0.32729119062423706, -0.6291604042053223
0.2642436921596527, -0.6325364708900452
0.2501624822616577, -0.5552917718887329
0.16935443878173828, -0.5286268591880798
0.14556926488876343, -0.45931103825569153
0.1099468544125557, -0.43486863374710083
0.030565408989787102, -0.4410497546195984
0.0161872711032629, -0.35728827118873596
-0.07085029035806656, -0.32354992628097534
-0.08636923879384995, -0.2704050838947296
-0.10367707163095474, -0.23197348415851593
-0.19469843804836273, -0.21575382351875305
-0.23212850093841553, -0.1371641755104065
-0.26991647481918335, -0.11315663158893585
-0.3874818682670593, -0.09696473181247711
-0.38041356205940247, -0.010771197266876698
-0.43536216020584106, 0.0392518974840641
-0.4521143436431885, 0.12479018419981003
-0.5342263579368591, 0.16710513830184937
-0.48877260088920593, 0.9216635823249817
-0.456429660320282, 0.9688832759857178
-0.3385718762874603, 1.0208710432052612
-0.2930806577205658, 0.9414536356925964
-0.17258648574352264, 0.7217317819595337
-0.13406647741794586, 0.6478512287139893
-0.10162806510925293, 0.5798887014389038
-0.33019325137138367, 0.5936571955680847
-0.5342263579368591, 0.16710513830184937
-0.5288212299346924, 0.2407551258802414
-0.33019325137138367, 0.5936571955680847
-0.10162806510925293, 0.5798887014389038
0.1819092482328415, 0.07801083475351334
0.35867905616760254, -0.2448378950357437
0.5315511226654053, -0.595734179019928
0.6497302055358887, -0.846076488494873
0.6784709692001343, -0.9204225540161133
0.5802773237228394, -0.8996815085411072
-0.3874818682670593, -0.09696473181247711
