-0.07495398819446564, -0.020175807178020477
0.08594803512096405, 0.06020792946219444
0.17560984194278717, 0.1000886857509613
0.1390722095966339, 0.06500758975744247
0.06324166059494019, 0.003074043896049261
-0.11958695203065872, -0.09647877514362335
-0.1709987372159958, -0.10012918710708618
-0.1709987372159958, -0.10012918710708618
-0.07495398819446564, -0.020175807178020477
0.08594803512096405, 0.06020792946219444
0.17560984194278717, 0.1000886857509613
0.1390722095966339, 0.06500758975744247
0.06324166059494019, 0.003074043896049261
-0.11958695203065872, -0.09647877514362335
