-0.7354528307914734, -0.2829030454158783
-0.6578784584999084, -0.2348252832889557
-0.6025460958480835, -0.20378512144088745
-0.5218530297279358, -0.1629081666469574
0.6350488662719727, 0.41280844807624817
0.7214789390563965, 0.2586168646812439
0.6227515339851379, 0.1611303836107254
-0.0202017892152071, -0.15944917500019073
-0.4002625644207001, -0.3412260115146637
-0.6565235257148743, -0.41810014843940735
-0.7622993588447571, -0.35442498326301575
-0.7622993588447571, -0.35442498326301575
-0.7354528307914734, -0.2829030454158783
-0.6578784584999084, -0.2348252832889557
-0.6025460958480835, -0.20378512144088745
-0.5218530297279358, -0.1629081666469574
0.6350488662719727, 0.41280844807624817
0.7214789390563965, 0.2586168646812439
0.6227515339851379, 0.1611303836107254
-0.0202017892152071, -0.15944917500019073
-0.4002625644207001, -0.3412260115146637
-0.6565235257148743, -0.41810014843940735
