0.1144551596727628, 0.2435079659943094
0.08448003026545287, 0.15461528947746073
0.07867821619953251, 0.13719807994457467
0.05423243021620523, 0.04251657193054303
0.03943938550325693, -0.01036441437336196
-0.0356090965417197, -0.2409036098472038
-0.10443043629851127, -0.29282092041600843
-0.06127806215926822, -0.17250567820121085
-0.06794217962343539, -0.1047441172778037
-0.039254136962892316, -0.009523562464815942
-0.014728257538973898, 0.10379030523704681
0.0246807445075529, 0.25484348522547345
-0.10443043629851127, -0.29282092041600843
-0.06794217962343539, -0.1047441172778037
-0.014728257538973898, 0.10379030523704681
0.0246807445075529, 0.25484348522547345
0.1144551596727628, 0.2435079659943094
0.03943938550325693, -0.01036441437336196
-0.0356090965417197, -0.2409036098472038
