-0.21742021505309264, 0.03753134567213113
-0.19909849162063928, 0.09860040228452636
-0.12409859891720768, 0.1548850199155256
-0.06681987351103634, 0.24426936725944365
0.0020300148157212546, 0.2625524002787642
0.052469842646181646, 0.2123847015508712
0.12498772643575932, 0.1558639002050622
0.19823924392644554, 0.07548322008523968
0.252150245075497, 0.021690083333350135
0.20451059982832126, -0.022167978903720808
0.1571983218476185, -0.06871125367127509
0.09781451175614773, -0.1385126341361849
0.05741435189296999, -0.17699853752579267
-0.0495260129306031, -0.20774697300751355
-0.11729007381703488, -0.13830640017926016
-0.179554645204442, -0.0821517083173409
-0.21742021505309264, 0.03753134567213113
-0.19909849162063928, 0.09860040228452636
-0.06681987351103634, 0.24426936725944365
0.0020300148157212546, 0.2625524002787642
0.12498772643575932, 0.1558639002050622
0.252150245075497, 0.021690083333350135
0.09781451175614773, -0.1385126341361849
0.05741435189296999, -0.17699853752579267
-0.0495260129306031, -0.20774697300751355
-0.179554645204442, -0.0821517083173409
