0.0736146362189332, -0.041326601064928456
0.01836099696677104, -0.0034264462782124124
-0.09092063890388742, 0.08401302975917163
-0.03455830273077813, 0.11382230930130419
0.023530796667620153, 0.09976338131409236
0.04810922428830168, 0.05365391508510041
0.09322402698352597, 0.017326184893992277
-0.09092063890388742, 0.08401302975917163
-0.03455830273077813, 0.11382230930130419
0.023530796667620153, 0.09976338131409236
0.09322402698352597, 0.017326184893992277
0.0736146362189332, -0.041326601064928456
0.01836099696677104, -0.0034264462782124124
