-0.11904382325445226, -0.020197351565076002
-0.1446873986899348, 0.04985236256873088
-0.05158694983824701, 0.07618550704610402
0.04559352221240278, 0.07626249191597435
0.1235335266168492, -0.052792692814100206
0.06579338357797682, -0.022879847510426935
0.029867810408692137, -0.026455852409883723
0.003449603660299315, -0.1099853685786052
-0.06701116053027699, -0.10263326262699457
-0.1446873986899348, 0.04985236256873088
-0.05158694983824701, 0.07618550704610402
0.04559352221240278, 0.07626249191597435
0.1235335266168492, -0.052792692814100206
0.003449603660299315, -0.1099853685786052
-0.06701116053027699, -0.10263326262699457
-0.11904382325445226, -0.020197351565076002
