-0.15013897234307652, -0.045999070053076026
-0.07293142329039495, 0.0336299449016745
0.09366322995486501, 0.06023830380588144
0.128927284264231, 0.011820361531519443
0.04435795638297264, -0.027058196936669367
-0.05282478466212134, -0.04134714468020928
-0.15013897234307652, -0.045999070053076026
-0.07293142329039495, 0.0336299449016745
0.09366322995486501, 0.06023830380588144
0.128927284264231, 0.011820361531519443
0.04435795638297264, -0.027058196936669367
-0.05282478466212134, -0.04134714468020928
