-0.2125484198331833, -0.41494423151016235
-0.18733444809913635, -0.34522899985313416
-0.17596204578876495, -0.29078546166419983
-0.10062071681022644, -0.16895467042922974
-0.04291562736034393, -0.05885469913482666
0.04984580725431442, -0.014899530448019505
0.0233321376144886, 0.058398593217134476
0.008598048239946365, 0.10687601566314697
0.0014958773972466588, 0.17696663737297058
-0.06466962397098541, 0.20866826176643372
-0.1295963078737259, 0.2545146048069
-0.14633376896381378, 0.38688215613365173
-0.11549250781536102, 0.46103161573410034
-0.08745663613080978, 0.5098092555999756
-0.03789643943309784, 0.5844892263412476
0.004663829691708088, 0.4911557734012604
0.03258190304040909, 0.43616387248039246
0.11032779514789581, 0.26329734921455383
0.09248514473438263, 0.18012270331382751
0.19540154933929443, 0.03782648593187332
0.19585013389587402, -0.02695653587579727
0.19585485756397247, -0.02764015644788742
0.16630017757415771, -0.09888411313295364
0.1875099539756775, -0.15880630910396576
0.13880972564220428, -0.23830072581768036
0.16239172220230103, -0.31396111845970154
0.11235673725605011, -0.3758203983306885
0.03436607867479324, -0.42410340905189514
-0.035545337945222855, -0.45027679204940796
-0.10010214149951935, -0.456703245639801
-0.14633376896381378, 0.38688215613365173
-0.11549250781536102, 0.46103161573410034
-0.08745663613080978, 0.5098092555999756
-0.03789643943309784, 0.5844892263412476
0.03258190304040909, 0.43616387248039246
0.11032779514789581, 0.26329734921455383
0.19540154933929443, 0.03782648593187332
0.19585013389587402, -0.02695653587579727
0.04984580725431442, -0.014899530448019505
-0.1295963078737259, 0.2545146048069
-0.2125484198331833, -0.41494423151016235
-0.17596204578876495, -0.29078546166419983
-0.04291562736034393, -0.05885469913482666
0.04984580725431442, -0.014899530448019505
0.19585013389587402, -0.02695653587579727
0.19585485756397247, -0.02764015644788742
0.1875099539756775, -0.15880630910396576
0.16239172220230103, -0.31396111845970154
0.11235673725605011, -0.3758203983306885
0.03436607867479324, -0.42410340905189514
-0.035545337945222855, -0.45027679204940796
-0.10010214149951935, -0.456703245639801
