-0.504135251045227, 0.1118985265493393
-0.45130249857902527, 0.2947481870651245
0.44038742780685425, -0.09165909886360168
0.5027240514755249, -0.12413328886032104
0.4995726943016052, -0.183781236410141
0.47559890151023865, -0.2393420934677124
0.42777976393699646, -0.2654340863227844
0.16092431545257568, -0.16363967955112457
-0.3175128698348999, 0.03428219258785248
-0.504135251045227, 0.1118985265493393
-0.45130249857902527, 0.2947481870651245
0.44038742780685425, -0.09165909886360168
0.5027240514755249, -0.12413328886032104
0.4995726943016052, -0.183781236410141
0.47559890151023865, -0.2393420934677124
0.42777976393699646, -0.2654340863227844
0.16092431545257568, -0.16363967955112457
-0.3175128698348999, 0.03428219258785248
