-0.11834915727376938, 0.05569735914468765
0.07438690960407257, 0.1054210513830185
0.1502549648284912, 0.09060662239789963
0.14257188141345978, -0.04649806395173073
0.05184173956513405, -0.0791022852063179
-0.09593241661787033, -0.11161229014396667
-0.14491483569145203, -0.07738500088453293
-0.14491483569145203, -0.07738500088453293
-0.11834915727376938, 0.05569735914468765
0.07438690960407257, 0.1054210513830185
0.1502549648284912, 0.09060662239789963
0.14257188141345978, -0.04649806395173073
0.05184173956513405, -0.0791022852063179
-0.09593241661787033, -0.11161229014396667
