-0.07969097048044205, 0.09014739096164703
0.0880991667509079, 0.06993749737739563
0.13442564010620117, 0.031598541885614395
0.10257385671138763, -0.04596134275197983
0.07626045495271683, -0.10477203875780106
-0.003476884914562106, -0.09730873256921768
-0.06243329867720604, -0.08810248225927353
-0.1057082787156105, -0.02552732639014721
-0.1057082787156105, -0.02552732639014721
-0.07969097048044205, 0.09014739096164703
0.0880991667509079, 0.06993749737739563
0.13442564010620117, 0.031598541885614395
0.10257385671138763, -0.04596134275197983
0.07626045495271683, -0.10477203875780106
-0.003476884914562106, -0.09730873256921768
-0.06243329867720604, -0.08810248225927353
