-0.052875764667987823, 0.11284743994474411
0.04878644645214081, 0.1005108579993248
0.08373639732599258, 0.039519984275102615
0.10938359797000885, -0.018577860668301582
0.049902234226465225, -0.08373123407363892
-0.08333229273557663, -0.06794995814561844
-0.072994664311409, 0.010408242233097553
-0.08333229273557663, -0.06794995814561844
-0.072994664311409, 0.010408242233097553
-0.052875764667987823, 0.11284743994474411
0.04878644645214081, 0.1005108579993248
0.08373639732599258, 0.039519984275102615
0.10938359797000885, -0.018577860668301582
0.049902234226465225, -0.08373123407363892
