-0.2891864776611328, 1.6756900548934937
-0.22610855102539062, 1.6768168210983276
-0.11368942260742188, 1.0247268676757812
0.13259412348270416, -0.40078046917915344
0.1495552510023117, -0.49494287371635437
0.1582164764404297, -0.5518323183059692
0.225191131234169, -0.937995433807373
0.2427702397108078, -1.0349990129470825
0.253322571516037, -1.1072149276733398
0.2835150361061096, -1.2681357860565186
0.2910270690917969, -1.3208974599838257
0.3523254096508026, -1.6808793544769287
0.3877582252025604, -1.8850411176681519
0.4546775817871094, -2.269021511077881
0.4463968575000763, -2.32832407951355
0.46186548471450806, -2.4154927730560303
0.5014267563819885, -2.532531976699829
0.4433412253856659, -2.575352668762207
0.3731537461280823, -2.607722520828247
0.3504495918750763, -2.4813077449798584
0.3721781075000763, -2.385162115097046
0.3668098747730255, -2.347778797149658
0.31171220541000366, -2.278341293334961
0.3442964553833008, -2.2316203117370605
0.2967844307422638, -2.1704511642456055
-0.3648853302001953, 1.6585513353347778
-0.3648853302001953, 1.6585513353347778
-0.2891864776611328, 1.6756900548934937
-0.22610855102539062, 1.6768168210983276
0.2835150361061096, -1.2681357860565186
0.5014267563819885, -2.532531976699829
0.4433412253856659, -2.575352668762207
0.3731537461280823, -2.607722520828247
0.31171220541000366, -2.278341293334961
