0.1626870334148407, 0.5734418630599976
0.0936589241027832, 0.5669847130775452
0.057749416679143906, 0.4299565255641937
0.03707845136523247, 0.30743786692619324
0.036888621747493744, 0.24680812656879425
0.01659729704260826, 0.16517673432826996
-0.00396556593477726, 0.0490410290658474
-0.022024469450116158, -0.028841087594628334
-0.023150263354182243, -0.09220167249441147
-0.04697362333536148, -0.13682734966278076
-0.043813109397888184, -0.19328467547893524
-0.0607135146856308, -0.30736789107322693
-0.0819353461265564, -0.41278403997421265
-0.08614899218082428, -0.4345380663871765
-0.03683546558022499, -0.5102237462997437
0.03702621906995773, -0.5568541884422302
0.11827544867992401, -0.5773881673812866
0.1984063982963562, -0.5920469164848328
0.17805206775665283, -0.6521040797233582
0.07800832390785217, -0.6663536429405212
0.02275916188955307, -0.6540578603744507
-0.06030591204762459, -0.6561277508735657
-0.13029532134532928, -0.6390427947044373
-0.22093001008033752, -0.5905848145484924
-0.20024432241916656, -0.5132038593292236
-0.21433615684509277, -0.4384666979312897
-0.21678799390792847, -0.42546314001083374
-0.20241688191890717, -0.3339613676071167
-0.19990506768226624, -0.2722010016441345
-0.20206527411937714, -0.21388742327690125
-0.17463500797748566, -0.15281200408935547
-0.1716509759426117, -0.08849113434553146
-0.15815415978431702, 0.006446175277233124
-0.13287033140659332, 0.10284404456615448
-0.11852272599935532, 0.18626944720745087
-0.10088910907506943, 0.24666500091552734
-0.08141011744737625, 0.36828017234802246
-0.05920926108956337, 0.5224752426147461
-0.03973984718322754, 0.6080076098442078
-0.0019407585496082902, 0.7318768501281738
0.08032289147377014, 0.7086899280548096
0.1391451209783554, 0.6476772427558899
-0.22093001008033752, -0.5905848145484924
-0.21433615684509277, -0.4384666979312897
-0.08614899218082428, -0.4345380663871765
0.1984063982963562, -0.5920469164848328
0.17805206775665283, -0.6521040797233582
0.07800832390785217, -0.6663536429405212
-0.06030591204762459, -0.6561277508735657
-0.13029532134532928, -0.6390427947044373
-0.21678799390792847, -0.42546314001083374
-0.20206527411937714, -0.21388742327690125
-0.05920926108956337, 0.5224752426147461
-0.03973984718322754, 0.6080076098442078
-0.0019407585496082902, 0.7318768501281738
0.08032289147377014, 0.7086899280548096
0.1391451209783554, 0.6476772427558899
0.1626870334148407, 0.5734418630599976
-0.08614899218082428, -0.4345380663871765
-0.21433615684509277, -0.4384666979312897
