-0.09290455281734467, 0.17865678668022156
-0.02159019000828266, 0.11635078489780426
0.03014494478702545, 0.015317916870117188
0.20363430678844452, -0.3261480927467346
0.24041640758514404, -0.45772799849510193
0.2300349771976471, -0.5102787613868713
0.13123193383216858, -0.44593989849090576
0.10097750276327133, -0.4015134871006012
-0.09290455281734467, 0.17865678668022156
-0.02159019000828266, 0.11635078489780426
0.03014494478702545, 0.015317916870117188
0.20363430678844452, -0.3261480927467346
0.24041640758514404, -0.45772799849510193
0.2300349771976471, -0.5102787613868713
0.13123193383216858, -0.44593989849090576
0.10097750276327133, -0.4015134871006012
