-0.0490065368614291, 0.05197001726476592
0.015041513274480616, 0.11265938220708278
0.06530904158029813, 0.07577098259904336
0.07945105066133917, 0.017805402067926832
0.021160595083579398, -0.08111253258679557
0.009301655198836498, -0.13863474683717797
-0.0896482490273032, -0.021140789257238893
-0.0896482490273032, -0.021140789257238893
-0.0490065368614291, 0.05197001726476592
0.015041513274480616, 0.11265938220708278
0.06530904158029813, 0.07577098259904336
0.07945105066133917, 0.017805402067926832
0.009301655198836498, -0.13863474683717797
