-1.5680593501998696, 0.42982005859012157
-1.5286990526420836, 0.46495316347779364
-1.4771254094186776, 0.5112382724580329
-1.4243176411520826, 0.5649134269851281
-1.309386307725584, 0.6118735517824704
-1.2473091261237594, 0.6096242966586883
-1.228681664537873, 0.6098602203728614
-1.2076499758211077, 0.6120442938925821
-1.1278069228579417, 0.6461143455336298
-1.105226721160604, 0.6652208489756517
-1.0837334536732939, 0.6878154796955261
-1.0641061768803644, 0.7089445700629503
-1.0451886120709408, 0.7305146882587814
-1.0279074768875052, 0.7516977792318547
-1.0092214812248788, 0.7749350374071665
-0.9917561766653723, 0.8636689693758518
-1.0020164639864209, 0.917837862848741
-1.0463121387420904, 0.9774815536982716
-1.0136107588650192, 1.0470347662533461
-0.9767079558521468, 1.0092611860433236
-0.9020777641727338, 0.9871177509629063
-0.8883924567753901, 0.9865722938064022
-0.8704742865115899, 0.9873171772479429
-0.7851769854526681, 1.0063718666722206
-0.7605216321973374, 1.0246992421733332
-0.6661479053289951, 1.1121898600997766
-0.6427653228191667, 1.1804508535955143
-0.6406573269017161, 1.2292602029665423
-0.6439460462511267, 1.294559558812893
-0.6359841318717099, 1.38393588236859
-0.6004428455843267, 1.4300482443994178
-0.5466244751998897, 1.491804448340116
-0.5102979054993602, 1.454089680216013
-0.4554887098724095, 1.4141595270562297
-0.3919995887763005, 1.3544677172484327
-0.32963845941781383, 1.2921250630086407
-0.289064698954559, 1.2540057925856818
-0.24968897672672236, 1.2144031202253245
-0.19507464087855841, 1.1716606370971612
-0.12609035455216241, 1.1090137599321641
-0.07080005264104561, 1.0536572303935816
-0.024676837363059593, 1.0158868828286978
0.029412192369113414, 0.9530780090366082
0.08596760200851494, 0.9127441661532292
0.15047711577470357, 0.8551941565647028
0.20798515692407776, 0.7937638996804453
0.25014613418262377, 0.7526117525108738
0.31185516321706636, 0.6978140807984243
0.43111503240085175, 0.5942216358880762
0.48846688591879034, 0.5333982872476077
0.5106312190866279, 0.5116137291784568
0.5601555478120911, 0.4649756303318719
0.6492329392261306, 0.3889066182667318
0.6878289365253084, 0.35224700879569665
0.728289971450673, 0.3093070964886871
0.8688363056176402, 0.1703123354093854
0.9467199101696228, 0.11148136486658175
1.0306384094034746, 0.03291357584785589
1.107751982053658, -0.04507494797103418
1.1662942194353123, -0.10839738158259087
1.1882984711522535, -0.12906747652689632
1.2075614549985443, -0.14707773817818712
1.248650557392186, -0.18490424931889474
1.3111539885115384, -0.24805957448563623
1.3711744260469092, -0.2879158553001927
1.4091740989617731, -0.3243889303208311
1.4665139798141824, -0.38793809227112636
1.531241032763238, -0.44838786240559897
1.571662227660269, -0.49054025458585143
1.6106960302117663, -0.5283500401625447
1.6533885632918819, -0.5676693580085495
1.7104245093799968, -0.6116870353204319
1.6789219507777597, -0.6789823528837599
1.6332849162723584, -0.7206998877482601
1.5701279325208073, -0.792005663567202
1.5182536929178512, -0.8436627192154401
1.4558731588067098, -0.9058077099421906
1.415194210565866, -0.9481059257078172
1.3503552582418874, -1.0238067906976909
1.3097513243625512, -1.0671609924698116
1.2299359548100224, -1.1484630904620337
1.1461231147216366, -1.2280131550771851
1.0889203232329225, -1.305055398090061
1.0344464354662224, -1.3628225117137696
0.9658657868423999, -1.4294634040022907
0.9072348039807913, -1.4884605706601814
0.8696465198727804, -1.5306260526084303
0.789391746638455, -1.6244461514027284
0.7279425565819346, -1.6860482814520066
0.6630838358990492, -1.6765132813019428
0.5923929314104905, -1.6056695448155316
0.5229449889673584, -1.5480479339417448
0.47574598035082766, -1.5127347322221008
0.393060729475427, -1.4225291057381486
0.34921795709715187, -1.3873386108544048
0.2693782778155395, -1.3051698276287376
0.21154688103399216, -1.2493229226525937
0.1560721363551629, -1.207579030527217
-0.011948387291116915, -1.0436871719566263
-0.09019046797486512, -0.9675271888685546
-0.14814046025175034, -0.9205001683331003
-0.18704010111705102, -0.8871787641263789
-0.24771747131063362, -0.8263211581212304
-0.34959982451559696, -0.7263520409590628
-0.4864076430583081, -0.6068316246177246
-0.5482441926078365, -0.5473289980400291
-0.5977745631670653, -0.5013780399405495
-0.6500852261535538, -0.4453068953260254
-0.70913191901146, -0.38616373357286915
-0.7734524426361421, -0.3286233429010429
-0.8516734774776813, -0.263013638732356
-0.9106961647431578, -0.2062991343337218
-0.9911356644245107, -0.12480779415094878
-1.0528989286350146, -0.0689664418480457
-1.0898325687888986, -0.025848704882345846
-1.2090707209774099, 0.0752225444387914
-1.2712687434597902, 0.13304200137469574
-1.3098475521803923, 0.17308923554605812
-1.349171308640091, 0.21218287693188911
-1.4125790190737912, 0.2668014193025228
-1.4719237147212412, 0.31748638479423524
-1.508399611653063, 0.3559539439957218
-0.6661479053289951, 1.1121898600997766
-0.6359841318717099, 1.38393588236859
-0.6004428455843267, 1.4300482443994178
-0.5466244751998897, 1.491804448340116
-0.4554887098724095, 1.4141595270562297
0.15047711577470357, 0.8551941565647028
0.43111503240085175, 0.5942216358880762
1.0306384094034746, 0.03291357584785589
1.3711744260469092, -0.2879158553001927
1.7104245093799968, -0.6116870353204319
1.6789219507777597, -0.6789823528837599
1.3588187421481983, -1.0139254920404535
-1.0641061768803644, 0.7089445700629503
-1.0463121387420904, 0.9774815536982716
-1.0136107588650192, 1.0470347662533461
-0.6661479053289951, 1.1121898600997766
1.3588187421481983, -1.0139254920404535
1.3503552582418874, -1.0238067906976909
1.3097513243625512, -1.0671609924698116
1.124517372221489, -1.2571123444847232
-1.5680593501998696, 0.42982005859012157
-1.4243176411520826, 0.5649134269851281
-1.309386307725584, 0.6118735517824704
-1.0641061768803644, 0.7089445700629503
1.124517372221489, -1.2571123444847232
1.0889203232329225, -1.305055398090061
0.789391746638455, -1.6244461514027284
0.7279425565819346, -1.6860482814520066
0.6630838358990492, -1.6765132813019428
0.47574598035082766, -1.5127347322221008
-1.4719237147212412, 0.31748638479423524
-1.508399611653063, 0.3559539439957218
