-0.3195497274513752, -0.3260989681490342
-0.24609977732568222, -0.27989150032965926
-0.23135001714253256, -0.21188949514246974
-0.2574611990642552, -0.1584169118402419
-0.19933968756329, -0.1052872031774158
-0.18532504490758586, -0.07289039301610387
-0.17983103973902695, -0.05754578945576504
-0.14908750664394835, 0.03933853237236431
-0.12388703590406966, 0.12786912014007176
-0.0948711003585436, 0.20624491861905397
-0.06761545868373203, 0.2987537339195567
-0.04500023790495268, 0.3481229130939135
-0.00481532944520922, 0.42449505925155073
0.056039402253118695, 0.4041679138539067
0.07573475463046511, 0.3524871601612059
0.025927887692541708, 0.2746104674931542
-0.010122553349685407, 0.17348554997503382
-0.030554196042431307, 0.1270582767103886
-0.0529036526050523, 0.05517485529595635
-0.07292136123818617, -0.01502879875255818
-0.0768418314509616, -0.04369121234218911
0.00889678233795033, -0.07557343860068805
0.08981571873403689, -0.02233356014711674
0.1354732374668278, 0.012620563255938876
0.24131201213606054, 0.09016199775955915
0.3055055865804955, 0.13749604282609007
0.3554283660425838, 0.17865365585575413
0.44674852736897686, 0.23325336477294362
0.5020512937941465, 0.19525263727984737
0.4389065589308104, 0.13343747386915555
0.39178474630680593, 0.09546655660592566
0.31249276385268276, 0.04148670660857185
0.232076994938943, -0.010647868949407361
0.16566097754730283, -0.05447838044520421
0.1135882789208534, -0.13380712468247624
0.03296479535903488, -0.17570361480870614
-0.03613716296129927, -0.2208271311006466
-0.12895449546535645, -0.2182058583770966
-0.16209647176009886, -0.26349686089863356
-0.177533483264688, -0.3238110440170714
-0.1667190613300745, -0.3897536098574547
-0.23173139621216568, -0.43186864088733196
-0.318089670027099, -0.4039661682492199
-0.3817319308140498, -0.36360904560235213
-0.24480156360825756, -0.4276456524921895
-0.1450383422177309, -0.1995878238414053
-0.12895449546535645, -0.2182058583770966
-0.1667190613300745, -0.3897536098574547
-0.23173139621216568, -0.43186864088733196
-0.1450383422177309, -0.1995878238414053
-0.0768418314509616, -0.04369121234218911
0.44674852736897686, 0.23325336477294362
0.5020512937941465, 0.19525263727984737
0.4389065589308104, 0.13343747386915555
0.1135882789208534, -0.13380712468247624
-0.03613716296129927, -0.2208271311006466
-0.12895449546535645, -0.2182058583770966
-0.3817319308140498, -0.36360904560235213
-0.04500023790495268, 0.3481229130939135
-0.00481532944520922, 0.42449505925155073
0.056039402253118695, 0.4041679138539067
0.07573475463046511, 0.3524871601612059
-0.0768418314509616, -0.04369121234218911
-0.24480156360825756, -0.4276456524921895
-0.318089670027099, -0.4039661682492199
