-0.04094495804570704, 0.13449564569418818
0.013866717086448816, 0.16042096061033936
0.05190032974548363, 0.09495089995189646
0.07595972200837858, 0.0019940068758155702
0.11354227062588083, -0.10440713561366535
0.059501657626523485, -0.16483866676880224
-0.018984193458744372, -0.1762909801959019
-0.04299762813320521, -0.10053103790872706
-0.05415157357259747, -0.01741936607109917
-0.12380268989443073, 0.06001733470970707
-0.12380268989443073, 0.06001733470970707
-0.04094495804570704, 0.13449564569418818
0.013866717086448816, 0.16042096061033936
0.05190032974548363, 0.09495089995189646
0.11354227062588083, -0.10440713561366535
0.059501657626523485, -0.16483866676880224
-0.018984193458744372, -0.1762909801959019
