-0.13956004295569835, 0.0692581146420399
-0.08268041025849279, 0.06084540192626971
-0.030819702493175116, 0.05949880624444072
0.019437087558062068, 0.09602485644528916
0.08593106119763114, 0.06776915814841293
0.15970974764487736, 0.03983515085299396
0.20005657826675977, -0.03010816202522089
0.12266008611234994, -0.03627990754085886
0.07954105425615211, -0.07455530371294736
-0.020805973611116493, -0.07343473419741495
-0.05529337111761245, -0.008170521860180526
-0.10007917359676546, 4.923727100356236E-4
-0.19644754325006394, 0.00682734304753528
-0.19644754325006394, 0.00682734304753528
-0.13956004295569835, 0.0692581146420399
0.019437087558062068, 0.09602485644528916
0.15970974764487736, 0.03983515085299396
0.20005657826675977, -0.03010816202522089
0.07954105425615211, -0.07455530371294736
-0.020805973611116493, -0.07343473419741495
