-0.27946046458923585, -0.36733459678366054
-0.24868894159939398, -0.27752983945154563
-0.18097530868321118, -0.2085623525059908
-0.1579734329780386, -0.16742036444937997
-0.1430675838231821, -0.10914037943688586
-0.10269211638289055, -0.06544056774910458
-0.025136994567224576, 0.01350117108088016
0.023518955714757057, 0.08092049219547194
0.05946722875844436, 0.13489857724989057
0.11005835981563647, 0.2396768021296923
0.1713518435318746, 0.3108543347708652
0.26046098669372836, 0.3433617045616994
0.2227937631978233, 0.265557932467204
0.20513055834015093, 0.18917343382714924
0.15015689772682633, 0.12373929623854747
0.09842945448091352, 0.09403518579603172
0.06057517744502925, 0.011816806119459913
4.276874169830908E-4, -0.052254367972087816
-0.06175340618740531, -0.10906973979066309
-0.09158400187165852, -0.1519261224897246
-0.11355002923296051, -0.2153346327782007
-0.1626504748551077, -0.24764611030031405
-0.20129681499705798, -0.30183788887741686
-0.27946046458923585, -0.36733459678366054
-0.24868894159939398, -0.27752983945154563
-0.1430675838231821, -0.10914037943688586
0.11005835981563647, 0.2396768021296923
0.1713518435318746, 0.3108543347708652
0.26046098669372836, 0.3433617045616994
0.20513055834015093, 0.18917343382714924
-0.11355002923296051, -0.2153346327782007
-0.20129681499705798, -0.30183788887741686
