-0.05646027997136116, 0.09460080415010452
0.08045472949743271, 0.053896646946668625
0.08867353945970535, -0.021135015413165092
0.08010531216859818, -0.10048965364694595
-0.07899753004312515, -0.0610722117125988
-0.08771328628063202, 0.02950451709330082
-0.08771328628063202, 0.02950451709330082
-0.05646027997136116, 0.09460080415010452
0.08045472949743271, 0.053896646946668625
0.08867353945970535, -0.021135015413165092
0.08010531216859818, -0.10048965364694595
-0.07899753004312515, -0.0610722117125988
