-0.10087397461068781, 0.00236746260674372
-0.07787763428028689, 0.08079849985993007
-0.003646497998285847, 0.1556447168321537
0.07643017662911182, 0.11917194965901477
0.04839439436035707, 0.03487286725651219
0.05273305600801267, -0.12318220611022447
0.030225790485145926, -0.20107132372513994
-0.014079167212898425, -0.0917679629435419
-0.10520706842555132, -0.0572178825114059
-0.10520706842555132, -0.0572178825114059
-0.10087397461068781, 0.00236746260674372
-0.07787763428028689, 0.08079849985993007
-0.003646497998285847, 0.1556447168321537
0.07643017662911182, 0.11917194965901477
0.05273305600801267, -0.12318220611022447
0.030225790485145926, -0.20107132372513994
