-0.08396118457931831, 0.3106538579857571
-0.04442656329056499, 0.34406020867119513
-0.002505818400108599, 0.3856992429508068
0.05793892217388438, 0.34419510212184734
0.03135579217112005, 0.26915974338756776
0.026478836758867103, 0.20197906410790684
0.07636628009630193, 0.11527399623370062
0.1074532620736681, 0.002540288282536111
0.10935428042297905, -0.05983897394522948
0.12779840599421194, -0.13016369568706326
0.1317147750006148, -0.1969851601550944
0.13162085935081644, -0.2478788228690634
0.1268495613070426, -0.3044177365997349
0.05085610706318768, -0.4194303741407757
-0.003336153692194964, -0.3715006687142257
-0.04983397862911632, -0.3274271153432299
-0.07794783359929788, -0.23746056741712465
-0.07200435763301269, -0.1538223931312526
-0.08796309923006494, -0.10289070799301397
-0.09664978927524501, -0.04837136403633383
-0.1008338812426206, 0.04893522056031411
-0.09112513218241748, 0.12870416639565968
-0.1140312521548579, 0.1776520441404931
-0.1378349126449201, 0.24881500436567738
-0.1378349126449201, 0.24881500436567738
-0.08396118457931831, 0.3106538579857571
-0.002505818400108599, 0.3856992429508068
0.05793892217388438, 0.34419510212184734
0.12779840599421194, -0.13016369568706326
0.1317147750006148, -0.1969851601550944
0.13162085935081644, -0.2478788228690634
0.1268495613070426, -0.3044177365997349
0.05085610706318768, -0.4194303741407757
-0.003336153692194964, -0.3715006687142257
-0.04983397862911632, -0.3274271153432299
-0.07794783359929788, -0.23746056741712465
