-0.014062379702563901, 0.13785895398570724
0.03734511628907567, 0.13016370004522818
0.03364050030827534, 0.046463200316590306
0.05828932829927261, -0.04833402150099679
0.050789099298613416, -0.11585811310707027
-0.04863851935361365, -0.15759850036159867
-0.05806463655390132, -0.08749154649069085
-0.03989409134053304, -0.038163066429086595
-0.05208342336320614, 0.029818732399321157
-0.0709459587982455, 0.08851610296475991
-0.0709459587982455, 0.08851610296475991
-0.014062379702563901, 0.13785895398570724
0.03734511628907567, 0.13016370004522818
0.05828932829927261, -0.04833402150099679
0.050789099298613416, -0.11585811310707027
-0.04863851935361365, -0.15759850036159867
-0.05806463655390132, -0.08749154649069085
