-0.15812341507836436, 0.038130132242321306
-0.09968248350103083, 0.05762993443553768
-0.014788622709096968, 0.05585591024833002
0.07074297367328596, 0.06836751025896787
0.1637369733601392, 0.0606754588094375
0.1659054845678166, -0.023549271371273578
0.05738698072179408, -0.0547347989762975
-0.062337467358990914, -0.06747670657161052
-0.18605839306885724, -0.06939913413460091
-0.19902740443284164, 0.0070446132502850495
-0.19902740443284164, 0.0070446132502850495
-0.15812341507836436, 0.038130132242321306
-0.09968248350103083, 0.05762993443553768
0.07074297367328596, 0.06836751025896787
0.1637369733601392, 0.0606754588094375
0.1659054845678166, -0.023549271371273578
0.05738698072179408, -0.0547347989762975
-0.062337467358990914, -0.06747670657161052
-0.18605839306885724, -0.06939913413460091
