-0.3440849613036373, 0.06804737781822358
-0.33951347171927887, 0.11838646399121877
-0.15282581133842107, 0.14274687813386092
-0.09042284536206723, 0.0929928623259854
-0.0525697346580022, 0.06310266513186527
0.007136586102001656, 0.02074856155711506
0.06313927387293324, 0.020373934698223968
0.08852812476088116, 0.020706410727029213
0.17501770192362873, 0.054395115965001004
0.27540381293652044, 0.07768885964897361
0.3482816013815497, -0.018830026022316437
0.38651473823675153, -0.08483619219581208
0.34416356246841534, -0.13556096633092599
0.2739595907582431, -0.09085311968636982
0.22163389589981947, -0.09743951321313842
0.10673984659967678, -0.09820947411486106
0.012613500868285565, -0.11239275428606584
-0.0426606233293281, -0.09242915751437837
-0.2141523724189859, -0.002788797633563279
-0.3131094166156579, 0.024766537673904923
-0.3440849613036373, 0.06804737781822358
-0.33951347171927887, 0.11838646399121877
-0.15282581133842107, 0.14274687813386092
0.27540381293652044, 0.07768885964897361
0.3482816013815497, -0.018830026022316437
0.38651473823675153, -0.08483619219581208
0.34416356246841534, -0.13556096633092599
0.012613500868285565, -0.11239275428606584
-0.0426606233293281, -0.09242915751437837
-0.3131094166156579, 0.024766537673904923
