-0.9826804399490356, 0.21894316375255585
0.47724977135658264, 0.21869271993637085
1.2263038158416748, 0.2185642123222351
1.9560496807098389, 0.2184390276670456
1.9640613794326782, 0.1507667750120163
1.7987266778945923, 0.11636055260896683
1.7795593738555908, 0.11237182468175888
1.7603919506072998, 0.10838309675455093
1.4838883876800537, 0.050842564553022385
1.4203815460205078, 0.037626780569553375
1.0225201845169067, -0.04516834020614624
0.9389667510986328, -0.06255583465099335
0.7745710015296936, -0.09676665812730789
0.504115879535675, -0.15304848551750183
0.4440462589263916, -0.16554899513721466
0.3602524399757385, -0.1829865276813507
0.34102174639701843, -0.1869884431362152
0.27864670753479004, -0.19996871054172516
-0.016310740262269974, -0.26134946942329407
-0.16354282200336456, -0.2919885218143463
-0.28249162435531616, -0.31674182415008545
-0.41440507769584656, -0.34419307112693787
-0.4325954020023346, -0.34797850251197815
-0.6491943597793579, -0.3930528163909912
-0.8044095039367676, -0.40560394525527954
-0.9594265222549438, -0.405608594417572
-1.1371084451675415, -0.4056139588356018
-1.1839077472686768, -0.3345701992511749
-1.2114428281784058, -0.2707997262477875
-1.2115862369537354, -0.014661256223917007
-1.211716890335083, 0.21898245811462402
-1.211716890335083, 0.21898245811462402
1.9560496807098389, 0.2184390276670456
1.9640613794326782, 0.1507667750120163
-0.6491943597793579, -0.3930528163909912
-0.8044095039367676, -0.40560394525527954
-1.1371084451675415, -0.4056139588356018
-1.1839077472686768, -0.3345701992511749
-1.2114428281784058, -0.2707997262477875
