-0.20633172988891602, 0.37287843227386475
0.17450857162475586, 0.3729548156261444
0.27538007497787476, 0.34406551718711853
0.27567368745803833, -0.1714327037334442
0.2757508456707001, -0.30689170956611633
0.27579036355018616, -0.37623438239097595
0.21938376128673553, -0.37630876898765564
0.03786022216081619, -0.3765481114387512
-0.3492651879787445, -0.3770585358142853
-0.3493649959564209, -0.1742066890001297
-0.3494664430618286, 0.03196912258863449
-0.34956878423690796, 0.23993352055549622
-0.34963417053222656, 0.372849702835083
-0.34963417053222656, 0.372849702835083
0.17450857162475586, 0.3729548156261444
0.27538007497787476, 0.34406551718711853
0.27579036355018616, -0.37623438239097595
-0.3492651879787445, -0.3770585358142853
