-0.053869184106588364, 0.06869746744632721
0.0904819667339325, 0.045920416712760925
0.08418944478034973, -0.05286525562405586
0.03422079235315323, -0.08252455294132233
-0.03507431596517563, -0.05110740289092064
-0.10002511739730835, -0.011010196059942245
-0.10002511739730835, -0.011010196059942245
-0.053869184106588364, 0.06869746744632721
0.0904819667339325, 0.045920416712760925
0.08418944478034973, -0.05286525562405586
0.03422079235315323, -0.08252455294132233
-0.03507431596517563, -0.05110740289092064
