-0.5106967687606812, -0.3704643249511719
-0.4597516655921936, -0.31950142979621887
-0.40880656242370605, -0.2685385048389435
-0.33121681213378906, -0.19092167913913727
-0.08409992605447769, 0.056281521916389465
-0.061778150498867035, 0.0786110907793045
-0.01007972564548254, 0.13032756745815277
0.01774257980287075, 0.15815959870815277
0.15907509624958038, 0.2995414733886719
0.23278190195560455, 0.35169973969459534
0.27481117844581604, 0.4015771150588989
0.3164689540863037, 0.4428907036781311
0.37587234377861023, 0.502803385257721
0.4638291597366333, 0.5262582898139954
0.5073749423027039, 0.49634063243865967
0.5696413516998291, 0.42765823006629944
0.5301896333694458, 0.38812151551246643
0.4429182708263397, 0.31516575813293457
0.3683367371559143, 0.26896730065345764
0.3495388925075531, 0.2075960338115692
0.25018125772476196, 0.10822749882936478
0.2303798347711563, 0.08842390030622482
0.18916161358356476, 0.047201160341501236
0.1513833999633789, 0.009418802335858345
0.10885991156101227, -0.03310935199260712
0.03966823220252991, -0.10230861604213715
-0.07166913151741028, -0.17049814760684967
-0.12380260974168777, -0.17957256734371185
-0.17962653934955597, -0.2223663181066513
-0.16965603828430176, -0.31197524070739746
-0.37003427743911743, -0.5125114321708679
-0.4103630483150482, -0.5528719425201416
-0.6141233444213867, -0.5902622938156128
-0.6514471769332886, -0.511263906955719
-0.6514471769332886, -0.511263906955719
0.01774257980287075, 0.15815959870815277
0.15907509624958038, 0.2995414733886719
0.37587234377861023, 0.502803385257721
0.4638291597366333, 0.5262582898139954
0.5073749423027039, 0.49634063243865967
0.5696413516998291, 0.42765823006629944
0.5301896333694458, 0.38812151551246643
-0.4103630483150482, -0.5528719425201416
-0.6141233444213867, -0.5902622938156128
