-0.07424648445254743, 0.19643429911880297
-0.018256250163164643, 0.1961727786678556
0.0699047176903686, 0.2032575029898456
0.09439283428799991, 0.11540287588031102
0.09550060697053062, 0.02004888154082644
0.09824854718747827, -0.03637024115012933
0.11879581488323754, -0.13185986133202388
0.012841287727768987, -0.19415786279843875
-0.06324878041141853, -0.15635360806296536
-0.07052390896325193, -0.08638542952290543
-0.0920376868782252, 0.003439173077078093
-0.10013444589960134, 0.07457595124495567
-0.11985355091464996, 0.1748193456381661
-0.11985355091464996, 0.1748193456381661
-0.07424648445254743, 0.19643429911880297
0.0699047176903686, 0.2032575029898456
0.09439283428799991, 0.11540287588031102
0.11879581488323754, -0.13185986133202388
0.012841287727768987, -0.19415786279843875
-0.06324878041141853, -0.15635360806296536
-0.0920376868782252, 0.003439173077078093
