-0.10889596678611524, 0.10628654234618597
-0.0905511600281926, 0.19435695828762692
0.050332547804814935, 0.053406128325526436
0.1352781182789005, -0.025540631994474997
0.176462783490893, -0.06983194797329172
0.0973748429355811, -0.10425882877409076
0.008142464959299408, -0.13132245725168362
-0.05046937511468388, -0.10462401636234052
-0.09222586510288193, -0.057764316669711706
-0.10856379427999231, 0.027650656057079677
-0.10889596678611524, 0.10628654234618597
-0.0905511600281926, 0.19435695828762692
0.1352781182789005, -0.025540631994474997
0.176462783490893, -0.06983194797329172
0.0973748429355811, -0.10425882877409076
0.008142464959299408, -0.13132245725168362
-0.05046937511468388, -0.10462401636234052
-0.09222586510288193, -0.057764316669711706
-0.10856379427999231, 0.027650656057079677
