-0.15568222479461785, 0.5398745749752842
-0.16948858729770777, 0.5908808906845153
-0.09314115333411666, 0.6082969670801474
-1.4784813932938978E-5, 0.6434424138402727
0.063917727014291, 0.6304725953801616
0.15131380392132662, 0.6683171608394379
0.15580422095973137, 0.5891124714995255
0.14646857312307504, 0.49283010844181774
0.16356740714101228, 0.37658104924993746
0.17109980596531868, 0.27696000275670274
0.18500242204193731, 0.17649761057208552
0.1782849510057176, 0.11964252637638219
0.22206173211685215, 0.060805447236894974
0.20939200561513444, -0.0058412904542947475
0.2031257552272195, -0.07859491676052692
0.2150788903631083, -0.15556463710211094
0.22984424362388708, -0.21825515392180297
0.20648030807422524, -0.28109621691603126
0.18578833709411396, -0.3644051300501807
0.1818989743991262, -0.4540471392496343
0.17325526349315598, -0.5373658694831095
0.18678463905505532, -0.5876007643993925
0.06187873446685334, -0.6146992367225501
0.03950377305488394, -0.6418222274709657
0.06619299140154768, -0.7123387146523076
0.11845442529101541, -0.7110390979341843
0.08995197092214369, -0.7534872610509907
0.020194065963180036, -0.7603644408698745
-0.07821206741281282, -0.743539532009288
-0.10319214417738369, -0.6921770223554773
-0.23599354451330823, -0.6980280744362612
-0.3975660241993406, -0.6947110880435516
-0.3578217429301723, -0.6183805350788081
-0.32251287659211497, -0.5690999921032917
-0.312097491314632, -0.5468999305112024
-0.2980418226786071, -0.47187575396416326
-0.2568819102040379, -0.4052697655175881
-0.2101697323396056, -0.34641439259590534
-0.17356363346381415, -0.24784409255074077
-0.16146480592452014, -0.17014041365506788
-0.1383856350208319, -0.08055276440487738
-0.11705318616165913, 0.018820749418217753
-0.14943309319527276, 0.11217134592752342
-0.1573514130210532, 0.16173678769089006
-0.15431511392431443, 0.25149762079572446
-0.17416272895388038, 0.41490527147033357
-0.2179815299618754, 0.490750280244005
-0.3975660241993406, -0.6947110880435516
-0.2980418226786071, -0.47187575396416326
-0.2902581608603247, -0.4592800398828739
0.03950377305488394, -0.6418222274709657
0.11845442529101541, -0.7110390979341843
0.08995197092214369, -0.7534872610509907
0.020194065963180036, -0.7603644408698745
-0.2179815299618754, 0.490750280244005
-0.16948858729770777, 0.5908808906845153
-1.4784813932938978E-5, 0.6434424138402727
0.15131380392132662, 0.6683171608394379
0.22206173211685215, 0.060805447236894974
0.2239561274555558, -0.007122637620159418
-0.11705318616165913, 0.018820749418217753
-0.14943309319527276, 0.11217134592752342
-0.2902581608603247, -0.4592800398828739
-0.11705318616165913, 0.018820749418217753
0.2239561274555558, -0.007122637620159418
0.22984424362388708, -0.21825515392180297
0.18678463905505532, -0.5876007643993925
0.03950377305488394, -0.6418222274709657
