-0.10522986849659516, 0.09143967120484991
-0.04238548236366543, 0.1532474284469852
-0.02354827012203367, 0.20355379343707133
0.03480437289901617, 0.16880264256473812
0.06575749455089434, 0.06659274808329022
0.08157420536757727, -0.028980324542789596
0.10600190527015876, -0.17462664561682545
0.006979942843586218, -0.19496411486160115
0.014638764324748716, -0.1367386618659897
-0.039404780051239874, -0.06668173689202814
-0.13176429408857185, -0.05747851539348271
-0.1432483095542796, 0.05122745406734915
-0.1432483095542796, 0.05122745406734915
-0.02354827012203367, 0.20355379343707133
0.03480437289901617, 0.16880264256473812
0.06575749455089434, 0.06659274808329022
0.10600190527015876, -0.17462664561682545
0.006979942843586218, -0.19496411486160115
-0.13176429408857185, -0.05747851539348271
