-0.1155213566069208, 0.03570401883565917
-0.0738117489599962, 0.12522067789205032
-5.515425843383567E-4, 0.16792933426566814
0.12317300644027615, 0.17826824724859883
0.14664719225842165, 0.09737231477901336
0.20044135233823557, 0.024218063463155314
0.16125734354581894, -0.042763200927097594
0.15460425359786084, -0.09656449542610689
0.07328929740154172, -0.1906360561787705
0.014143597506495803, -0.265934719119493
-0.03149620144094243, -0.20001575760199813
-0.08748619079381578, -0.13438573439176382
-0.1650431641340417, -0.002383441215243912
-0.1650431641340417, -0.002383441215243912
-0.0738117489599962, 0.12522067789205032
-5.515425843383567E-4, 0.16792933426566814
0.12317300644027615, 0.17826824724859883
0.20044135233823557, 0.024218063463155314
0.15460425359786084, -0.09656449542610689
0.014143597506495803, -0.265934719119493
-0.08748619079381578, -0.13438573439176382
