0.11571392134470551, -0.18132327722260555
0.07574824275198444, -0.22099715981840348
0.1149337465212422, -0.3212570680121227
0.09414518184874954, -0.3769267786494022
0.055555571235115696, -0.3037272250084763
0.019756992659051606, -0.2518290287747625
-0.027441477418272478, -0.21942191620538826
0.009497173816064512, -0.1647402753614411
0.006445041641129359, -0.10263443436026777
-0.03351154398721702, -0.04586704526097942
-0.09878171291624013, -0.0433950084090576
-0.15912670300698212, -0.09837928279337758
-0.1508054908410132, -0.03082644139507991
-0.16910819073352124, 0.07158735648342156
-0.1854598342066425, 0.15681301770171538
-0.15612119985871262, 0.20326407855509204
-0.05497380198935669, 0.28035359332482923
0.021949220764674003, 0.23479301771102326
0.07431723931494717, 0.250029142864256
0.02271723300699857, 0.19678385225621903
-0.004198643301527581, 0.16378684607985
0.035931443109194536, 0.08739200424630797
0.0793639813925791, 0.05425350620939344
0.16932021963209332, 0.016228113874829347
0.10533417116477614, 0.0035763537224841983
0.04402680812060666, -0.054578966515595434
0.05882287746463607, -0.11263343398408152
-0.15912670300698212, -0.09837928279337758
-0.15221229162961095, -0.022954607596518784
-0.029976871974821292, -0.042653112067377874
-0.03351154398721702, -0.04586704526097942
-0.03351154398721702, -0.04586704526097942
-0.029976871974821292, -0.042653112067377874
0.04402680812060666, -0.054578966515595434
0.11571392134470551, -0.18132327722260555
0.1149337465212422, -0.3212570680121227
0.09414518184874954, -0.3769267786494022
-0.027441477418272478, -0.21942191620538826
-0.17398954792387145, 0.09479381367280934
-0.004198643301527581, 0.16378684607985
0.16932021963209332, 0.016228113874829347
0.04402680812060666, -0.054578966515595434
-0.15221229162961095, -0.022954607596518784
-0.1854598342066425, 0.15681301770171538
-0.15612119985871262, 0.20326407855509204
-0.05497380198935669, 0.28035359332482923
0.07431723931494717, 0.250029142864256
-0.004198643301527581, 0.16378684607985
-0.17398954792387145, 0.09479381367280934
