-0.16014507412910461, 0.5525017380714417
-0.0844101533293724, 0.38367077708244324
-0.03311897814273834, 0.26331067085266113
0.10960494726896286, -0.14225153625011444
0.20884568989276886, -0.4275871217250824
0.21653997898101807, -0.5061484575271606
0.1729326993227005, -0.595102071762085
0.1026139110326767, -0.4394634962081909
-0.0870693251490593, 0.04785561561584473
-0.20899121463298798, 0.4306233823299408
-0.2267308384180069, 0.49595463275909424
-0.2267308384180069, 0.49595463275909424
-0.16014507412910461, 0.5525017380714417
-0.0844101533293724, 0.38367077708244324
-0.03311897814273834, 0.26331067085266113
0.10960494726896286, -0.14225153625011444
0.20884568989276886, -0.4275871217250824
0.21653997898101807, -0.5061484575271606
0.1729326993227005, -0.595102071762085
0.1026139110326767, -0.4394634962081909
-0.0870693251490593, 0.04785561561584473
-0.20899121463298798, 0.4306233823299408
