-0.2706361413002014, 0.38716834783554077
-0.2373437136411667, 0.47952279448509216
-0.14145173132419586, 0.3722061812877655
-0.09887188673019409, 0.31449922919273376
-0.014857219532132149, 0.16520583629608154
0.2536451816558838, -0.39055508375167847
0.25520509481430054, -0.44501417875289917
0.21774138510227203, -0.50209641456604
0.16497744619846344, -0.5167390704154968
-0.09030179679393768, 0.0028788114432245493
-0.2706361413002014, 0.38716834783554077
-0.2373437136411667, 0.47952279448509216
-0.14145173132419586, 0.3722061812877655
-0.09887188673019409, 0.31449922919273376
-0.014857219532132149, 0.16520583629608154
0.2536451816558838, -0.39055508375167847
0.25520509481430054, -0.44501417875289917
0.21774138510227203, -0.50209641456604
0.16497744619846344, -0.5167390704154968
-0.09030179679393768, 0.0028788114432245493
