-0.06839908581532712, 0.20904738430908723
0.03366989306261597, 0.1953139672510414
-0.02403280582009046, 0.07463932394575772
0.004130495398056016, -0.0024174717596373305
0.01787741886496213, -0.016429236766859902
0.08144418300386126, -0.04017238011515244
0.1259282987395852, -0.12956937160044787
0.1785252271389211, -0.16243632146081663
0.21191845793643724, -0.23667063632106028
0.21310440808227543, -0.28936556157943455
0.10855114012541632, -0.2551857183536484
0.04779406081605244, -0.17580500147649528
0.004879414629441218, -0.13425971955125973
-0.03464077385468483, -0.06346158656583631
-0.07710774649313132, -0.021549107861683105
-0.14217727671035496, 0.053263235261223035
-0.198999654923997, 0.13427067806367451
-0.15832330442631687, 0.19365277933701985
-0.06682639905924687, -0.03169621109509236
0.004130495398056016, -0.0024174717596373305
0.08144418300386126, -0.04017238011515244
0.1785252271389211, -0.16243632146081663
0.21191845793643724, -0.23667063632106028
0.21310440808227543, -0.28936556157943455
0.10855114012541632, -0.2551857183536484
0.004879414629441218, -0.13425971955125973
-0.198999654923997, 0.13427067806367451
-0.15832330442631687, 0.19365277933701985
-0.06839908581532712, 0.20904738430908723
0.03366989306261597, 0.1953139672510414
0.004130495398056016, -0.0024174717596373305
-0.06682639905924687, -0.03169621109509236
-0.07710774649313132, -0.021549107861683105
-0.14217727671035496, 0.053263235261223035
