-0.36203086445403143, 0.20364100048511585
-0.22920885202695082, 0.1984020305344748
-0.13905532138208282, 0.16519084068699258
-0.06661256245912038, 0.16882625504239113
-0.00835892143302101, 0.15093322503162535
0.06893737346123512, 0.19791644175848086
0.1258930464174507, 0.185412434126088
0.1573812426303967, 0.12932605235873607
0.2334183877294467, 0.03445687966390478
0.24076214596785264, -0.03303563490211194
0.31246572739136913, -0.041366796995659025
0.3601547090324689, -0.15509978406234076
0.25372283188019357, -0.16607937284173965
0.18668495461712054, -0.21157992411823526
0.10343896404251703, -0.2114400078848252
0.017669170809230784, -0.2090907386199582
-0.05155679871481325, -0.14940925084786028
-0.20376304461969502, -0.14109203981137924
-0.2882843273363078, -0.13879755455173745
-0.2883211991204408, -0.05519085316985546
-0.1790021012731725, -0.06340713840634668
-0.11090830065441326, -0.009398937624398713
-0.11923012344913485, 0.08387426166991177
-0.17905558552560608, 0.09309488861324529
-0.2515964252462503, 0.12624542273222714
-0.34773327610259186, 0.11733021265179613
-0.43032983638067346, 0.14868902956797525
-0.43032983638067346, 0.14868902956797525
-0.36203086445403143, 0.20364100048511585
0.06893737346123512, 0.19791644175848086
0.09846187011767614, 0.19143465491665917
-0.11923012344913485, 0.08387426166991177
-0.34773327610259186, 0.11733021265179613
-0.2883211991204408, -0.05519085316985546
-0.11923012344913485, 0.08387426166991177
0.09846187011767614, 0.19143465491665917
0.1258930464174507, 0.185412434126088
0.31246572739136913, -0.041366796995659025
0.3601547090324689, -0.15509978406234076
0.18668495461712054, -0.21157992411823526
0.10343896404251703, -0.2114400078848252
0.017669170809230784, -0.2090907386199582
-0.2882843273363078, -0.13879755455173745
