-0.2284947462595777, -0.10918075906111675
-0.10613542404536411, 0.044431782386800886
-0.05895158029705469, 0.13219288740497454
-0.01337022315936938, 0.2656239866303065
0.0354411259251625, 0.20279688883025201
0.13880647347496192, 0.13768388089218192
0.2038019263739487, 0.1239060008319176
0.2214237916450947, 0.01431927912597631
0.10056078609914887, -0.012654374066706345
0.06934911181830074, -0.03645639453320129
0.05336921608106264, -0.05656934128619388
-7.936449426865846E-4, -0.12906252794803819
-0.05038396926347507, -0.20033579331335322
-0.10791622477264538, -0.2352317835077578
-0.14438622911054166, -0.15281094581088484
-0.2284947462595777, -0.10918075906111675
-0.01337022315936938, 0.2656239866303065
0.2038019263739487, 0.1239060008319176
0.2214237916450947, 0.01431927912597631
-0.05038396926347507, -0.20033579331335322
-0.10791622477264538, -0.2352317835077578
