-0.1962083827828956, -0.10411011831841173
-0.16200063263689918, -0.036240120783435
-0.0569997247856043, 0.04653270151910394
-0.0356912408467037, 0.12748382778683004
0.021643396693929597, 0.14721787225276015
0.061675213331218656, 0.20549232840051793
0.12365811390464643, 0.22691853625740654
0.1382544796699355, 0.28511776403426686
0.20377668084515854, 0.30650674600919997
0.2421167344021342, 0.2211631051725964
0.27711637232702774, 0.173712081726455
0.1889196692645014, 0.09988132391194743
0.12228426405995572, -0.006526907729975602
0.06225282363432455, -0.06808878903995634
0.011947098679966463, -0.14392766697965678
-0.036674419966788, -0.20798053715913017
-0.13701080224298942, -0.1653657375599357
-0.20567796637643987, -0.15086985910556425
-0.28348966914026225, -0.19459492520429772
-0.28348966914026225, -0.19459492520429772
-0.16200063263689918, -0.036240120783435
-0.0356912408467037, 0.12748382778683004
0.1382544796699355, 0.28511776403426686
0.20377668084515854, 0.30650674600919997
0.27711637232702774, 0.173712081726455
-0.036674419966788, -0.20798053715913017
