-0.1401387469034902, 0.11722458520367238
-0.049420982764501825, 0.1313816956968005
0.07113341759681528, 0.07907577208544923
0.1400699666485491, 0.0825521036776198
0.15088254492538308, 0.005163063634894511
0.13613161353492814, -0.0676357760775178
0.08605081339905067, -0.13228742303653226
0.028104584416900336, -0.1698069087303197
-0.0363496489534558, -0.15656964668014847
-0.05990997681094, -0.06775100399923333
-0.12102511252555581, -0.03949380087717614
-0.17972732863114438, 0.032362372986145915
-0.17972732863114438, 0.032362372986145915
-0.1401387469034902, 0.11722458520367238
-0.049420982764501825, 0.1313816956968005
0.1400699666485491, 0.0825521036776198
0.15088254492538308, 0.005163063634894511
0.13613161353492814, -0.0676357760775178
0.08605081339905067, -0.13228742303653226
0.028104584416900336, -0.1698069087303197
-0.0363496489534558, -0.15656964668014847
