-0.3323341250323754, -0.1301593367165222
-0.24065932904993503, -0.11311090339569714
-0.12603991065216483, 0.013698431721583148
-0.14535974023204595, 0.09035724914322245
-0.17633102571588866, 0.2076000696394563
-0.15544230896483316, 0.317724459573876
-0.061381388337388515, 0.32550383422184376
0.07874616140943953, 0.30491628808802207
0.11912194700586622, 0.3688021189196882
0.18989596253545798, 0.4027965874665443
0.31287009396758336, 0.37109090615823215
0.33236654826444983, 0.3195452122331084
0.38130420223840494, 0.2957606260560106
0.42837261818824834, 0.23306673246962717
0.3887040766477314, 0.17445714665074757
0.329448221985101, 0.11189888808357089
0.31040310040857927, 0.08920110581348194
0.24770165141392606, 0.010781188775307971
0.1998066462016833, -0.03921179862291637
0.13889035402345234, -0.10018383971059205
0.08970990397735766, -0.16755750277612974
-0.09006009586590112, -0.36447213915113313
-0.12073423695428977, -0.42106002908233636
-0.19559200023092704, -0.38516378124487943
-0.25295644497337183, -0.33651131234278114
-0.3508638216762524, -0.2944217031755499
-0.39543489898097517, -0.12955531310361196
-0.47915201284607983, -0.0797710162642308
-0.17633102571588866, 0.2076000696394563
-0.15544230896483316, 0.317724459573876
0.18989596253545798, 0.4027965874665443
0.31287009396758336, 0.37109090615823215
0.38130420223840494, 0.2957606260560106
0.42837261818824834, 0.23306673246962717
0.3887040766477314, 0.17445714665074757
0.24770165141392606, 0.010781188775307971
0.09225307227242147, -0.1640735459666659
-0.12603991065216483, 0.013698431721583148
-0.47915201284607983, -0.0797710162642308
-0.12603991065216483, 0.013698431721583148
0.09225307227242147, -0.1640735459666659
0.08970990397735766, -0.16755750277612974
-0.12073423695428977, -0.42106002908233636
-0.19559200023092704, -0.38516378124487943
-0.3508638216762524, -0.2944217031755499
