-1.4681497865268611, 1.9208620513961538
-1.3360761420123923, 1.9208575214108667
-1.2572555111165034, 1.920856329306522
-1.1927358672564163, 1.92087063449353
-1.0984502590792065, 1.9148710701615983
-1.0782651463987585, 1.9148231477696303
-0.9761826559206116, 1.9147458997317595
-0.9451122441207949, 1.9148514005144706
-0.8543590470674471, 1.920892330680117
-0.7846945688102207, 1.9208852972897483
-0.6768274453104989, 1.9150563223615404
-0.6130171592392875, 1.9207042174046622
-0.2697222396475013, 1.9208950724732219
-0.1715510040676219, 1.9150038699613403
-0.09794606874418688, 1.92008170315057
5.195444725165433E-5, 1.920110909576002
0.0841625775745453, 1.9149361587102274
0.22534547621526313, 1.8984762160582405
0.22803439587937654, 1.7365677483276436
0.293641794291253, 1.6711925043802012
0.307974445888469, 1.669091797812491
0.4459029284341102, 1.668577883425432
0.5640392156638919, 1.668655608348977
0.6888753165364524, 1.6758266626788372
0.7734722885663321, 1.708048908590164
0.8356117965897851, 1.7504276889028105
0.9244167720517115, 1.8172002834146619
0.9781019599435555, 1.8701960840073706
1.046841371563203, 1.9156360401286712
1.1431619887743094, 1.9196761509144122
1.2106289716632368, 1.9150579911877077
1.3683535883623934, 1.9208172282949585
1.4501202016720218, 1.9222254551236664
1.5290672556231701, 1.9198652178305102
1.588883389188135, 1.921907760667426
1.6722001768198527, 1.9191860788844528
1.7939550607219095, 1.9190424309182361
1.9286274842029574, 1.9226177749554678
1.9913344177856915, 1.9201802896325075
2.316813924873789, 1.920120327021594
2.921846369208933, 1.9201866077028575
2.972568966641112, 1.839339938904604
3.020100087140192, 1.7557366689859657
3.0433668855165585, 1.6852281946548453
3.0928525715524406, 1.5442584438398712
3.1236786591924504, 1.4757290724961236
3.1404929083355433, 1.4265029239882947
3.1489958492110945, 1.375137887842908
3.1612501006627047, 1.3230247250327087
3.181296824066574, 1.2737936843782214
3.2013301565086163, 1.2264424176873654
3.205677965139559, 1.1691504401388846
3.2332472653802817, 1.0909307938794326
3.1445560291123447, 1.0830132689094247
2.955091932248048, 1.0586045664741768
2.8279280382418657, 1.058548173886302
2.668229070503046, 1.0119394831199933
2.6013956055858687, 1.0049497950790653
2.5257801937859288, 0.9958187156843394
2.411233405280603, 0.9934904270683196
2.2535161973421762, 0.9628482941208891
2.1302399472487332, 0.9497829404790438
2.047734319703279, 0.9186574198649222
2.007479835553758, 0.8345994762217284
2.0063988365378895, 0.754744263925441
2.0062991604963436, 0.6725305479820063
2.009874725212775, 0.5926050716914169
2.010646253249642, 0.45094903575425893
2.0114544905086835, 0.4144623488500058
2.0132242657384856, 0.33483420356006277
1.9914896002180156, 0.2561044712948423
2.0119472906129996, 0.17447115031929
2.0159653451193265, 0.10675777232118851
2.0205405815918276, -0.004862087878710363
2.0156451443597727, -0.06368622322948994
2.020763025618795, -0.1458151895755741
2.016837955066313, -0.25826055268102954
2.0124966057730544, -0.3247428444069413
1.99134559576872, -0.40500113133305293
1.9935178259217263, -0.581373034997037
1.9799663799814802, -0.6729150740026723
1.994813138024774, -0.7818638824710863
1.9109690174805796, -0.7817453276839593
1.841804258881836, -0.7683358376551945
1.7680761682271209, -0.7506988886225654
1.6411618919662185, -0.7251762520734357
1.5912919045033647, -0.7155281421916617
1.5248179356772527, -0.6977060628880993
1.4666662054834856, -0.6846604020672704
1.382603406081618, -0.675528836819283
1.3287291421334742, -0.6629485108598256
1.2680122648644971, -0.6435007762429489
1.1435749333084397, -0.6225008672316389
0.9854340510436949, -0.5869854250174198
0.8415305365454245, -0.5580655092613445
0.8198432815983169, -0.5607892790455796
0.774723456173318, -0.6034394123124546
0.8067129793375397, -0.6850532397971651
0.9125204015728138, -0.7992607538880642
0.9924974064947248, -0.8828012223923843
1.029189803489621, -0.9196743689902748
1.0871834256247752, -0.965486883319696
1.1294058546241046, -1.0067738359657203
1.1638402832857158, -1.0436245420221637
1.3957612247145506, -1.2753037583872562
1.4434938279199385, -1.328973319331277
1.50153970340446, -1.38969112970609
1.5593134658302361, -1.476814705333246
1.6014718054962915, -1.5507054155290723
1.6993679853190486, -1.6128126638872764
1.7674122799145324, -1.6436445999606595
1.8132433354459772, -1.6917724041373465
1.8710663018141294, -1.7520206375471326
1.9243159084451473, -1.8103396015582383
1.9689820850158006, -1.8459154564362485
2.010336625689373, -1.8910202016569766
2.0683922574852813, -1.9782271684369366
2.0964207454834547, -2.070101768045775
1.992043951184905, -2.0698538140369886
1.929326288771906, -2.072293061534789
1.7362224900128793, -2.0707868601657298
1.617015345812121, -2.0707114010794294
1.5623052057585838, -2.072434204560673
1.4767920835822643, -2.0711472279147327
1.3712360689044694, -2.072466401197315
1.2898795351538779, -2.0690498708249705
1.1711900152796477, -2.0720961287912316
1.0759510850860696, -2.071000720453637
0.9688545260639505, -2.066844368563929
0.9002647298609145, -2.07174052935673
0.8154799768860524, -2.070531992005612
0.7563915153727853, -2.0717803450388796
0.5286509852234136, -2.0710767755422888
0.07407187140239722, -2.0712657212340893
-0.10984470264535681, -2.072261958264204
-0.17113615492493633, -2.0710236084406954
-0.26747776700897985, -2.074520018914007
-0.3327343622004339, -2.07071855348277
-0.41881097738512607, -2.071082378292628
-0.513867395865214, -2.0723309800517136
-0.6352933796719149, -2.070832874564767
-0.783372835669819, -2.0745114358596664
-0.8563386364114788, -2.072576669070882
-1.0462344457601729, -2.072458652489914
-1.0666048695383963, -2.0724612750795806
-1.0868945586072265, -2.072502521273144
-1.1071091754367446, -2.0725773843076674
-1.1871520144886634, -2.0745138200086655
-1.2866320918703509, -2.0726181536570905
-1.3162096900753544, -2.0725771458780056
-1.3874043536906437, -2.07258143738547
-1.5073960268590492, -2.031376627254083
-1.5094458073625838, -1.945304778434598
-1.5127384946602151, -1.891139295970552
-1.508702560729255, -1.8044683011586706
-1.5095428502806834, -1.6546345027815077
-1.5113329901117212, -1.5670388015703591
-1.5104860416064174, -1.481395629277307
-1.510654847627014, -1.0410482558660246
-1.5129532548905809, -0.9824608239649468
-1.5132774464243366, -0.9047730240420966
-1.513980140488649, -0.8463515314710638
-1.512678551994453, -0.78740164371514
-1.512249364180852, 0.6739339556244763
-1.5122519802787482, 0.8558383311655345
-1.5110293204441856, 0.9171024288569039
-1.5104865223573278, 1.0159176315768175
-1.5107411785528957, 1.0291908707055921
-1.512837539102292, 1.0942438568505497
-1.5110116040002965, 1.232636066757809
-1.5098469050371066, 1.4503617013231531
-1.5107571116431666, 1.535593124787858
-1.5090680025521974, 1.5906114306334451
-1.5100549912740566, 1.7354261602620107
-1.5079343671694707, 1.7895275080041748
0.44708004566281045, -0.6087766728895893
0.774723456173318, -0.6034394123124546
1.9689820850158006, -1.8459154564362485
2.010336625689373, -1.8910202016569766
2.0683922574852813, -1.9782271684369366
2.0964207454834547, -2.070101768045775
1.929326288771906, -2.072293061534789
1.5623052057585838, -2.072434204560673
1.3712360689044694, -2.072466401197315
0.7563915153727853, -2.0717803450388796
0.44783589555006886, -2.0711103663135364
0.4459029284341102, 1.668577883425432
0.73435233969817, 1.7871653704864392
2.047734319703279, 0.9186574198649222
2.020763025618795, -0.1458151895755741
2.016837955066313, -0.25826055268102954
1.994813138024774, -0.7818638824710863
1.9109690174805796, -0.7817453276839593
0.44708004566281045, -0.6087766728895893
0.73435233969817, 1.7871653704864392
1.046841371563203, 1.9156360401286712
1.1431619887743094, 1.9196761509144122
1.4501202016720218, 1.9222254551236664
1.9286274842029574, 1.9226177749554678
2.921846369208933, 1.9201866077028575
2.972568966641112, 1.839339938904604
3.020100087140192, 1.7557366689859657
3.1236786591924504, 1.4757290724961236
3.1404929083355433, 1.4265029239882947
3.2013301565086163, 1.2264424176873654
3.2332472653802817, 1.0909307938794326
2.047734319703279, 0.9186574198649222
-1.513980140488649, -0.8463515314710638
-1.513443047727446, 0.06584737528350315
0.22803439587937654, 1.7365677483276436
0.4459029284341102, 1.668577883425432
0.44783589555006886, -2.0711103663135364
-0.26747776700897985, -2.074520018914007
-1.1871520144886634, -2.0745138200086655
-1.3874043536906437, -2.07258143738547
-1.5073960268590492, -2.031376627254083
-1.5127384946602151, -1.891139295970552
-1.513443047727446, 0.06584737528350315
-1.512837539102292, 1.0942438568505497
-1.5100549912740566, 1.7354261602620107
-1.5079343671694707, 1.7895275080041748
-1.4681497865268611, 1.9208620513961538
-0.8543590470674471, 1.920892330680117
-0.2697222396475013, 1.9208950724732219
5.195444725165433E-5, 1.920110909576002
0.0841625775745453, 1.9149361587102274
0.22534547621526313, 1.8984762160582405
0.22803439587937654, 1.7365677483276436
