0.8597432906327452, -0.09355558902377431
0.8216606318117525, -0.14292525627083277
0.7755892172242973, -0.19031069036666332
0.7346824614644749, -0.22414001201258282
0.6598705345082503, -0.2717084250478463
0.6032274015492061, -0.34886428889308774
0.4897212161000168, -0.45742620017556934
0.44924766113315395, -0.49446437873287313
0.221567940599257, -0.7193592637795019
0.1429148850981794, -0.7923670353292994
0.0675941119795977, -0.8278580343831565
0.01692722605416921, -0.7580955941510972
-0.029516774517586542, -0.7339071922773358
-0.10674272363010978, -0.6908251780425987
-0.17052550802477007, -0.6248285099887599
-0.2091246846546979, -0.5442353154358494
-0.26302046115443356, -0.48081484714121603
-0.31065636441517186, -0.4502328830224963
-0.36776406921361426, -0.38804851467599816
-0.418965080275124, -0.3518682166207697
-0.44288174509557793, -0.3078620101135209
-0.4974998013912842, -0.2748850654877026
-0.5569316461176232, -0.2196278258561525
-0.6109236683356682, -0.15327645561506584
-0.6558379244394821, -0.1138644130898252
-0.6801064603134167, -0.0572303812724513
-0.7307988521040419, -0.03148358076480299
-0.7627661318668921, 0.06005943812683308
-0.7363240745170481, 0.10443449669957051
-0.6930837218211855, 0.15548833871658013
-0.6498682280530312, 0.1974361234596894
-0.5906413341980712, 0.2238599408236331
-0.5231309869395283, 0.2942248301946171
-0.4801162559884251, 0.33436056176200396
-0.42214830444740775, 0.40876560102201753
-0.3477734272771086, 0.4602413638807663
-0.3331311640681049, 0.4743368196143959
-0.3200720709630279, 0.4872616086983218
-0.2759255158237045, 0.5331317960041152
-0.1906128402318945, 0.6145679840529021
-0.12943033460384623, 0.6682337249475762
-0.030563755544040512, 0.7637816324346137
0.05822752377125716, 0.7136713994933026
0.10272427633375691, 0.6565901247478281
0.1552249121273362, 0.6129480933708188
0.20209929776712673, 0.5526482532057577
0.2952107679890107, 0.457003863134927
0.358149383549004, 0.40828797771375375
0.4171506052432765, 0.33304782149159945
0.45803089859067164, 0.29093191927073897
0.5083711750933498, 0.24550783583838023
0.5509609466595355, 0.1963884616305178
0.5767398477351775, 0.16957764408455786
0.6309449986377017, 0.11463188527074857
0.722330980515242, -0.007857358087911404
0.7976839893453075, -0.02890949544728223
0.863331977187093, -0.01574758446908673
-0.7627661318668921, 0.06005943812683308
-0.7363240745170481, 0.10443449669957051
-0.6930837218211855, 0.15548833871658013
-0.6498682280530312, 0.1974361234596894
-0.42214830444740775, 0.40876560102201753
-0.030563755544040512, 0.7637816324346137
0.05822752377125716, 0.7136713994933026
0.863331977187093, -0.01574758446908673
0.8597432906327452, -0.09355558902377431
0.8216606318117525, -0.14292525627083277
0.7755892172242973, -0.19031069036666332
0.221567940599257, -0.7193592637795019
0.1429148850981794, -0.7923670353292994
0.0675941119795977, -0.8278580343831565
-0.10674272363010978, -0.6908251780425987
-0.17052550802477007, -0.6248285099887599
-0.5569316461176232, -0.2196278258561525
-0.6558379244394821, -0.1138644130898252
-0.7307988521040419, -0.03148358076480299
