0.08683705624145585, -0.7385667869497036
0.041219464416325624, -0.7014954034451034
0.02481440937628743, -0.6033060755786541
0.006172749130819869, -0.5548954139041351
-0.01660719791827417, -0.44576734075563995
-0.028978353152659665, -0.29385324287126274
-0.03231946254369732, -0.23600159300079868
-0.08435864646204719, -0.18706713907998052
-0.10067557951157131, -0.04013511098151585
-0.16075172379441888, 0.043328468892838874
-0.14060854008430046, 0.1348481746613891
-0.21823370104130566, 0.18381530360755266
-0.24501451048455128, 0.24469312673123986
-0.2614603015411894, 0.30501686388089566
-0.31132904232441433, 0.38171156023384584
-0.30346818464932834, 0.4450345104199221
-0.214051842223486, 0.4602794737023086
-0.21240638573583595, 0.5029166904631686
-0.16953917805893085, 0.6603111502790212
-0.12210623864180264, 0.706088825022806
-0.05778928533876773, 0.663831922944489
-0.020515844704329787, 0.5282642665759044
-0.002945305040482898, 0.47072992295568905
0.024444746767948528, 0.3054617346482359
0.05882453997814585, 0.20295482677048254
0.08468070599358335, 0.10962548690193426
0.09884302659341793, 0.027627994421858947
0.11669671466937961, -0.05438218682195859
0.1383977414338338, -0.1383448244810518
0.154592978278867, -0.21765555405272688
0.1596250023071618, -0.24119247596439036
0.17741493888811283, -0.3235355179111618
0.19994594624070028, -0.43477949306201724
0.21853449000160036, -0.5737967725927426
0.240216519737602, -0.6556248715252613
0.1562489526033965, -0.699611145643768
-0.31132904232441433, 0.38171156023384584
-0.30346818464932834, 0.4450345104199221
-0.16953917805893085, 0.6603111502790212
-0.12210623864180264, 0.706088825022806
-0.05778928533876773, 0.663831922944489
-0.002945305040482898, 0.47072992295568905
0.08468070599358335, 0.10962548690193426
0.1383977414338338, -0.1383448244810518
0.17741493888811283, -0.3235355179111618
0.19994594624070028, -0.43477949306201724
0.240216519737602, -0.6556248715252613
0.08683705624145585, -0.7385667869497036
0.041219464416325624, -0.7014954034451034
