-0.07648772394792862, 0.4232415052511982
-0.0019827137925463242, 0.3200991019333727
-0.01787826023765294, 0.18684339428706048
-0.057517549231986334, 0.15855388107976504
-0.09733861099246577, 0.25989802374772975
-0.10899923599125101, 0.3462946255911195
-0.12333103290670323, 0.43836081613309436
-0.12333103290670323, 0.43836081613309436
-0.07648772394792862, 0.4232415052511982
-0.0019827137925463242, 0.3200991019333727
-0.01787826023765294, 0.18684339428706048
-0.057517549231986334, 0.15855388107976504
-0.09733861099246577, 0.25989802374772975
