0.04921359742107375, 0.03874905596063946
0.08815430217459133, 0.03816524379289587
0.12828491663637115, 0.038236443584142014
0.24855051325706892, 0.022360026514283395
0.30692599639296697, 0.058800993433527106
0.36755986487790315, 0.026718898519861624
0.3121360781855003, -0.006674184005925415
0.1659652582116377, -0.01672240975859875
0.10776292954917582, 0.006260993332961744
0.04820197236827708, 0.0026395120982638464
0.04820197236827708, 0.0026395120982638464
0.04921359742107375, 0.03874905596063946
0.30692599639296697, 0.058800993433527106
0.36755986487790315, 0.026718898519861624
0.3121360781855003, -0.006674184005925415
0.1659652582116377, -0.01672240975859875
