0.05867132964925462, 0.016342172745258055
0.14119875988920003, 0.02219570189781414
0.2373478882009859, 0.023378835275713224
0.2728448918889377, 0.004689431507608153
0.19901198973090412, -0.004943423273510077
0.04027976408376267, -0.018217016434326466
-0.01343524042879056, -0.018538585540808984
-0.01343524042879056, -0.018538585540808984
0.05867132964925462, 0.016342172745258055
0.14119875988920003, 0.02219570189781414
0.2373478882009859, 0.023378835275713224
0.2728448918889377, 0.004689431507608153
0.19901198973090412, -0.004943423273510077
0.04027976408376267, -0.018217016434326466
