-0.0801213441760496, 0.025501620884832033
-0.020549647934624368, 0.052854335577569966
0.05383703111786865, 0.09113666811964197
0.102002810000267, 0.07106382808288526
0.0787507519224884, -0.009055383258293068
0.06368237763787597, -0.05974781200738117
-0.0131771947717816, -0.06247421409616731
-0.07072907682676409, -0.037516622381623045
-0.11951247568446077, -0.02534821822044278
-0.11951247568446077, -0.02534821822044278
-0.0801213441760496, 0.025501620884832033
0.05383703111786865, 0.09113666811964197
0.102002810000267, 0.07106382808288526
0.0787507519224884, -0.009055383258293068
0.06368237763787597, -0.05974781200738117
-0.0131771947717816, -0.06247421409616731
