-0.28876130397541344, 0.16672770127849557
-0.18905508415342764, 0.20075881899244638
-0.10567871684024771, 0.22574940461900267
-0.021216759101949402, 0.22637962992302693
0.04179793842648785, 0.23816668578973588
0.12233114296941777, 0.18565297242693526
0.18667971835965988, 0.13755912008549231
0.2337007079128503, 0.10037103924600037
0.2887973904363462, 0.05808280837587094
0.3094929665130587, 0.04285164032401596
0.38557070820729067, -0.0016840517545011092
0.4342670206015466, -0.05781344039375212
0.3141252279359694, -0.12794531155188996
0.23114152976464672, -0.17263799489389497
0.11784346476215625, -0.2090587354745001
0.06128201996982152, -0.23237839008843078
-0.028317469900749605, -0.27593140562542107
-0.0886698284010925, -0.27960487865056727
-0.14589224110780685, -0.19271999042579832
-0.1986097129011364, -0.15033390340046282
-0.24203822822436594, -0.09044591185554113
-0.3145130233866589, 0.034600161146741464
-0.33860199084268683, 0.06974919495577446
-0.3761174201944743, 0.137999884604137
-0.3761174201944743, 0.137999884604137
-0.18905508415342764, 0.20075881899244638
-0.10567871684024771, 0.22574940461900267
0.04179793842648785, 0.23816668578973588
0.12233114296941777, 0.18565297242693526
0.38557070820729067, -0.0016840517545011092
0.4342670206015466, -0.05781344039375212
0.3141252279359694, -0.12794531155188996
0.23114152976464672, -0.17263799489389497
-0.028317469900749605, -0.27593140562542107
-0.0886698284010925, -0.27960487865056727
-0.1986097129011364, -0.15033390340046282
-0.24203822822436594, -0.09044591185554113
-0.33860199084268683, 0.06974919495577446
