-0.05954121077212256, 0.16851751628146286
-0.09048222017389979, 0.25130658903885683
-0.10980905037597505, 0.3468298097751561
-0.10958268264853116, 0.42902453884738734
-0.10889350409723572, 0.5097655115832475
-0.0695620143995152, 0.4481194374330285
-0.054477816988449515, 0.37761426666828934
-0.027328014223530126, 0.3111027211295555
-0.005387956660001396, 0.2487592229850932
0.011663873307409086, 0.1486594471838127
-0.10980905037597505, 0.3468298097751561
-0.10958268264853116, 0.42902453884738734
-0.10889350409723572, 0.5097655115832475
-0.0695620143995152, 0.4481194374330285
-0.005387956660001396, 0.2487592229850932
0.011663873307409086, 0.1486594471838127
-0.05954121077212256, 0.16851751628146286
-0.09048222017389979, 0.25130658903885683
