0.045646651822636365, -0.004710756349975723
0.05310945925032631, -0.07866227311448283
0.04858091722596789, -0.16074231816744403
-0.0022248013851490145, -0.19274616198997407
-0.04991882165113089, -0.15568735294080463
-0.06757333147933835, -0.04943385454826265
-0.03318179315990764, 1.030040132769931E-5
-0.06757333147933835, -0.04943385454826265
-0.03318179315990764, 1.030040132769931E-5
0.045646651822636365, -0.004710756349975723
0.05310945925032631, -0.07866227311448283
0.04858091722596789, -0.16074231816744403
-0.0022248013851490145, -0.19274616198997407
-0.04991882165113089, -0.15568735294080463
