-0.14717079410782247, 0.17653842176264747
-0.06592398993184109, 0.183750756332081
0.027511864880098515, 0.1976853505728175
0.15172277140880222, 0.1564402357922846
0.18474560520683897, 0.08265896229296076
0.21884906413618274, 0.02491157953911388
0.20478729855082342, -0.06479890274803338
0.20854435258518622, -0.08622312072129457
0.14897032397160245, -0.1444114164093751
0.07046041253439123, -0.16630543291191574
0.00574684365822987, -0.1830681004300538
-0.11435800073384324, -0.21121379920241523
-0.15584283698348136, -0.15411044855202216
-0.1766426177378169, -0.07449289486944262
-0.20100360176598112, 5.220498126122259E-4
-0.2009959219874899, 0.061239225187791985
-0.25084293228797166, 0.15105438848092034
-0.25084293228797166, 0.15105438848092034
-0.14717079410782247, 0.17653842176264747
0.027511864880098515, 0.1976853505728175
0.15172277140880222, 0.1564402357922846
0.21884906413618274, 0.02491157953911388
0.20854435258518622, -0.08622312072129457
0.14897032397160245, -0.1444114164093751
0.07046041253439123, -0.16630543291191574
0.00574684365822987, -0.1830681004300538
-0.11435800073384324, -0.21121379920241523
-0.15584283698348136, -0.15411044855202216
