-0.13251130305974035, 0.5657591701517697
-0.07097218861122292, 0.5756198656376449
-0.01835744448350297, 0.5699591611569725
0.050528920869278945, 0.5435940276024551
0.0531739899451675, 0.41921808444528147
0.06872882532617676, 0.3398277871240575
0.0709095141180128, 0.18663690724862622
0.07222145028095577, 0.1391176768702193
0.08886923395715889, -0.01795344121412598
0.08667129800126164, -0.08323217782404489
0.1049535097643344, -0.24167891006622252
0.11249045048765645, -0.3184629078156119
0.11795458107523961, -0.4020122186004475
0.12902050716080887, -0.4663410594526144
0.12787197493997374, -0.5217238427317693
0.07513647796946353, -0.5931852703727942
-0.030131982990556676, -0.6084231371280797
-0.04327747381588734, -0.5011499803031927
-0.00790370270785925, -0.4413023065445092
-0.02611692238528653, -0.40150684907446405
-0.06829194666086517, -0.2797168592703412
-0.08274227221031287, -0.15512285871698603
-0.08701862541060292, -0.08357408306849949
-0.10540779205203768, 0.10077897830245972
-0.11038584565896613, 0.1602522382635449
-0.11883138140640771, 0.2593107838161807
-0.1262787901678446, 0.3423354495855346
-0.14194284621230527, 0.4427731826219607
-0.14194284621230527, 0.4427731826219607
-0.13251130305974035, 0.5657591701517697
-0.07097218861122292, 0.5756198656376449
-0.01835744448350297, 0.5699591611569725
0.050528920869278945, 0.5435940276024551
0.06872882532617676, 0.3398277871240575
0.12902050716080887, -0.4663410594526144
0.12787197493997374, -0.5217238427317693
0.07513647796946353, -0.5931852703727942
-0.030131982990556676, -0.6084231371280797
-0.04327747381588734, -0.5011499803031927
-0.08274227221031287, -0.15512285871698603
