-0.023105778445403707, 0.09404057371244286
-0.043133474622302735, 0.25647653587852787
-0.039994346572718074, 0.3299636695647508
-0.04043223583613321, 0.3887511729834191
0.020102192105450438, 0.36784743408799453
0.01921494580039034, 0.27105314588641133
0.0032165389998470018, 0.2068432533875452
-0.010686705375646317, 0.1133603130778085
-0.043133474622302735, 0.25647653587852787
-0.04043223583613321, 0.3887511729834191
0.020102192105450438, 0.36784743408799453
0.01921494580039034, 0.27105314588641133
-0.010686705375646317, 0.1133603130778085
-0.023105778445403707, 0.09404057371244286
