0.4540785611809887, -0.006196773085887017
0.3631799006697584, -0.05103161180099258
0.2758249361416857, -0.0506569123040478
0.17737084940350722, -0.08890528840066676
0.09758348884789522, -0.0996646676394558
0.034535386361338696, -0.12412230878961818
-0.06339678716511543, -0.15233069552256776
-0.14569565674897486, -0.17239831512186743
-0.25930184860910066, -0.20085746819002864
-0.3248845651112029, -0.21748029301651703
-0.39564389280959156, -0.17971026965807563
-0.49336047603878314, -0.12388079164675117
-0.5742218682493955, -0.08119396107735467
-0.5980001308550321, -0.014183008544841473
-0.5782916813876828, 0.06030839223191809
-0.5399609900799452, 0.0933673594460115
-0.46161305953947107, 0.05284823457811154
-0.3703439227385233, 0.038213156855032925
-0.30332259990684085, 0.009392718821794025
-0.26326685089388524, 0.023006001202293805
-0.1070622842751978, 0.08383518435658587
0.011859855599888081, 0.11047623743206747
0.09594747029014383, 0.1544963495920121
0.16716666886058218, 0.1550385417422107
0.2858354665780935, 0.19651242657698684
0.36427170009085985, 0.221431960804422
0.46793626944864547, 0.2461749338846847
0.4849944894937387, 0.1556297515933592
0.4882384726420458, 0.08808182299370351
0.4983535293605476, 0.05054820026432519
-0.30332259990684085, 0.009392718821794025
-0.1070622842751978, 0.08383518435658587
0.09594747029014383, 0.1544963495920121
0.36427170009085985, 0.221431960804422
0.46793626944864547, 0.2461749338846847
0.4849944894937387, 0.1556297515933592
0.4983535293605476, 0.05054820026432519
0.4540785611809887, -0.006196773085887017
0.3631799006697584, -0.05103161180099258
-0.27090602874560105, -0.204422423240026
-0.5980001308550321, -0.014183008544841473
-0.5782916813876828, 0.06030839223191809
-0.5399609900799452, 0.0933673594460115
-0.3703439227385233, 0.038213156855032925
-0.30332259990684085, 0.009392718821794025
-0.27090602874560105, -0.204422423240026
-0.3248845651112029, -0.21748029301651703
-0.39564389280959156, -0.17971026965807563
-0.5742218682493955, -0.08119396107735467
