-0.15566773001651113, 0.01012061400230294
-0.11552506499813714, 0.011753994855802889
-0.05737827844240414, 0.027003459194090088
8.794953045696329E-4, 0.13593669827237714
0.05766635004203727, 0.14178906298794808
0.14280994366976238, 0.1602439004718757
0.15594583692902947, 0.09654211680304176
0.13804072090892588, 0.030151907469400236
0.20542763210725964, -0.06176233307464443
0.16458593488620224, -0.028674375456835464
0.08951601308780631, -0.06678241701883177
0.007601824921386917, -0.10350824108163303
-0.07370813980497638, -0.10833931114684076
-0.1542080577498687, -0.09018353140988189
-0.20110198490998185, -0.04891605037019079
-0.27327506877403024, -0.06702592428412348
-0.2742875479144618, 0.006290595848381722
-0.2742875479144618, 0.006290595848381722
8.794953045696329E-4, 0.13593669827237714
0.14280994366976238, 0.1602439004718757
0.20542763210725964, -0.06176233307464443
0.007601824921386917, -0.10350824108163303
-0.07370813980497638, -0.10833931114684076
-0.27327506877403024, -0.06702592428412348
