-0.01803806250247074, -0.1026165829215393
-0.025943067999100174, -0.02049055009810304
-0.043794538226628446, 0.02914978666335266
-0.04390800985344441, 0.1004114538218172
-0.014479215150060587, 0.19586503783748896
0.05926593678155835, 0.13305942486510133
0.06317250758733266, 0.05470524629279313
0.040620988032594674, -0.026603368391398128
0.04089347641349572, -0.08427544853718548
0.0627444907758245, -0.14506402204169594
0.01211294057309594, -0.22946658991280394
-0.04390800985344441, 0.1004114538218172
-0.014479215150060587, 0.19586503783748896
0.05926593678155835, 0.13305942486510133
0.06317250758733266, 0.05470524629279313
0.0627444907758245, -0.14506402204169594
0.01211294057309594, -0.22946658991280394
-0.01803806250247074, -0.1026165829215393
-0.043794538226628446, 0.02914978666335266
