-1.082002578633491, 0.6428963082720426
-1.1059079602999808, 0.7034938935488183
-1.115828141640995, 0.778227293087216
-1.040205741172453, 0.7866172354557947
-0.9728411027711725, 0.7902114991646362
-0.7949727934621066, 0.7848678243012668
-0.7645794648887697, 0.6735094150704828
-0.7812005086359071, 0.6057227169338469
-0.7369823111111018, 0.5219166430011227
-0.6938490711099659, 0.5164634200200521
-0.611476733279085, 0.5226874427804656
-0.5049517953717874, 0.516698542554462
-0.4325251163336594, 0.5210352028210866
-0.34857031485326706, 0.5264463753477586
-0.26525492117876487, 0.5211417792037117
-0.18903204137220236, 0.5353149473350862
-0.12050024445683037, 0.5360037648088888
0.007129084135478295, 0.534156574248412
0.20029819870846496, 0.5368727694249587
0.26387135199459105, 0.5358962394946339
0.378079519200532, 0.5366331774891361
0.4092194949844172, 0.481946084117063
0.40166798502918194, 0.419495423359444
0.4151721591317697, 0.3809952115049457
0.5038517413935458, 0.40891274341659634
0.5196705361835854, 0.44396126314856804
0.5390992315260819, 0.5062493113049086
0.6392711258582575, 0.5657262195344727
0.7760479113684422, 0.6619956711688207
0.8442946767234821, 0.7341947690822596
0.9586523219514171, 0.7833608942454047
1.0659657342493958, 0.720175081742674
1.145359934097774, 0.6925748149472302
1.1708266768715299, 0.6295499108124757
1.2249327344192042, 0.5737140391579498
1.2075718289120756, 0.48020551858061494
1.1831385334589337, 0.42287344269392696
1.1758738612404318, 0.40508110375244666
1.1517072337663743, 0.34284459411309737
1.1304264560284931, 0.2760150244794691
1.0992036024957965, 0.20249271287209136
1.0610553769655635, 0.10186766761719489
1.0326190948063054, 0.021017666434087652
1.0053901663572988, -0.04925021210903765
0.9735629219257195, -0.11962030318925802
0.9523935227582533, -0.19177330892341427
0.9329614632857984, -0.239922075164829
0.9112919730026139, -0.32282309636564344
0.9156448232866525, -0.3578531512609777
0.9536804083119691, -0.4777021129358611
0.9774538290150163, -0.5590349540243905
0.9209582189107043, -0.5550011410251589
0.8102116371546179, -0.567469770193275
0.8896098593464167, -0.35743256373311844
0.904976505272363, -0.2986857421047262
0.8852720089643268, -0.238532898655784
0.8687742012407744, -0.19622277762804932
0.8187018975860412, -0.15952693499796652
0.7812833574363539, -0.13842324095237843
0.7005008914884588, -0.1579615289966599
0.6234191122383705, -0.15933031306303438
0.5808082354000554, -0.1878321124816514
0.5319214214537643, -0.2280700313881824
0.511397540760478, -0.27586425565995565
0.47505197905762747, -0.38879789047073776
0.4540303920513759, -0.481225055295089
0.45422700470696353, -0.5737711721086601
0.41771254158117316, -0.6753138767146621
0.35762848386423757, -0.6333618757403711
0.38304214489273075, -0.5758849503872715
0.4020119264342637, -0.5126798013956303
0.4550382106223577, -0.4374303666694005
0.45712506660287383, -0.3771761564792301
0.43824437947943184, -0.3167937928436417
0.3674909204122037, -0.25642199754177053
0.383848992871481, -0.17697290334264876
0.34051846352632414, -0.09974108102161211
0.3025301226306328, -0.09509537001800569
0.23995253583811874, -0.11844817261468431
0.17199210851443725, -0.157310793549514
0.05968201727032868, -0.29288420123272824
0.038368842370743096, -0.3734101931439047
0.034409834002493325, -0.46321793349335244
0.02934008414667841, -0.5243958653335661
0.0339080334952739, -0.647351686383987
0.03575387335785635, -0.7435116636871071
0.0724742178662829, -0.8134521115890433
0.12127004146425928, -0.8408417403932045
0.16447991944745097, -0.9027468641915174
0.1342338125489538, -1.0007765486536166
0.1141124575640063, -1.0846292776470057
0.016819114639495404, -1.1832071387701144
-0.056526906416288, -1.2491273247863028
-0.11212518274160735, -1.1614384296578104
-0.07046846428098054, -1.10339948122477
-0.047869037067945534, -1.0098891165076758
-0.04519988372530251, -0.9667154103164964
-0.04592658046836204, -0.8925627383821749
-0.048175295445528725, -0.79017163254746
-0.05690503275963338, -0.6972366327127668
-0.09427657386816125, -0.6400294498381925
-0.14470512299161625, -0.6312304610450139
-0.15827856721625738, -0.6307849510790463
-0.17962095851326473, -0.6334529104809742
-0.19436928240256474, -0.6356107977748127
-0.22083155043141098, -0.6401401743276843
-0.2432760324546534, -0.6479615501606372
-0.3173899015572877, -0.7149177904225332
-0.37957944389000303, -0.7910369873322607
-0.43668962750883117, -0.8508522736770424
-0.5222035136629632, -0.9587216115453918
-0.5979483371361425, -0.9567127351339927
-0.6519436113658753, -1.0144813328099143
-0.7383937959294157, -1.0229840464466913
-0.8391804005970944, -1.02252151929602
-0.883258119661654, -0.9874938420304717
-0.9403168865708955, -0.9617901159646263
-0.9003981092672969, -0.9167467945514576
-0.96910179763727, -0.8586255468823774
-0.9849681268988701, -0.810018561719142
-0.9021249783460723, -0.7027075745048333
-0.9796350239323078, -0.6595370070416408
-1.0168068217734771, -0.6568762655866525
-1.038068120595393, -0.6599256943738862
-1.1007032807148276, -0.6760194725874005
-1.0834454200748551, -0.584421767050904
-1.1010761255387758, -0.47413979882775376
-1.1079453376368704, -0.40286306648034165
-1.0976472567455302, -0.3397898167346936
-1.1200575131415011, -0.2476378153933816
-1.1089803526702233, -0.1975476989632472
-1.1198191322137054, -0.10996227595108589
-1.0967650943060325, -0.016333287004552156
-1.121289972474851, 0.042092573338776626
-1.0816166018046405, 0.11607128068522812
-1.0819560216674065, 0.13824516826147115
-1.1146543055040754, 0.21059282353084324
-1.118851962802209, 0.26340786198581373
-1.079154474465255, 0.342419444153039
-1.1028700490448533, 0.4324063961581223
-1.0577787380172206, 0.48259687419166863
-1.0777868346549406, 0.5454057857587385
0.8102116371546179, -0.567469770193275
0.8993542339474525, -0.3201797344998562
0.9112919730026139, -0.32282309636564344
0.9774538290150163, -0.5590349540243905
0.35762848386423757, -0.6333618757403711
0.4139831733323922, 0.04576667611836083
0.5808082354000554, -0.1878321124816514
0.45422700470696353, -0.5737711721086601
0.41771254158117316, -0.6753138767146621
0.4139831733323922, 0.04576667611836083
0.4151721591317697, 0.3809952115049457
0.5390992315260819, 0.5062493113049086
0.8442946767234821, 0.7341947690822596
0.9586523219514171, 0.7833608942454047
1.1297043448810373, 0.7001873035209482
0.7812833574363539, -0.13842324095237843
0.5808082354000554, -0.1878321124816514
0.7812833574363539, -0.13842324095237843
1.1297043448810373, 0.7001873035209482
1.145359934097774, 0.6925748149472302
1.2249327344192042, 0.5737140391579498
1.2075718289120756, 0.48020551858061494
0.9112919730026139, -0.32282309636564344
0.8993542339474525, -0.3201797344998562
-1.121289972474851, 0.042092573338776626
-1.1204632455364245, 0.15351718930358282
-0.07867094159233302, -0.24055085281575586
-0.9021249783460723, -0.7027075745048333
-1.1007032807148276, -0.6760194725874005
-1.1200575131415011, -0.2476378153933816
-0.9849681268988701, -0.810018561719142
-0.9021249783460723, -0.7027075745048333
-0.07867094159233302, -0.24055085281575586
0.011510002419812725, -0.2746626694502231
-0.09427657386816125, -0.6400294498381925
-0.5222035136629632, -0.9587216115453918
-0.6519436113658753, -1.0144813328099143
-0.7383937959294157, -1.0229840464466913
-0.8391804005970944, -1.02252151929602
-0.9403168865708955, -0.9617901159646263
-0.11212518274160735, -1.1614384296578104
-0.09427657386816125, -0.6400294498381925
0.011510002419812725, -0.2746626694502231
0.05968201727032868, -0.29288420123272824
0.16447991944745097, -0.9027468641915174
0.1141124575640063, -1.0846292776470057
0.016819114639495404, -1.1832071387701144
-0.056526906416288, -1.2491273247863028
-0.837584018115732, 0.04651537820949188
-0.7369823111111018, 0.5219166430011227
-0.18903204137220236, 0.5353149473350862
-0.12050024445683037, 0.5360037648088888
0.20029819870846496, 0.5368727694249587
0.30642523569468083, 0.5367297443750588
0.3025301226306328, -0.09509537001800569
0.05968201727032868, -0.29288420123272824
0.3025301226306328, -0.09509537001800569
0.30642523569468083, 0.5367297443750588
0.378079519200532, 0.5366331774891361
0.4092194949844172, 0.481946084117063
0.4151721591317697, 0.3809952115049457
0.41277432866849484, -0.2950609657259584
0.3674909204122037, -0.25642199754177053
-1.1204632455364245, 0.15351718930358282
-1.115828141640995, 0.778227293087216
-1.040205741172453, 0.7866172354557947
-0.9728411027711725, 0.7902114991646362
-0.7949727934621066, 0.7848678243012668
-0.7645794648887697, 0.6735094150704828
-0.7369823111111018, 0.5219166430011227
-0.837584018115732, 0.04651537820949188
