-0.08275434006682794, 0.06208083745594357
-0.02494541927127452, 0.05929993789998057
0.0529039383458401, 0.05740330902094094
0.11613276261574482, 0.001860733824325851
0.07044902208354785, -0.058265485480594695
-0.008389609275608171, -0.07608575879524603
-0.061156160025057964, -0.03261387988160255
-0.08275434006682794, 0.06208083745594357
0.0529039383458401, 0.05740330902094094
0.11613276261574482, 0.001860733824325851
0.07044902208354785, -0.058265485480594695
-0.008389609275608171, -0.07608575879524603
-0.061156160025057964, -0.03261387988160255
