-0.09220007577692155, 0.024704922226476623
-0.08187102677888275, 0.08574949517587016
-0.06061370194424065, 0.1916569099283971
-0.002650003941133712, 0.16877262403558238
0.07668849831313297, 0.15517153185011345
0.1170765698671375, 0.09232419805813594
0.10007931081154285, 0.013108274351747756
0.09868960550592569, -0.06704499966148464
0.09965131536597793, -0.17215580463698468
-0.0035106975600687563, -0.18707973201259687
-0.08051687955699133, -0.18606854748492666
-0.08404851375137383, -0.1051194545958026
-0.09220007577692155, 0.024704922226476623
-0.08187102677888275, 0.08574949517587016
-0.06061370194424065, 0.1916569099283971
0.07668849831313297, 0.15517153185011345
0.1170765698671375, 0.09232419805813594
0.09965131536597793, -0.17215580463698468
-0.0035106975600687563, -0.18707973201259687
-0.08051687955699133, -0.18606854748492666
