-0.1214681821706022, 0.05906175186176525
-0.04134083687747646, 0.06692264578826643
0.026136276791823867, 0.06575985029672764
0.0561227028000622, 0.06622441805633264
0.11781315480294619, 0.0701105563374372
0.21224298984042794, 0.026581460901592437
0.20502895814867067, -0.058348016522217924
0.14520506741754838, -0.06605401094653156
0.0835721785816265, -0.047088548416476805
0.025316943754722054, -0.06802537512044829
-0.033981627069657266, -0.0706282472281212
-0.09522824960462396, -0.07650261425814109
-0.16550494966891444, -0.08458774258298851
-0.16550494966891444, -0.08458774258298851
-0.1214681821706022, 0.05906175186176525
-0.04134083687747646, 0.06692264578826643
0.11781315480294619, 0.0701105563374372
0.21224298984042794, 0.026581460901592437
0.20502895814867067, -0.058348016522217924
0.14520506741754838, -0.06605401094653156
