-0.052945322952264895, 0.16177085876175862
-0.002262806727331144, 0.15444907935017088
0.056763499804031226, 0.06680069359099058
0.09118826038176926, 0.011862488486276912
0.09651803008166204, -0.08629569093416019
0.08865605579190886, -0.14033148810471205
0.027354053107054205, -0.16490189746724226
-0.03409005264984993, -0.10782413929017086
-0.06687176197187175, 0.010499905045762073
-0.09822222730436499, 0.08305861352873983
-0.10468235999526611, 0.13583871548757406
-0.10468235999526611, 0.13583871548757406
-0.052945322952264895, 0.16177085876175862
-0.002262806727331144, 0.15444907935017088
0.056763499804031226, 0.06680069359099058
0.09118826038176926, 0.011862488486276912
0.09651803008166204, -0.08629569093416019
0.08865605579190886, -0.14033148810471205
0.027354053107054205, -0.16490189746724226
-0.03409005264984993, -0.10782413929017086
-0.09822222730436499, 0.08305861352873983
