-0.5613542795181274, 0.3638511002063751
-0.5436909198760986, 0.41805222630500793
-0.557783305644989, 0.47961530089378357
-0.5583354830741882, 0.5767974853515625
-0.3791126012802124, 0.6009854674339294
-0.31841710209846497, 0.6196063160896301
-0.2443387508392334, 0.6401830315589905
-0.015645654872059822, 0.6571850180625916
0.07911044359207153, 0.6467167735099792
0.21063175797462463, 0.6550772786140442
0.26905325055122375, 0.6760988235473633
0.4024777412414551, 0.6609476208686829
0.4594699442386627, 0.3768467307090759
0.4657299816608429, 0.3186126947402954
0.4851314425468445, 0.23949649930000305
0.5011481046676636, 0.1789371818304062
0.5169588327407837, 0.1212051510810852
0.5239941477775574, 0.04131516441702843
0.5616991519927979, -0.18107199668884277
0.5793511867523193, -0.2624395489692688
0.5924341678619385, -0.3347666263580322
0.6008581519126892, -0.39577141404151917
0.5446699857711792, -0.4803881347179413
0.44011735916137695, -0.502061665058136
0.3055041432380676, -0.5148966908454895
0.24543911218643188, -0.5379205942153931
0.21482987701892853, -0.6209861040115356
0.24542583525180817, -0.6959565877914429
0.14828814566135406, -0.714454174041748
0.0854940414428711, -0.7480475306510925
-0.008901768364012241, -0.7593122124671936
-0.07136142253875732, -0.7420015931129456
-0.1871650516986847, -0.7814478278160095
-0.31811875104904175, -0.7988659143447876
-0.3351973593235016, -0.7211236953735352
-0.35233357548713684, -0.6199373006820679
-0.376952588558197, -0.539561927318573
-0.3883562982082367, -0.4510621726512909
-0.3744329512119293, -0.3820964992046356
-0.39355239272117615, -0.30239441990852356
-0.41321396827697754, -0.23529700934886932
-0.43455758690834045, -0.18204720318317413
-0.43870997428894043, -0.10375870019197464
-0.4559912383556366, -0.036187633872032166
-0.47511976957321167, 0.05540762096643448
-0.47393515706062317, 0.13900922238826752
-0.49858224391937256, 0.20047394931316376
-0.5142988562583923, 0.29558077454566956
-0.5613542795181274, 0.3638511002063751
-0.5583354830741882, 0.5767974853515625
-0.5576737523078918, 0.5769310593605042
0.24543911218643188, -0.5379205942153931
0.24542583525180817, -0.6959565877914429
0.0854940414428711, -0.7480475306510925
-0.31811875104904175, -0.7988659143447876
-0.376952588558197, -0.539561927318573
-0.5576737523078918, 0.5769310593605042
-0.2443387508392334, 0.6401830315589905
-0.015645654872059822, 0.6571850180625916
0.26905325055122375, 0.6760988235473633
0.4024777412414551, 0.6609476208686829
0.5169588327407837, 0.1212051510810852
0.5924341678619385, -0.3347666263580322
0.6008581519126892, -0.39577141404151917
0.5446699857711792, -0.4803881347179413
0.44011735916137695, -0.502061665058136
0.24543911218643188, -0.5379205942153931
