-0.03982923552393913, 0.15447191894054413
0.02348247542977333, 0.1477908343076706
0.051406845450401306, 0.08666736632585526
0.055906932801008224, -0.069920614361763
0.05641438066959381, -0.20613163709640503
0.006277334876358509, -0.2062658816576004
-0.09749660640954971, 0.03304102644324303
-0.10225974023342133, 0.11090357601642609
-0.10225974023342133, 0.11090357601642609
-0.03982923552393913, 0.15447191894054413
0.02348247542977333, 0.1477908343076706
0.051406845450401306, 0.08666736632585526
0.055906932801008224, -0.069920614361763
0.05641438066959381, -0.20613163709640503
0.006277334876358509, -0.2062658816576004
-0.09749660640954971, 0.03304102644324303
