-0.12831565605743428, -0.04952479899684295
-0.12191616640921907, 0.0032006936732431115
-0.06266391611899712, 0.057128812935411465
0.03297984779177158, 0.053911429140647234
0.04920924137206712, 0.05650189807388764
0.08434910970703069, 0.0631871022020522
0.1440437039135598, 0.11168388016483746
0.15636331470964948, 0.04796891877085347
0.1123081992250093, 0.01736648039875322
0.03814784412800163, -0.03487065595179281
-0.043295624474250706, -0.0681530302862404
-0.12831565605743428, -0.04952479899684295
-0.12191616640921907, 0.0032006936732431115
-0.06266391611899712, 0.057128812935411465
0.1440437039135598, 0.11168388016483746
0.15636331470964948, 0.04796891877085347
0.03814784412800163, -0.03487065595179281
-0.043295624474250706, -0.0681530302862404
