-0.25752261300797114, -0.02239247502583651
-0.17581295006577666, -0.06736120343738368
-0.09616562042303257, -0.02364702877299829
-0.052341434041314604, 0.0027795612174052234
-0.013203535101864656, 0.09408058193032241
0.07520316341789275, 0.06658846146520556
0.12235095799325449, 0.03538659797951058
0.1774778835088392, 0.07408382336513578
0.239006514363275, 0.13562336256216423
0.340139937589338, 0.16435624263056214
0.3952451188200066, 0.11817854383137578
0.29761355055088373, 0.05879486641364493
0.22411069586959068, -0.02365051663182174
0.1244904659444991, -0.022084896847270434
0.003591766895012118, -0.04425060024156896
-0.07771687448885224, -0.06193841333053832
-0.14397861543417964, -0.10599646930748766
-0.21927744467980473, -0.11906109641105414
-0.33583017479886473, -0.13118063045479803
-0.4105701697885648, -0.14281135153130037
-0.40041080697276865, -0.044081199802329794
-0.3377917180191796, -0.08482697847400635
-0.31648746848548814, -0.08452723623613967
-0.4105701697885648, -0.14281135153130037
-0.40041080697276865, -0.044081199802329794
-0.013203535101864656, 0.09408058193032241
0.340139937589338, 0.16435624263056214
0.3952451188200066, 0.11817854383137578
0.22411069586959068, -0.02365051663182174
-0.14397861543417964, -0.10599646930748766
-0.21927744467980473, -0.11906109641105414
