-0.12766354726802934, 0.3387475380671737
-0.007410386703190869, 0.25854034185134084
0.014755663093571306, 0.17886761888021613
-0.032620119897772755, 0.11677961642551865
-0.02358057013274692, 0.08049323626615862
0.05528024592191565, 0.057619795347492106
0.07369354154951531, -0.02351361394325797
0.11009395165168419, -0.08656879863894938
0.13071273422766488, -0.16755140833104532
0.03451841144688148, -0.2010089529438224
-0.02490882127523126, -0.2809359798734079
-0.002319449268202175, -0.20001298739515522
0.012174042226845018, -0.13941619668311991
-0.04788572950124623, -0.10550145942420969
-0.045567317346476864, -0.01871661132861804
-0.06724393724026599, 0.059854122546139324
-0.12643145601998454, 0.21992761870167
-0.12766354726802934, 0.3387475380671737
-0.007410386703190869, 0.25854034185134084
0.11009395165168419, -0.08656879863894938
0.13071273422766488, -0.16755140833104532
-0.02490882127523126, -0.2809359798734079
-0.12643145601998454, 0.21992761870167
