0.12607781651248176, 0.25175035717494965
0.17231001050280176, 0.2152662893160545
0.16700128998646244, 0.13203464773130325
0.16754271525870262, 0.0517647418087124
0.16802103875143232, 0.03170968736422159
0.18097841857395341, -0.04873924868408553
0.1687890472180945, -0.12843489181485157
0.16776907885827588, -0.14797684354941104
0.1657616603599238, -0.24781448443985604
0.164937457995024, -0.3680426215345179
0.10687950424047207, -0.32055182719256226
0.067065374454155, -0.32154757544152945
0.02545132576977032, -0.32447716605536875
-0.04081182595462522, -0.33916587817162486
-0.10852443915543998, -0.3418552406652726
-0.13204902436125196, -0.1285345340625287
-0.1468945856217358, -0.04719743264904605
-0.14947593428275058, 0.011839825368209225
-0.16711436401784555, 0.1340365395301343
-0.17446646601523966, 0.19286189662435163
-0.17685982742925757, 0.2502477335120663
-0.11435018171394641, 0.2676537204202004
-0.03385775908543175, 0.2685710357714659
-0.013406350418735962, 0.26959972590622455
0.003404797648758693, 0.27216855759965514
0.070797598748211, 0.28517848805466034
-0.17685982742925757, 0.2502477335120663
-0.11435018171394641, 0.2676537204202004
0.070797598748211, 0.28517848805466034
0.12607781651248176, 0.25175035717494965
0.17231001050280176, 0.2152662893160545
0.18097841857395341, -0.04873924868408553
0.164937457995024, -0.3680426215345179
-0.10852443915543998, -0.3418552406652726
-0.1468945856217358, -0.04719743264904605
-0.17446646601523966, 0.19286189662435163
