-0.13992687442701005, 0.741791514983609
-0.06212688023361144, 0.7640072372267214
-0.05150049951213024, 0.7025128821779794
-0.02944907547515163, 0.615500347977215
0.01639216256891549, 0.5362337947126643
0.02519991101710013, 0.43995506003051194
0.016096010351624935, 0.3475336542383958
0.01782176943921874, 0.29168574149766635
0.013298672538111584, 0.22895570207163693
0.03031821975381347, 0.13198699372153128
0.0327136144183066, 0.06491979108764881
0.05322124613359942, -0.0280430292784717
0.07759222726963956, -0.11746710589471387
0.09563653856059834, -0.20855170589850147
0.11526323676374145, -0.33763653991694104
0.12514652480473767, -0.43330378661384633
0.14419718523021616, -0.5395124086525538
0.1823607528596433, -0.6179425275722195
0.17880268045438177, -0.6873598747779944
0.09155269995416507, -0.7302003642814634
0.030592125737164487, -0.7404022109212319
0.04173011746142109, -0.6563746117534445
0.010115984170193958, -0.581811654874351
-0.019654760015864855, -0.5272850168093715
-0.008238495611419754, -0.4451003902346223
-0.005180312426459945, -0.33686779850629517
-0.0072349655758323006, -0.3007287179573703
-0.012071108033762825, -0.2634240599138275
-0.0686565651028928, -0.19377156312709443
-0.05862458220736422, -0.1101260696072526
-0.08465312973257813, -0.05362182731819758
-0.08632012104118006, 0.011810261356945542
-0.07622421972499749, 0.10665569696059504
-0.07991837877461695, 0.2118223126755768
-0.10058803496709538, 0.3093960335350902
-0.13141420964124756, 0.35967580799892895
-0.14563733203165827, 0.4681943866868259
-0.15830931823303585, 0.5463862424651157
-0.16398823181949052, 0.6056901022513361
-0.17557394787041403, 0.6821490405560023
-0.17557394787041403, 0.6821490405560023
-0.13992687442701005, 0.741791514983609
-0.06212688023361144, 0.7640072372267214
0.01639216256891549, 0.5362337947126643
0.1823607528596433, -0.6179425275722195
0.17880268045438177, -0.6873598747779944
0.09155269995416507, -0.7302003642814634
0.030592125737164487, -0.7404022109212319
-0.019654760015864855, -0.5272850168093715
-0.0686565651028928, -0.19377156312709443
