-0.16723679934942975, 0.5899946795566304
-0.1261952218644829, 0.4500922751784466
-0.12061006365559278, 0.43253153197713357
-0.09720208162344343, 0.39848049958559306
-0.02245665795574815, 0.3987772468615567
0.017822014926137303, 0.24413897599798526
0.04088190932837393, 0.1647950443440256
0.06429311499147285, 0.06583895015009666
0.0840480736507966, -0.008483211014859462
0.09550884445222516, -0.04899887215615396
0.11666592593625201, -0.12264051569122195
0.15048418945538583, -0.20039936091293847
0.1492104156506009, -0.4050847211270616
0.11684033531560957, -0.4772040884647377
0.12516720015767366, -0.5369431351993244
0.17221798538073183, -0.5623610570538947
0.24018846779382924, -0.6058149193282024
0.2413172849744485, -0.6677651406590355
0.1747185534245436, -0.6851593836456659
0.08703770115168763, -0.6474262716797954
0.07017256626181526, -0.5897709407344466
0.08617320037586162, -0.5049536481442134
0.03755927883841367, -0.45340987596132665
0.03241022271211675, -0.3735666599807419
0.018285152881654658, -0.31401423408645246
-0.008607121090376094, -0.21886218787776093
-0.03345948383143748, -0.12168214083799501
-0.061357941213322456, -0.06645165828119921
-0.06472552134089911, -0.004049829862886382
-0.08381408313371971, 0.0731256428636366
-0.11831199063922405, 0.1463950299223839
-0.20095173472371566, 0.4552796456366995
-0.20095173472371566, 0.4552796456366995
-0.16723679934942975, 0.5899946795566304
-0.02245665795574815, 0.3987772468615567
0.15048418945538583, -0.20039936091293847
0.24018846779382924, -0.6058149193282024
0.2413172849744485, -0.6677651406590355
0.1747185534245436, -0.6851593836456659
0.08703770115168763, -0.6474262716797954
0.07017256626181526, -0.5897709407344466
