0.311977433939503, -0.15880177222358413
0.2642696919427699, -0.10678692619214396
0.20838754429856798, -0.1294233953767144
0.14685882421484153, -0.06844898401507635
0.08407721716592577, -0.06657556402990071
-0.004836833244769265, -0.01560442454167388
-0.12431495523843306, 0.012907370020112406
-0.19660032247339412, 0.03718290776366438
-0.2770836512005426, 0.05290778143018645
-0.3951643028090259, 0.07839695772089984
-0.4472833505970695, 0.11362654304885175
-0.5322542868436485, 0.15011951092576925
-0.6152023642116222, 0.1761561921229101
-0.7224887806597454, 0.23043518202006494
-0.6028328828885933, 0.2713328916505356
-0.5399355646619681, 0.21004093620085543
-0.4811895220970033, 0.18724727852730036
-0.3945137504673966, 0.14788848111401018
-0.2939772454133177, 0.12787838027515847
-0.1781712023681536, 0.09372648330229967
-0.09132913505961017, 0.08329400367027184
-0.03637383789853393, 0.06602028748915216
0.005639068383074724, 0.008796739199059682
0.08911440915938797, 7.52305667495816E-4
0.2473947750469094, -0.04684405062837069
0.3214881038138446, -0.04760666614214192
0.3678247795911461, -0.09339029689377484
0.3689082072982178, -0.14826113005316804
-0.7224887806597454, 0.23043518202006494
-0.6028328828885933, 0.2713328916505356
0.3214881038138446, -0.04760666614214192
0.3678247795911461, -0.09339029689377484
0.3689082072982178, -0.14826113005316804
0.311977433939503, -0.15880177222358413
0.20838754429856798, -0.1294233953767144
-0.3951643028090259, 0.07839695772089984
-0.6152023642116222, 0.1761561921229101
