-0.3349739611148834, -0.21466068923473358
-0.05413493141531944, 0.22469905018806458
0.056973449885845184, 0.39214059710502625
0.1595652848482132, 0.36183446645736694
0.3197759687900543, 0.2430361658334732
0.38371357321739197, 0.18427148461341858
0.32536423206329346, 0.0851028561592102
0.12459778040647507, -0.21775801479816437
-0.03460118919610977, -0.45239320397377014
-0.1971493512392044, -0.3521895110607147
-0.3263380527496338, -0.2639324963092804
-0.3349739611148834, -0.21466068923473358
-0.05413493141531944, 0.22469905018806458
0.056973449885845184, 0.39214059710502625
0.1595652848482132, 0.36183446645736694
0.3197759687900543, 0.2430361658334732
0.38371357321739197, 0.18427148461341858
0.32536423206329346, 0.0851028561592102
0.12459778040647507, -0.21775801479816437
-0.03460118919610977, -0.45239320397377014
-0.1971493512392044, -0.3521895110607147
-0.3263380527496338, -0.2639324963092804
