-0.3900192677974701, 0.03521962836384773
-0.389206200838089, 0.10692515224218369
-0.33257055282592773, 0.1937534213066101
-0.24105332791805267, 0.3334909975528717
-0.08303438872098923, 0.2699447572231293
0.15211251378059387, 0.1364186704158783
0.22873248159885406, 0.07926524430513382
0.27336427569389343, 0.03326995298266411
0.31467610597610474, -0.016948219388723373
0.3520281910896301, -0.11585809290409088
0.29154980182647705, -0.2116382122039795
0.23003707826137543, -0.2987942099571228
0.17804352939128876, -0.34171807765960693
0.09239442646503448, -0.29389986395835876
-0.14805646240711212, -0.150961235165596
-0.34460243582725525, -0.0013059580232948065
-0.3900192677974701, 0.03521962836384773
-0.389206200838089, 0.10692515224218369
-0.33257055282592773, 0.1937534213066101
-0.24105332791805267, 0.3334909975528717
-0.08303438872098923, 0.2699447572231293
0.15211251378059387, 0.1364186704158783
0.22873248159885406, 0.07926524430513382
0.27336427569389343, 0.03326995298266411
0.31467610597610474, -0.016948219388723373
0.3520281910896301, -0.11585809290409088
0.29154980182647705, -0.2116382122039795
0.23003707826137543, -0.2987942099571228
0.17804352939128876, -0.34171807765960693
0.09239442646503448, -0.29389986395835876
-0.14805646240711212, -0.150961235165596
-0.34460243582725525, -0.0013059580232948065
