-0.2592513970090896, -0.11516071029909151
-0.20746890310283989, -0.09091645252160087
-0.13957843105354661, -0.048033378121309145
-0.07948469507682, -0.012536622644873839
-0.004600205345719142, 0.02858092694545239
0.04642805026377332, 0.08319432532709266
0.11995997570717794, 0.10116474868270287
0.2524095404820098, 0.14966399855287327
0.36294285157266887, 0.1788797373245049
0.28904027224164414, 0.12038868262161764
0.24299341966256954, 0.08133412563525062
0.16698345566200534, 0.044314394346146035
0.062195581422184384, -0.01426118306846588
-0.005200978225643922, -0.03733047268276435
-0.05986804177518247, -0.07987901342422392
-0.1506308149185971, -0.1268416210837295
-0.23821997065620784, -0.1744439201886409
-0.35371102562863405, -0.18094927259585078
-0.35371102562863405, -0.18094927259585078
-0.2592513970090896, -0.11516071029909151
0.04642805026377332, 0.08319432532709266
0.2524095404820098, 0.14966399855287327
0.36294285157266887, 0.1788797373245049
0.24299341966256954, 0.08133412563525062
-0.05986804177518247, -0.07987901342422392
-0.23821997065620784, -0.1744439201886409
