-0.33000901344319333, -0.38275110581400384
-0.3064368626205127, -0.28790179747775446
-0.2623813647736859, -0.2535511774745622
-0.2316426549231797, -0.20334221064263314
-0.13384188116562087, -0.12546833842354244
-0.1184921995232716, -0.06576551524880166
-0.054783193106217855, 0.005808674393548255
-0.014752252462224159, 0.05732711052634096
0.024535599351899133, 0.13497155480575648
0.06832001220206729, 0.19754385816293857
0.13193665381801176, 0.27070252111525933
0.17612587908886257, 0.343821811588643
0.24292082377811913, 0.33872462115825047
0.27203240117682714, 0.2907596763043732
0.2096394447064366, 0.21926237129038098
0.1352398969416084, 0.10670121587570393
0.1013286921781006, 0.05123343220561021
0.05379608049469645, -0.0046896601612436495
0.006175238655198072, -0.037849783430899196
-0.04485400299408677, -0.10591416656904391
-0.08083996621052351, -0.16158730945427993
-0.12617523466929875, -0.24244104961599716
-0.1671972190638782, -0.2923221124819049
-0.21618960261486536, -0.3634317879991617
-0.26758913847208476, -0.41670214166396186
-0.33000901344319333, -0.38275110581400384
-0.3064368626205127, -0.28790179747775446
0.17612587908886257, 0.343821811588643
0.24292082377811913, 0.33872462115825047
0.27203240117682714, 0.2907596763043732
0.1013286921781006, 0.05123343220561021
-0.21618960261486536, -0.3634317879991617
-0.26758913847208476, -0.41670214166396186
