0.22884481135056117, -0.07391473922476094
0.15917771623803753, -0.07028760303604431
0.10264708267268119, -0.09547229981531227
0.029303067800296706, -0.04155147538511424
0.05582473583985682, 0.013963164202764316
0.11328333892943804, 0.015332939219007496
0.19054854069002009, 0.03894854326241147
0.29491657055302173, -0.043234987663113525
0.029303067800296706, -0.04155147538511424
0.05582473583985682, 0.013963164202764316
0.19054854069002009, 0.03894854326241147
0.29491657055302173, -0.043234987663113525
0.22884481135056117, -0.07391473922476094
0.10264708267268119, -0.09547229981531227
