0.325204617605394, -0.0330579553295751
0.1851578458368009, -0.2116450557852161
0.10338086968263586, -0.2373637114678751
-0.019114693768659242, -0.23386928482041464
-0.09144513911725258, -0.2911918079423748
-0.09711250812110914, -0.38119050545898703
-0.1641557573300681, -0.39084056243441606
-0.2213229924249596, -0.3834486792597494
-0.2758403090961985, -0.34645780148455096
-0.2970859618354977, -0.261640189177387
-0.3706494004829524, -0.2118756628620578
-0.4035253430923317, -0.1503307099724422
-0.46069555271792034, 0.005153103082001433
-0.385265222100416, 0.021021018830230914
-0.31567881369175266, 0.09224989161272423
-0.2692585114404116, 0.14853155737516222
-0.22232898531165232, 0.1970597139391247
-0.16608319305975705, 0.1376951229989138
-0.06050137661483275, 0.092587907801052
-0.019935991916539178, 0.08225697334370333
0.033788517609580564, 0.07182137708507054
0.07159050834016589, 0.14002319291592843
0.07160381904567349, 0.21195711572077724
0.0668990416871945, 0.2954209402516203
0.11373145306076993, 0.39745208336984966
0.1827457208545105, 0.44711576335908043
0.21970271663189497, 0.3920401673572361
0.2474826678696129, 0.3530659652706458
0.30272952781423645, 0.2773044674729609
0.2480020869642123, 0.2592780137343272
0.23869173999247528, 0.13179642459668348
0.26377968155911047, 0.046238308544251566
0.3147199306681123, 0.02649661130371223
0.3968082990772229, 0.01609005142326847
0.08854170288427687, -0.016875259082128995
0.26377968155911047, 0.046238308544251566
0.3968082990772229, 0.01609005142326847
0.1993488061938427, -0.19637563477135622
0.033788517609580564, 0.07182137708507054
0.0668990416871945, 0.2954209402516203
0.11373145306076993, 0.39745208336984966
0.1827457208545105, 0.44711576335908043
0.30272952781423645, 0.2773044674729609
0.26377968155911047, 0.046238308544251566
0.08854170288427687, -0.016875259082128995
-0.46069555271792034, 0.005153103082001433
-0.22232898531165232, 0.1970597139391247
0.033788517609580564, 0.07182137708507054
0.1993488061938427, -0.19637563477135622
0.1851578458368009, -0.2116450557852161
-0.09711250812110914, -0.38119050545898703
-0.1641557573300681, -0.39084056243441606
-0.2213229924249596, -0.3834486792597494
-0.2758403090961985, -0.34645780148455096
-0.3706494004829524, -0.2118756628620578
-0.4035253430923317, -0.1503307099724422
