-0.013127866895863602, -0.08320486934862774
-0.04735967627983263, -0.002140755721009479
-0.12836096659969076, 0.07330538204807178
-0.07022055169948654, 0.07219237516172317
-0.01129205656316438, 0.11235441085950403
0.0717548757587997, 0.04108901621753561
0.10031045253624761, -0.04000446332740072
0.05573908729779141, -0.10120841560150065
-0.12836096659969076, 0.07330538204807178
-0.01129205656316438, 0.11235441085950403
0.0717548757587997, 0.04108901621753561
0.10031045253624761, -0.04000446332740072
0.05573908729779141, -0.10120841560150065
-0.013127866895863602, -0.08320486934862774
