-0.34428023415417824, -0.2614698970026618
-0.31097735174662877, -0.21757608854850996
-0.25958769550360405, -0.14780133190848083
-0.22290967688215044, -0.05511507270349845
-0.15504058943615698, -0.006768164859917039
-0.12097230005567113, 0.06492223752948025
-0.05117676277450513, 0.16439311948772053
0.03975706583693726, 0.27223649904841074
0.05165925770694068, 0.33744842024393645
0.117182612422601, 0.4160929637933458
0.19038983095327172, 0.435066024355416
0.25323027232314094, 0.36858917977132544
0.35569051422798015, 0.29591941983681797
0.3062722283512573, 0.21309354681225157
0.2597755835248638, 0.142711886544518
0.22562726136320796, 0.08944338478027637
0.17666096033329126, 0.022673135710529528
0.14110656183611808, -0.021898770449284104
0.11424442745695883, -0.05683979782323491
0.07092469569004786, -0.11615030098034304
0.019909737055574785, -0.17800211874305086
-0.034428700207311015, -0.2670481599435347
-0.11114189644572124, -0.37913252645339485
-0.15365370160470737, -0.4628679844444821
-0.1800147948982314, -0.531317085115113
-0.25299832686580276, -0.47415667716716065
-0.3129315735032064, -0.44825003792491863
-0.3657350181317934, -0.37674717261225843
-0.3657350181317934, -0.37674717261225843
-0.34428023415417824, -0.2614698970026618
-0.22290967688215044, -0.05511507270349845
0.05165925770694068, 0.33744842024393645
0.117182612422601, 0.4160929637933458
0.19038983095327172, 0.435066024355416
0.35569051422798015, 0.29591941983681797
0.3062722283512573, 0.21309354681225157
0.22562726136320796, 0.08944338478027637
-0.1800147948982314, -0.531317085115113
-0.3129315735032064, -0.44825003792491863
