-0.19331685941117058, -0.04986687745231249
-0.11640570706961902, -0.029159432340020906
-0.05595552651060193, -0.019454810694392023
0.006096345001027808, 0.04603928247018428
0.13486115423308626, 0.08673761942563711
0.15146825529510435, 0.092653599248201
0.19260986713854747, 0.11143104575106266
0.2430844497149489, 0.1478302769067235
0.24287189476393162, 0.0741579181475901
0.14082496886431625, 0.04039640391664968
0.025130145189764284, -0.016202728034824972
-0.0688265900999607, -0.04569319990756718
-0.18867720075422625, -0.10538441703178535
-0.24472102909634377, -0.09810728140623377
-0.24472102909634377, -0.09810728140623377
-0.19331685941117058, -0.04986687745231249
0.006096345001027808, 0.04603928247018428
0.2430844497149489, 0.1478302769067235
0.24287189476393162, 0.0741579181475901
-0.18867720075422625, -0.10538441703178535
