0.1114935867142301, -0.04360312636368265
-0.008368808355077906, -0.029925339760682526
-0.08689611444250953, -0.022084442595380546
-0.15172641877477397, -0.03764611866808935
-0.20621551450481823, -0.032851019176796045
-0.15458090027701335, 0.03992249412663325
-0.06873053246011815, 0.030392067790414493
0.06658645311792191, 0.030544751826226058
0.18959156195488713, 0.00339468566906937
-0.20621551450481823, -0.032851019176796045
-0.15458090027701335, 0.03992249412663325
0.06658645311792191, 0.030544751826226058
0.18959156195488713, 0.00339468566906937
0.1114935867142301, -0.04360312636368265
-0.15172641877477397, -0.03764611866808935
