-0.22605632600292574, 0.02337256341392733
-0.16469564917308155, 0.09572866835095753
-0.08638032721326973, 0.15683055199496743
-0.03641417097838902, 0.14947274951395823
0.019260011688581626, 0.06544285759919173
0.05344367021463552, 0.0021077119318320806
0.11643401114392796, 0.0413614373689502
0.1307408166019126, -0.05566320535363313
0.17338760457199623, -0.07932375724152524
0.27328431121108715, -0.0495355895658846
0.30843181514267254, -0.09017770509569473
0.2658280384686855, -0.12301987276900334
0.19658526527407905, -0.17254143250471435
0.11569583146383587, -0.13405409612320213
0.06575973575938415, -0.09648128529841926
0.01423783290666043, -0.07599291238613426
-0.038354553399848106, -0.03324411282988632
-0.07091120490503455, -0.018326225769440548
-0.14868928985639618, -0.041978498080608696
-0.22605632600292574, 0.02337256341392733
-0.16469564917308155, 0.09572866835095753
-0.08638032721326973, 0.15683055199496743
-0.03641417097838902, 0.14947274951395823
0.27328431121108715, -0.0495355895658846
0.30843181514267254, -0.09017770509569473
0.2658280384686855, -0.12301987276900334
0.19658526527407905, -0.17254143250471435
-0.14868928985639618, -0.041978498080608696
