-0.9183284822924099, -0.36373677872735355
-0.8564069996023924, -0.36673206102886163
-0.7643577730785683, -0.3756215868854499
-0.7418173543880524, -0.28091611066591504
-0.689844290592884, -0.20379750948812111
-0.6067002442108567, -0.17552875949083985
-0.5590532571957182, -0.15408103876245655
-0.48109376907209955, -0.12495772307328806
-0.3744447139850927, -0.11856691546297685
-0.21556357307563867, -0.019851573396504757
-0.18959194704530666, 0.058891053393103625
-0.21960016848160385, 0.12800797770637073
-0.16357243467290286, 0.2031616019904255
-0.09570421423445213, 0.19021900493596605
-0.022325898211335703, 0.255451674926259
-0.007009326828373314, 0.375469338349055
0.051802438583854485, 0.4358551540745265
0.11206735672543883, 0.4323081258905814
0.1716752000049555, 0.4302618916154406
0.2613174402024296, 0.4430413997717987
0.3495488697724456, 0.4442686454484721
0.42359702678875366, 0.38137098315702417
0.43628552797907455, 0.319217374212532
0.49298325643611296, 0.2943124997899217
0.5723715932168297, 0.1437856877894161
0.4901717065266792, 0.1065839096199635
0.5105463599689215, 0.010365522308588403
0.4190122804811826, 0.0041604253142530825
0.35791325673583874, -0.03768061280699193
0.28926728198264606, -0.0998239254810433
0.26795522246842296, -0.17443981453575944
0.1797310290422377, -0.18756595415352864
0.03880395702647593, -0.2191287649388977
0.020232975174112468, -0.22601635315310187
-0.04513061299905058, -0.29926762241256416
-0.12771523577185634, -0.33100236605441424
-0.21262316220664768, -0.39568616240229604
-0.28899594961824077, -0.4065611337709903
-0.3547388853426559, -0.43873440140172293
-0.4498342383733517, -0.42997337958826914
-0.5481818168984725, -0.5026590311726152
-0.6053547109806686, -0.49737863216736083
-0.8366363854479281, -0.4893085855478061
-0.9230767416873683, -0.46752081468525486
-0.21960016848160385, 0.12800797770637073
-0.16357243467290286, 0.2031616019904255
-0.007009326828373314, 0.375469338349055
0.051802438583854485, 0.4358551540745265
0.2613174402024296, 0.4430413997717987
0.3495488697724456, 0.4442686454484721
0.42359702678875366, 0.38137098315702417
0.49298325643611296, 0.2943124997899217
0.5723715932168297, 0.1437856877894161
0.5105463599689215, 0.010365522308588403
0.26795522246842296, -0.17443981453575944
-0.014010616616034444, -0.26439225375369124
-0.21556357307563867, -0.019851573396504757
-0.9230767416873683, -0.46752081468525486
-0.9183284822924099, -0.36373677872735355
-0.689844290592884, -0.20379750948812111
-0.21556357307563867, -0.019851573396504757
-0.014010616616034444, -0.26439225375369124
-0.04513061299905058, -0.29926762241256416
-0.21262316220664768, -0.39568616240229604
-0.5481818168984725, -0.5026590311726152
-0.8366363854479281, -0.4893085855478061
