0.0445376621859819, 0.28062876756207344
0.0726088175469104, 0.2145151884857104
0.04847179507485527, 0.13603043162939393
0.015146152362653192, 0.054083707807528886
-0.011855566853441442, -0.0222522483931813
-0.005170166243097138, -0.07856398055944593
-0.014346669246582188, -0.142582428781298
-0.001810608747791976, -0.21379533304575432
-0.0014916606133600768, -0.30784019583245836
-0.07452574274353652, -0.26047552264853535
-0.03494413266597829, -0.2070981161169758
-0.03546518901831933, -0.15420870579196364
-0.037910856282091246, -0.03734009551778567
-8.641843360576963E-4, 0.12487252442874515
0.021914736685721407, 0.1805125532302886
-0.07452574274353652, -0.26047552264853535
-0.037910856282091246, -0.03734009551778567
-8.641843360576963E-4, 0.12487252442874515
0.0445376621859819, 0.28062876756207344
0.0726088175469104, 0.2145151884857104
-0.0014916606133600768, -0.30784019583245836
