-0.14505824665772557, -0.00782068127385006
-0.12870914367609446, 0.0824677462478613
-0.05229087382660262, 0.11329849318749736
-0.01091161278338614, 0.07565939623922528
0.05632958088941357, 0.03055456866403439
0.1253909684314515, -0.03972667383224371
0.07882830636281984, -0.1385115251102219
0.049367497203426126, -0.09305328589690161
0.015286427028356413, -0.054547439527085365
-3.98962022537099E-4, -0.04179581112066871
-0.018033714899762972, -0.02967961906968859
-0.10238695778276587, -0.0394052825046959
-0.14505824665772557, -0.00782068127385006
-0.12870914367609446, 0.0824677462478613
-0.05229087382660262, 0.11329849318749736
0.05632958088941357, 0.03055456866403439
0.1253909684314515, -0.03972667383224371
0.07882830636281984, -0.1385115251102219
-0.10238695778276587, -0.0394052825046959
