-0.516157622583886, -0.06552593961971423
-0.4958941168546064, -0.005516585396630103
-0.4312976859153655, -0.0390904907129395
-0.4051619786374546, 0.05072382385596906
-0.4418246260143817, 0.09874914167117554
-0.39126638499682737, 0.16489597764372937
-0.31454133314738625, 0.21140104592950318
-0.3014046074326618, 0.24728662516730557
-0.2806681110982468, 0.32355418296753496
-0.23577344444099016, 0.3906718604139161
-0.15101202760617385, 0.34252748794327126
-0.09298281414908147, 0.30602642695512317
0.009350955096387403, 0.24997564265146854
0.05242913588386314, 0.2232230327902617
0.15420861235636774, 0.16616751653325515
0.20978438423456883, 0.13058908779871437
0.28077732949883527, 0.10345143534126672
0.37787520521428325, 0.06012100251044855
0.36300327258748516, -0.039015706659827176
0.32316087402247207, -0.115819793924922
0.27788125978774636, -0.1994580066232133
0.20032580605788108, -0.3161469629254388
0.15927736798342562, -0.39070512922823647
0.10211392467125818, -0.34051751173064065
0.009188697559557656, -0.27277379985048206
-0.0632606857303277, -0.19173190018618014
-0.12307156944921219, -0.1369015415003133
-0.16924688828947212, -0.10792274289580232
-0.2354123591850944, -0.05165126500388146
-0.2647305771110956, -0.031109762837719476
-0.3795024930363786, -0.062384311135242385
-0.4512647226103737, -0.10354190098235126
-0.516157622583886, -0.06552593961971423
-0.4958941168546064, -0.005516585396630103
-0.4418246260143817, 0.09874914167117554
-0.23577344444099016, 0.3906718604139161
-0.10059701467692866, 0.31785709116128347
-0.2647305771110956, -0.031109762837719476
-0.4512647226103737, -0.10354190098235126
-0.2647305771110956, -0.031109762837719476
-0.10059701467692866, 0.31785709116128347
0.37787520521428325, 0.06012100251044855
0.36300327258748516, -0.039015706659827176
0.32316087402247207, -0.115819793924922
0.27788125978774636, -0.1994580066232133
0.15927736798342562, -0.39070512922823647
0.009188697559557656, -0.27277379985048206
