-0.3009529837132819, -0.30754790429292367
-0.2869753389900092, -0.23671997874778444
-0.2217465810880453, -0.16214343806630993
-0.17608027054139527, -0.11660395883602057
-0.1583661538688569, -0.06729936402467047
-0.11126052016350228, -0.004971807576733691
-0.06417691555293632, 0.03433482165027216
-0.017401970196696526, 0.11791188238676949
0.03576758773445105, 0.19888745370539299
0.0833277199179192, 0.27275707256391285
0.20411329947467236, 0.3975840261961899
0.25906976263630327, 0.3333429694326628
0.35067700859156065, 0.3013066459691595
0.3234514826644756, 0.22780232632656736
0.25528437908819207, 0.20760699857546588
0.2208879212424972, 0.15492806898593148
0.19554715055940175, 0.09795688063005548
0.14625351165432823, 0.017383143627226715
0.1175033192181792, -0.035420267800655866
0.06416280946986007, -0.09915401981717498
0.007314564316149439, -0.1799026739437803
-0.05386309491000157, -0.2142079984011237
-0.13304554531615753, -0.3267538324454406
-0.14609621857432303, -0.38720696790641
-0.24796160223782596, -0.43685153690615897
-0.31050050184505923, -0.44753903642209714
-0.3657588179433535, -0.42470619394637144
-0.3657588179433535, -0.42470619394637144
-0.2869753389900092, -0.23671997874778444
0.0833277199179192, 0.27275707256391285
0.20411329947467236, 0.3975840261961899
0.35067700859156065, 0.3013066459691595
0.3234514826644756, 0.22780232632656736
-0.14609621857432303, -0.38720696790641
-0.24796160223782596, -0.43685153690615897
-0.31050050184505923, -0.44753903642209714
