-0.44994482085337967, 0.179119422954888
-0.3832921785349207, 0.22128019317836292
-0.3385524178020404, 0.27202888855194934
-0.2777580577510828, 0.35199771718995776
-0.22934528220966913, 0.4007128292314864
-0.184317216282561, 0.48443971752242354
-0.10111904372196606, 0.5283680148451898
-0.07676196165996657, 0.472721531684845
-0.03674978433292101, 0.4292249107067611
0.009342582681544453, 0.3409397851307818
0.03989046725612296, 0.29602604248777664
0.07945810117422869, 0.20311443140207208
0.12657459161694248, 0.1699250753944906
0.16567641988352877, 0.08298499236246347
0.2162453624110413, 0.011569352328209133
0.28879192764313133, -0.10493503625012746
0.3107108550743913, -0.15663338189249038
0.3414960855854293, -0.2054758133474729
0.37100111061783414, -0.2617835354082652
0.40538094532545244, -0.3365828284643736
0.43093325154592416, -0.42261985519223305
0.33866342940015853, -0.5027141393860748
0.2747540184941079, -0.4473411482572618
0.23056399433220037, -0.4157904269803585
0.11391591749828286, -0.3486566407743512
0.06562086379833028, -0.29954323799285126
-0.01793639962361738, -0.2401764383686827
-0.08712632935337111, -0.20576456659413192
-0.12570672235029054, -0.16630574284623964
-0.19301512252877712, -0.14378300642295674
-0.23887929616850856, -0.07476691465332305
-0.32679910591535993, -0.017921467059641125
-0.44407099444368675, 0.09917860655088728
-0.44994482085337967, 0.179119422954888
-0.184317216282561, 0.48443971752242354
-0.10111904372196606, 0.5283680148451898
-0.03674978433292101, 0.4292249107067611
0.12657459161694248, 0.1699250753944906
0.28879192764313133, -0.10493503625012746
0.3414960855854293, -0.2054758133474729
0.37100111061783414, -0.2617835354082652
0.40538094532545244, -0.3365828284643736
0.43093325154592416, -0.42261985519223305
0.33866342940015853, -0.5027141393860748
-0.19301512252877712, -0.14378300642295674
-0.32679910591535993, -0.017921467059641125
-0.44407099444368675, 0.09917860655088728
