-0.036969663757812694, 0.4606568346565139
-0.025562540241202258, 0.3818763474244189
-0.019439176843444473, 0.297191059719232
-0.007446308448275458, 0.22198337047758127
-0.001043192556261493, 0.16022796768771386
0.00876569605628207, 0.09097732616612796
0.01791414408975043, 0.03080733061118162
0.023993958483989906, -0.022506549081200675
0.03503518445496362, -0.1549876709514219
0.0426702237902496, -0.23530999063388297
0.0680629466377242, -0.43548776204539685
0.0198355413008389, -0.49913391007179436
0.03381193683041756, -0.4437207347415968
0.008191148276259485, -0.3877818314553821
-0.007663708609239013, -0.26276493611550955
-0.018394037858014623, -0.19468409922283428
-0.013346960411842664, -0.1071843317417428
-0.03420396306599806, -0.020100478446597642
-0.04787313399960205, 0.06013550827898862
-0.05428328038761344, 0.1562246933603866
-0.0707318553627378, 0.2771533131104669
-0.04261170435668868, 0.3578722521773284
-0.0707318553627378, 0.2771533131104669
-0.036969663757812694, 0.4606568346565139
-0.025562540241202258, 0.3818763474244189
0.01791414408975043, 0.03080733061118162
0.023993958483989906, -0.022506549081200675
0.0680629466377242, -0.43548776204539685
0.0198355413008389, -0.49913391007179436
-0.018394037858014623, -0.19468409922283428
-0.04787313399960205, 0.06013550827898862
