-0.5557225925534875, 0.1253566011610836
-0.5552312928326049, 0.1898658772520967
-0.49059828194602256, 0.23290565746006572
-0.4191272079915, 0.3014917890655131
-0.36812997453162255, 0.3218045774806843
-0.30701274108703075, 0.35566814484055936
-0.2111677884167951, 0.43601561831004426
-0.16370304816105957, 0.4586660485666222
-0.12057874736110893, 0.4797005772364105
-0.05305530862362127, 0.5237689883178821
0.02895529429921657, 0.578043086179952
0.07530886183906671, 0.5259257102194744
0.09414075534376197, 0.47852815062182413
0.16766020202680437, 0.4816819539754619
0.2632181635816928, 0.5128992965741351
0.3198236670234677, 0.4914624650233389
0.3588758114136239, 0.45128153421211664
0.3481657142251272, 0.33777187734726694
0.40539704962559575, 0.33347708522893976
0.44483598602482327, 0.3781272042074769
0.47235875166062324, 0.31077991195240195
0.4893026754637329, 0.20956891862459323
0.5325437695266614, 0.1733733707366251
0.45037057849186984, 0.1364421644476083
0.39255648398638165, 0.20898719064952986
0.368828936203171, 0.2355821668716267
0.3441676783593222, 0.24271389083254175
0.30556502415069614, 0.154075456294202
0.3258379477526015, 0.09056622558592212
0.33100396564625595, 0.08020402518428808
0.37771687194009773, 0.010050284614371501
0.3960410581718671, -0.04943430825661949
0.4670605998164508, -0.089137857201479
0.5168306517620256, -0.1952714676998922
0.4610060630517219, -0.2626862668931697
0.33031584774196693, -0.3496831745993384
0.26220594246396056, -0.39651011089116645
0.18366812247641068, -0.4459912851964723
0.07732404212842099, -0.5135372814209347
-0.005261381002030021, -0.5701932321984737
-0.060927737814708394, -0.5576414511316966
-0.10431812678403743, -0.527122210173253
-0.13116122448982556, -0.4780514864315138
-0.15733316868754324, -0.41176531328023636
-0.17096461367394516, -0.3851013558914003
-0.22629385421522163, -0.33706482073529415
-0.29578012429237355, -0.2570842500887197
-0.3498032769952174, -0.1757989843066169
-0.40803292151790466, -0.07580267362376263
-0.4346881032527277, -0.024109882128572218
-0.501043985708074, 0.045801985902074176
-0.5557225925534875, 0.1253566011610836
-0.5552312928326049, 0.1898658772520967
-0.5541879598946015, 0.19072156788522918
0.30556502415069614, 0.154075456294202
0.4670605998164508, -0.089137857201479
0.5168306517620256, -0.1952714676998922
0.4610060630517219, -0.2626862668931697
0.26220594246396056, -0.39651011089116645
-0.005261381002030021, -0.5701932321984737
-0.060927737814708394, -0.5576414511316966
-0.10431812678403743, -0.527122210173253
-0.29578012429237355, -0.2570842500887197
-0.5541879598946015, 0.19072156788522918
-0.4191272079915, 0.3014917890655131
-0.2111677884167951, 0.43601561831004426
0.02895529429921657, 0.578043086179952
0.2632181635816928, 0.5128992965741351
0.3198236670234677, 0.4914624650233389
0.35584384794467555, 0.45880683050706883
0.3441676783593222, 0.24271389083254175
0.30556502415069614, 0.154075456294202
0.3441676783593222, 0.24271389083254175
0.35584384794467555, 0.45880683050706883
0.44483598602482327, 0.3781272042074769
0.5325437695266614, 0.1733733707366251
0.45037057849186984, 0.1364421644476083
