-0.38333857824000717, -0.3485708929778514
-0.32465553526189933, -0.2456928234996545
-0.27908488211935584, -0.17637986068425435
-0.24749649107160795, -0.1314182782396902
-0.13595993505162618, 0.029032687190104753
-0.08172783926577003, 0.10069994899080005
0.008482802175513053, 0.2361675259293622
0.053731040880048625, 0.2954228964824398
0.09307774183589942, 0.3601960844779503
0.1419942792200631, 0.42529102274378433
0.2089551307361333, 0.40630898288624967
0.286576206702617, 0.36643371821121223
0.3637828245882591, 0.275070435290963
0.3273607366784456, 0.22474600053441482
0.2608283883118578, 0.12566265126735687
0.2109775444205511, 0.10099527342931917
0.16960699202189397, -0.0036812064920547683
0.08691343559650015, -0.06730324001564626
0.0766104269815581, -0.1378173833721591
0.04452519042280458, -0.1849873457732596
0.0035782088848002893, -0.24567555811909123
-0.04575540725995489, -0.2891490365804775
-0.07811096121320721, -0.34281901166405004
-0.12682418334282095, -0.43299988523820004
-0.20152768646888622, -0.47951678891435845
-0.2826494156444617, -0.46362155800735305
-0.3249930903012139, -0.43574545250969815
-0.38333857824000717, -0.3485708929778514
-0.32465553526189933, -0.2456928234996545
-0.27908488211935584, -0.17637986068425435
0.09307774183589942, 0.3601960844779503
0.1419942792200631, 0.42529102274378433
0.2089551307361333, 0.40630898288624967
0.286576206702617, 0.36643371821121223
0.3637828245882591, 0.275070435290963
0.2608283883118578, 0.12566265126735687
0.0035782088848002893, -0.24567555811909123
-0.12682418334282095, -0.43299988523820004
-0.20152768646888622, -0.47951678891435845
-0.2826494156444617, -0.46362155800735305
-0.3249930903012139, -0.43574545250969815
