0.2570058828091276, 0.0623815560856934
0.20615943554645041, 0.06601150612265584
0.17531038299403398, 0.0015881646522968246
0.10437021593934322, -0.04661714726535319
0.030915536118650618, -0.08445182668180849
0.02875500024474309, -0.14114834870361875
-0.008857714447121526, -0.07418687578859542
-0.1127804359981733, -0.14105036908535443
-0.20979653723736033, -0.11603582386200738
-0.19120245861931004, -0.024560931878082472
-0.1479438635547344, 0.0087605631414218
-0.11496568501791128, 0.05778737028764889
-0.03998208445841401, 0.06962095486962241
-0.026766366332448974, 0.12907192075450974
0.027777225234074054, 0.09567187445706724
0.08137933762190226, 0.10195397049716343
0.16178629352615423, 0.11898547799619999
-0.20979653723736033, -0.11603582386200738
-0.19120245861931004, -0.024560931878082472
-0.11496568501791128, 0.05778737028764889
-0.026766366332448974, 0.12907192075450974
0.16178629352615423, 0.11898547799619999
0.2570058828091276, 0.0623815560856934
0.02875500024474309, -0.14114834870361875
-0.1127804359981733, -0.14105036908535443
