-0.006626046790576393, -0.06528667145787273
-0.05911927100484545, -0.12839247242996002
-0.155762633035818, -0.14131326540586808
-0.2587295063562612, -0.13061789232704207
-0.19301520873639455, -0.09399233640744847
-0.11087024216285626, -0.022166246207412244
-0.055450342156696295, 8.493027029887927E-4
0.046677968369816795, -0.005647359475549456
-0.2587295063562612, -0.13061789232704207
-0.11087024216285626, -0.022166246207412244
-0.055450342156696295, 8.493027029887927E-4
0.046677968369816795, -0.005647359475549456
-0.05911927100484545, -0.12839247242996002
-0.155762633035818, -0.14131326540586808
