-0.04176599432534878, -0.06260444638735402
-0.027449969505781747, 0.018978480957333094
-0.01992851117500077, 0.10258771903551957
-0.011692059094225701, 0.19989557511689623
-0.010817754407715837, 0.3188690638893659
-0.03367336226064715, 0.40104642268691293
-0.029342738750488134, 0.46086881346680764
0.018059950673283774, 0.36475166396349273
0.019623584652469935, 0.2663463183783938
0.01236635098275719, 0.20315991727737173
0.02537843380558724, 0.11801448119439532
0.027302546829682795, 0.040266744133119065
0.009610317890765007, -0.01695004510953403
0.015475070904861525, -0.09787208635316798
0.020193332856290536, -0.18441903436601054
0.022048029945061807, -0.21364649901936117
0.037744254638990414, -0.29916525073342004
0.026896534872399614, -0.39596608449411774
-0.021968719858988222, -0.32885604993445056
-0.04080157111691, -0.257822227500733
-0.017094838189532533, -0.18672837714369156
-0.018666914253824145, -0.1444878946705056
-0.04176599432534878, -0.06260444638735402
-0.03367336226064715, 0.40104642268691293
-0.029342738750488134, 0.46086881346680764
0.018059950673283774, 0.36475166396349273
0.02537843380558724, 0.11801448119439532
0.037744254638990414, -0.29916525073342004
0.026896534872399614, -0.39596608449411774
-0.021968719858988222, -0.32885604993445056
-0.04080157111691, -0.257822227500733
