-0.09857192296106422, -0.008072554357849768
-0.04656211528141728, 0.06252102808456907
0.03777119240750203, 0.10086914436423579
0.12871740142653867, 0.12265997300121176
0.15783345425942652, 0.056502833705293076
0.11083749978529965, 0.009487418031652949
0.04590322269056037, -0.030614013812196174
-0.025212502775091482, -0.07554657240257086
-0.07974816786231985, -0.13361831401136207
-0.09857192296106422, -0.008072554357849768
-0.04656211528141728, 0.06252102808456907
0.03777119240750203, 0.10086914436423579
0.12871740142653867, 0.12265997300121176
0.15783345425942652, 0.056502833705293076
0.11083749978529965, 0.009487418031652949
-0.07974816786231985, -0.13361831401136207
