-0.07564718645782967, 0.08784592414863289
9.50662177713852E-4, 0.02927782423051108
0.15163534905033269, -0.05395437101176885
0.06990600157749743, -0.08862797391316761
-0.003576155598382917, -0.033051347610029855
-0.08989550408784275, -0.0010874349046912576
-0.14030568269668947, 0.06419303488470807
-0.14030568269668947, 0.06419303488470807
-0.07564718645782967, 0.08784592414863289
0.15163534905033269, -0.05395437101176885
0.06990600157749743, -0.08862797391316761
-0.08989550408784275, -0.0010874349046912576
