-0.3539649291612049, -0.20776986862984476
-0.3091374228708301, -0.1597229990319309
-0.2532489271623597, -0.13392785778953564
-0.20688202687812193, -0.10405857791378062
-0.14226269941589778, -0.05485189982474176
-0.08991631095615481, -0.020418108941306058
-0.0558344217013746, 0.005337930915341023
-0.023618606574512552, 0.0332980684414597
0.04104646528853519, 0.10335524589584112
0.11885356174528348, 0.15881508092720933
0.16871715749284238, 0.1682301078386675
0.20916485949951324, 0.2210790669450132
0.30224640056873364, 0.2574721168088764
0.36762710722046854, 0.2929120417069687
0.4023493676340727, 0.24394731218105165
0.31614333202846834, 0.18641798749786026
0.27202512936388706, 0.14932038235669057
0.17913766107173434, 0.09275952541539532
0.12442870450338155, 0.0569610195699121
0.03557480697453399, -0.016975122226778886
-0.039438641130593165, -0.05987033009634952
-0.07243082837739594, -0.08646237526962869
-0.11098366203248113, -0.12025482825209322
-0.1777638229253664, -0.16380585291291253
-0.24031162817991145, -0.2007429792227425
-0.30339070887617736, -0.2470878877651693
-0.350238936023443, -0.2731657712803816
-0.41150583153522513, -0.2911935473923675
-0.41150583153522513, -0.2911935473923675
-0.3539649291612049, -0.20776986862984476
-0.3091374228708301, -0.1597229990319309
0.04104646528853519, 0.10335524589584112
0.11885356174528348, 0.15881508092720933
0.20916485949951324, 0.2210790669450132
0.36762710722046854, 0.2929120417069687
0.4023493676340727, 0.24394731218105165
0.27202512936388706, 0.14932038235669057
-0.11098366203248113, -0.12025482825209322
-0.30339070887617736, -0.2470878877651693
-0.350238936023443, -0.2731657712803816
