-0.10094658977380201, 0.176245823194905
-0.028629182972982503, 0.1775306993259152
0.04911548145420639, 0.09823810960157993
0.025048354700837983, 0.050722655167270106
0.04575928206541849, -0.002574434631670273
0.14474758365738338, -0.056760014740818605
0.14191411271681362, -0.1569440333641948
-0.03562759241253469, -0.08832106730985749
-0.05785714917704737, -0.043181355800579184
-0.09576251428155384, -0.0024397792975678024
-0.12095134189641821, 0.0796972058605879
-0.12095134189641821, 0.0796972058605879
-0.10094658977380201, 0.176245823194905
-0.028629182972982503, 0.1775306993259152
0.04911548145420639, 0.09823810960157993
0.14474758365738338, -0.056760014740818605
0.14191411271681362, -0.1569440333641948
-0.03562759241253469, -0.08832106730985749
-0.09576251428155384, -0.0024397792975678024
