-0.025907292797655097, -0.01541541315655078
-0.07273224267899653, 0.03474411311402862
-0.1258802634840861, 0.06506842491241227
-0.18222335214325092, 0.09556097611916867
-0.3034610278434204, 0.16767263382425837
-0.3050668520888686, 0.2443382129532406
-0.22339905235936902, 0.1873984076793473
-0.18311705852860413, 0.14642808373383004
-0.10761670480478505, 0.1279882882671898
-0.044392480040843854, 0.08792722967261325
-0.005431483960066151, 0.025211080942233396
0.03527649454606106, -0.01689521752652861
-0.3050668520888686, 0.2443382129532406
-0.10761670480478505, 0.1279882882671898
-0.044392480040843854, 0.08792722967261325
0.03527649454606106, -0.01689521752652861
-0.025907292797655097, -0.01541541315655078
-0.3034610278434204, 0.16767263382425837
