-0.01750126733123362, 0.18866317437133676
0.0010451339059929963, 0.2635815887672397
0.016938835211888357, 0.36865543453069866
0.05745394778638626, 0.4412869310559998
0.10656027835428104, 0.39029946021023204
0.09690833028954884, 0.33108880454357364
0.0977952010276888, 0.2745625273740366
0.0819928896833058, 0.16798377669165085
0.06517510120230605, 0.08513823792769944
0.025708983791701567, -0.1438633373201873
0.014070326943899022, -0.22099202527235226
-2.5326595507102337E-5, -0.27731087166445373
-0.008431789513941803, -0.3560564767931974
-0.021325728042717797, -0.40983540047186334
-0.08565184821516242, -0.4770945329067407
-0.12010152463619277, -0.40292605460902065
-0.10285830203819923, -0.32228679917751635
-0.08708523071677203, -0.22720674171522606
-0.07262584076726522, -0.16676858008995926
-0.06272573410713227, -0.06569822317394348
-0.04836448367605527, 0.009878917182390352
-0.03489339697209519, 0.0943168115779718
-0.12010152463619277, -0.40292605460902065
-0.06272573410713227, -0.06569822317394348
-0.03489339697209519, 0.0943168115779718
-0.01750126733123362, 0.18866317437133676
0.016938835211888357, 0.36865543453069866
0.05745394778638626, 0.4412869310559998
0.10656027835428104, 0.39029946021023204
0.0977952010276888, 0.2745625273740366
0.0819928896833058, 0.16798377669165085
-0.008431789513941803, -0.3560564767931974
-0.021325728042717797, -0.40983540047186334
-0.08565184821516242, -0.4770945329067407
