0.20117477181904386, -0.10904058646045174
0.29428863758781343, -0.15829879900010446
0.3758548034109749, -0.20790884325365097
0.2745098211275503, -0.2523922533262394
0.196132665592783, -0.1906471917088994
0.13184289530794652, -0.14019658762570103
0.09049421291785868, -0.10229698023083958
0.09049421291785868, -0.10229698023083958
0.20117477181904386, -0.10904058646045174
0.29428863758781343, -0.15829879900010446
0.3758548034109749, -0.20790884325365097
0.2745098211275503, -0.2523922533262394
0.13184289530794652, -0.14019658762570103
