-0.2642759382724762, 0.9516178965568542
-0.21104353666305542, 0.895749032497406
-0.08927616477012634, 0.692750871181488
0.2590804696083069, -0.8085060715675354
0.22262433171272278, -0.9643515944480896
0.16884244978427887, -0.925665557384491
0.052844323217868805, -0.5303624868392944
-0.005775590427219868, -0.31633710861206055
-0.26273125410079956, 0.8115009665489197
-0.28031033277511597, 0.8914161324501038
-0.28031033277511597, 0.8914161324501038
-0.2642759382724762, 0.9516178965568542
-0.21104353666305542, 0.895749032497406
-0.08927616477012634, 0.692750871181488
0.2590804696083069, -0.8085060715675354
0.22262433171272278, -0.9643515944480896
0.16884244978427887, -0.925665557384491
0.052844323217868805, -0.5303624868392944
-0.005775590427219868, -0.31633710861206055
-0.26273125410079956, 0.8115009665489197
