-0.06511417031288147, -0.0339963324368
-0.06485743075609207, 0.048626333475112915
-0.003863608231768012, 0.060542646795511246
0.07175993174314499, 0.07129199802875519
0.08447767794132233, -0.003158693667501211
0.022958626970648766, -0.07599031180143356
-0.036410972476005554, -0.08921279013156891
-0.06511417031288147, -0.0339963324368
-0.06485743075609207, 0.048626333475112915
-0.003863608231768012, 0.060542646795511246
0.07175993174314499, 0.07129199802875519
0.08447767794132233, -0.003158693667501211
0.022958626970648766, -0.07599031180143356
-0.036410972476005554, -0.08921279013156891
