-1.3158608675003052, 0.010777756571769714
-1.2412806749343872, -0.1728588044643402
-0.737075924873352, -2.010425567626953
-0.7414947152137756, -2.111873149871826
-0.7866013050079346, -2.173281192779541
-0.8527699708938599, -2.1541144847869873
-0.937178373336792, -1.914315104484558
-1.2035483121871948, -0.9692951440811157
-1.3299821615219116, -0.4925757050514221
-1.3984516859054565, -0.21649689972400665
-1.430114984512329, -0.058975763618946075
-1.3995568752288818, -0.010606235824525356
-1.430114984512329, -0.058975763618946075
-1.3995568752288818, -0.010606235824525356
-1.3158608675003052, 0.010777756571769714
-1.2412806749343872, -0.1728588044643402
-0.737075924873352, -2.010425567626953
-0.7414947152137756, -2.111873149871826
-0.7866013050079346, -2.173281192779541
-0.8527699708938599, -2.1541144847869873
-0.937178373336792, -1.914315104484558
-1.2035483121871948, -0.9692951440811157
-1.3299821615219116, -0.4925757050514221
-1.3984516859054565, -0.21649689972400665
