-0.16216783225536346, 0.4055565297603607
-0.13678303360939026, 0.4932438135147095
-0.07575208693742752, 0.43530768156051636
-0.05354578420519829, 0.38033294677734375
0.1721949726343155, -0.47771087288856506
0.1836353838443756, -0.5420577526092529
0.08692066371440887, -0.47074946761131287
0.011974991299211979, -0.2110138088464737
-0.11871423572301865, 0.25074872374534607
-0.16216783225536346, 0.4055565297603607
-0.13678303360939026, 0.4932438135147095
-0.07575208693742752, 0.43530768156051636
-0.05354578420519829, 0.38033294677734375
0.1721949726343155, -0.47771087288856506
0.1836353838443756, -0.5420577526092529
0.08692066371440887, -0.47074946761131287
0.011974991299211979, -0.2110138088464737
-0.11871423572301865, 0.25074872374534607
