-0.07648822665214539, 0.14295858144760132
-0.12403634190559387, 0.2794909179210663
-0.15516795217990875, 0.4055127501487732
-0.1622067093849182, 0.4837687611579895
-0.12000925838947296, 0.5240533351898193
-0.0946454331278801, 0.4562819302082062
-0.0316089503467083, 0.2405303567647934
-0.015760358422994614, 0.144926056265831
-0.1622067093849182, 0.4837687611579895
-0.12000925838947296, 0.5240533351898193
-0.0946454331278801, 0.4562819302082062
-0.0316089503467083, 0.2405303567647934
-0.015760358422994614, 0.144926056265831
-0.07648822665214539, 0.14295858144760132
-0.12403634190559387, 0.2794909179210663
-0.15516795217990875, 0.4055127501487732
