-0.3793702689375516, -0.03232279389456016
-0.322860994719592, 0.029160547705507456
-0.2661966099286184, 0.09315347186338062
-0.22521904089987824, 0.13430857302378643
-0.18736634455150858, 0.17794192441830284
-0.1487473058028345, 0.22036702602140779
-0.04834352475717312, 0.32068112764950296
0.00869829342265234, 0.3911918821618378
0.07407492961279218, 0.45452743054803457
0.12981570411768964, 0.41955984913364824
0.1693043593218321, 0.37424561397910605
0.2537853852026259, 0.2982007776670726
0.32179425828402436, 0.22612538385110242
0.3945757173126208, 0.13537619776833362
0.46585762343049686, 0.11084587671118601
0.4671709182576033, 0.03282670815830271
0.42918681474401216, -5.713306535033719E-4
0.39189593887636975, -0.05016434742735538
0.3486839351827067, -0.08064147925777912
0.30606714845112065, -0.1332539223196121
0.2531993479242214, -0.19119238829754637
0.19211123188839804, -0.23830373907773209
0.15038871851596758, -0.2930017879208042
0.08826401711463164, -0.35576196912909996
-0.046692835076442896, -0.4800820592341488
-0.10883987363615383, -0.4441144172642547
-0.14294964370726732, -0.3986721127331215
-0.18635027176692454, -0.3601973151304146
-0.2244423461890271, -0.3207916476055487
-0.28418822967227425, -0.2776121415030778
-0.34547908778532993, -0.2227429176356202
-0.38939051389072216, -0.17953736463686673
-0.44445192636734576, -0.13605544560941613
-0.44445192636734576, -0.13605544560941613
-0.3793702689375516, -0.03232279389456016
-0.2661966099286184, 0.09315347186338062
0.00869829342265234, 0.3911918821618378
0.07407492961279218, 0.45452743054803457
0.12981570411768964, 0.41955984913364824
0.46585762343049686, 0.11084587671118601
0.4671709182576033, 0.03282670815830271
0.39189593887636975, -0.05016434742735538
0.2531993479242214, -0.19119238829754637
0.08826401711463164, -0.35576196912909996
-0.046692835076442896, -0.4800820592341488
-0.10883987363615383, -0.4441144172642547
