-2.664043841048125, 6.326022884961696E-5
-2.6163820337309627, 0.054824698322939514
-2.5862031914300236, 0.09488536501323226
-2.526181004607998, 0.16866202510692999
-2.4712409729559734, 0.21072459678737054
-2.4468706163757967, 0.25727318539767846
-2.391052491632137, 0.3223345920669792
-2.347794304391134, 0.3619624175501024
-2.304472419446851, 0.39864214146304494
-2.2503181213531667, 0.4511118139961156
-2.213157634385528, 0.5061237697686679
-2.1409449285525706, 0.5529519308352827
-2.039391588269992, 0.6837692225043266
-1.9877572543198672, 0.7388832599467141
-1.9474562283709316, 0.7877446667981688
-1.8843397457088071, 0.8499199736541682
-1.8539584312823405, 0.8822159377932405
-1.8242578049972873, 0.9310745370800859
-1.7598130274553179, 0.9941724077108931
-1.7127956226753638, 1.0482013286685625
-1.6720032599323553, 1.078155444196988
-1.58921132846123, 1.1339981399592185
-1.5170862540357382, 1.169077215173407
-1.5217312297189474, 1.2374516324814657
-1.4614317138653887, 1.313733768190732
-1.4244773450859705, 1.3509122835834346
-1.3671758784374932, 1.4132237784408206
-1.3174784627658984, 1.4652680470564599
-1.2678283342151149, 1.5119586782869188
-1.2358377988591094, 1.5491191042447885
-1.1799047771953233, 1.6222175675808248
-1.1382517559579064, 1.6562152727724362
-1.089369407319195, 1.692960404442777
-1.0299459699049132, 1.7674976422493573
-0.9514351396770329, 1.8606127306453233
-0.7746534347271017, 2.0549320596930793
-0.7295481592278596, 2.095309836977754
-0.6627314893978874, 2.157243279481049
-0.6139705105324069, 2.2130890195959565
-0.5725562607419913, 2.2692702078035096
-0.5085652641722547, 2.334716452135718
-0.44810371852343467, 2.38731481216117
-0.4139169055557099, 2.4388329592944356
-0.3125342015402782, 2.4944455022969754
-0.239509736236355, 2.4269500872807663
-0.18329101906209247, 2.377517051737782
-0.14423010452301724, 2.332635104149205
-0.10522594993983996, 2.295938381840794
-0.028013940214822595, 2.2350399228354108
0.019672166623789837, 2.1848338735246635
0.046926474274536015, 2.1564552234724896
0.10683021955520032, 2.100947479500251
0.17302631505610427, 2.0325530230741586
0.23273614776087148, 1.983140403450252
0.2559322673104066, 1.8921879196212332
0.2476244920575198, 1.8111044798057763
0.2644802021078753, 1.7781482695445068
0.3536470689078309, 1.7526294315819888
0.39036083301291974, 1.711440889459746
0.42908550539809776, 1.6765469982174184
0.4916888855183788, 1.712431065329807
0.5756333822398636, 1.6094091962668968
0.6042800548787604, 1.577296893956833
0.643159256138281, 1.538987465281215
0.6884363416032022, 1.4853709477544295
0.7049828238180663, 1.4312633716819536
0.7742435821258181, 1.390114174319064
0.8035942319847079, 1.3300318288694757
0.8651052812080141, 1.2597153908274055
0.9246154286349341, 1.2121214436770835
1.003532956585329, 1.1817257402617487
1.0887803132405314, 1.1771103804933212
1.1502330365947626, 1.119374866731451
1.1383395900461857, 1.063847003152831
1.1536477803139655, 0.9771507729276969
1.207858588072369, 0.8968880989120896
1.2488062916691258, 0.8656552965694212
1.3004299257666843, 0.826340576038577
1.366632077270486, 0.8170304809711056
1.4444095889917885, 0.8103430193089287
1.4863274114087381, 0.7556405455207589
1.5425618173870475, 0.7047878660842477
1.636382084644738, 0.6510752395556755
1.713499790105773, 0.5718704823736531
1.724223908299456, 0.49114098405374984
1.7327617924418703, 0.4692970951094283
1.7852352006177419, 0.40666031801616753
1.8535365351517905, 0.36489830843847226
1.9132169727076942, 0.37167315450366206
1.9887113337804125, 0.3305705935153749
2.0934457026761972, 0.2350926771473219
2.1719700823925168, 0.1716029117704072
2.2103083096998586, 0.13067646813776193
2.332540549024653, 0.014124951314459896
2.412916249934529, -0.054765000921050994
2.4546301910914488, -0.1008797707238063
2.530873638190633, -0.16587340539650725
2.546843270110792, -0.22607657867731493
2.5116533099319693, -0.26791551207990166
2.4723596387974918, -0.32524033481531456
2.4014864589147864, -0.39556322894615675
2.3371398424617773, -0.4689796635188009
2.2665574803481965, -0.5172932933802405
2.2538331614831515, -0.5268225827189041
2.205433882388056, -0.5915897746719498
2.1666421821428217, -0.654543683033867
2.1003853353632382, -0.7221873223059737
2.0364291625058177, -0.7890647879179278
1.9545395711574698, -0.8634147578735121
1.913513497636422, -0.925319220502072
1.830415388884656, -1.00205552384373
1.7720812566168824, -1.0704951711181336
1.7302146095677864, -1.109838572351336
1.692925192971165, -1.1507248319405006
1.6461378616513502, -1.2065200115724812
1.5912914707068855, -1.2612055277043617
1.5397319905710933, -1.3247445259778192
1.4739056113562463, -1.3852441866011083
1.4300985650908178, -1.4303770911010099
1.2479162501538283, -1.6316805231156044
1.1533255925865122, -1.7256389269204766
1.049743704653081, -1.8018011292772655
1.0139162045016217, -1.8795759169706534
0.9550569190275716, -1.946340571844595
0.8920200354734064, -2.013638277602359
0.8352103090814593, -2.0804481107057273
0.7755049434573069, -2.123391479917709
0.6560676697583635, -2.2529870704906587
0.6056199325314672, -2.3035717456891764
0.5733287925438775, -2.3391944209431705
0.5131638541831413, -2.4280092159119073
0.4505507780560507, -2.4894006812345366
0.3943042976823889, -2.553186384486803
0.2990680428743707, -2.6171399361013505
0.24931204327665807, -2.6938618670963708
0.185749655856687, -2.728346476879337
0.11353376323059734, -2.65852446170029
0.033254933587915245, -2.6029837894931545
-0.12947174770098746, -2.456324727086494
-0.17467350388743935, -2.3936644353524965
-0.2434917245511699, -2.349385256897188
-0.29079257044627294, -2.2990425481074146
-0.35208481270575953, -2.24239068462659
-0.4135643494587847, -2.194719857590399
-0.43796239433327505, -2.1377827088406227
-0.4876077911729363, -2.111739387817334
-0.5329372474731737, -2.079894557407623
-0.5998020429777378, -2.01515659519787
-0.6485747627295947, -1.9654425878206152
-0.7092174845490599, -1.9107011114633803
-0.7761019279604883, -1.8431037300676936
-0.8674487143894571, -1.766565911199814
-0.9255861613291506, -1.7100295245559691
-0.9959084231514954, -1.6275902198015049
-1.0780568777000776, -1.5744642679699947
-1.1935589449450217, -1.455284065111804
-1.2521801740080163, -1.3869484709485553
-1.428082005412155, -1.2269748714187307
-1.5465390332492472, -1.1231749010303929
-1.6572970765401793, -1.0319556618236636
-1.7188343108725412, -0.9605967596144425
-1.7876606443985334, -0.9039821232253842
-1.8297240730138908, -0.8693906429957067
-1.9078160838102005, -0.7851201721551083
-1.9846605723819548, -0.7260487657411635
-2.026682902878418, -0.686314583619053
-2.066225490906706, -0.6224643983796757
-2.104654620911399, -0.57405659908776
-2.1852485389043403, -0.5286811493144995
-2.2300801421513636, -0.4865035785735988
-2.3110088321946827, -0.4123698775908197
-2.3972223913425537, -0.34129711033871346
-2.4498506702814313, -0.28107850693693875
-2.495241346118367, -0.24742825175679262
-2.5695533605356804, -0.17061032654128996
-2.6242189966240503, -0.10297127043703588
-2.695182329790767, -0.04507618877829383
-1.0822455626944714, -1.5701421953071546
1.207858588072369, 0.8968880989120896
1.4444095889917885, 0.8103430193089287
1.636382084644738, 0.6510752395556755
2.1719700823925168, 0.1716029117704072
2.412916249934529, -0.054765000921050994
2.530873638190633, -0.16587340539650725
2.546843270110792, -0.22607657867731493
2.4723596387974918, -0.32524033481531456
2.1666421821428217, -0.654543683033867
0.5131638541831413, -2.4280092159119073
0.3943042976823889, -2.553186384486803
0.24931204327665807, -2.6938618670963708
0.185749655856687, -2.728346476879337
0.033254933587915245, -2.6029837894931545
-0.12947174770098746, -2.456324727086494
-0.4135643494587847, -2.194719857590399
-1.0780568777000776, -1.5744642679699947
-2.0347709009384456, -0.6732547359940305
0.2644802021078753, 1.7781482695445068
0.3536470689078309, 1.7526294315819888
0.4916888855183788, 1.712431065329807
1.0887803132405314, 1.1771103804933212
1.1502330365947626, 1.119374866731451
1.207858588072369, 0.8968880989120896
-1.0822455626944714, -1.5701421953071546
-1.9846605723819548, -0.7260487657411635
-2.026682902878418, -0.686314583619053
-2.695182329790767, -0.04507618877829383
-2.664043841048125, 6.326022884961696E-5
-2.526181004607998, 0.16866202510692999
-2.391052491632137, 0.3223345920669792
-1.8242578049972873, 0.9310745370800859
-1.1799047771953233, 1.6222175675808248
-0.7746534347271017, 2.0549320596930793
-0.4139169055557099, 2.4388329592944356
-0.3125342015402782, 2.4944455022969754
-0.18329101906209247, 2.377517051737782
-0.028013940214822595, 2.2350399228354108
0.23273614776087148, 1.983140403450252
0.2559322673104066, 1.8921879196212332
0.2644802021078753, 1.7781482695445068
-2.0347709009384456, -0.6732547359940305
-2.3972223913425537, -0.34129711033871346
-2.495241346118367, -0.24742825175679262
