-0.17438824474811554, 0.04498952254652977
-0.0991796925663948, 0.10000793635845184
-0.038216881453990936, 0.03719611093401909
-0.019192036241292953, 0.03938021510839462
0.04218447953462601, 0.06486548483371735
0.09933534264564514, 0.05651411786675453
0.18228210508823395, 0.06423592567443848
0.18247690796852112, -0.05692334473133087
0.11543457955121994, -0.06886297464370728
0.005526445340365171, -0.0544460192322731
-0.0980321615934372, -0.022000692784786224
-0.17438824474811554, 0.04498952254652977
-0.0991796925663948, 0.10000793635845184
0.18228210508823395, 0.06423592567443848
0.18247690796852112, -0.05692334473133087
0.11543457955121994, -0.06886297464370728
0.005526445340365171, -0.0544460192322731
-0.0980321615934372, -0.022000692784786224
