-0.17801268724842734, 0.1048494129420474
0.1383442925802739, 0.014949313443121968
0.21259654602842284, -0.019396812291806214
0.17337756842852936, -0.07105989349931832
0.06642719417083871, -0.07829015049954499
0.0026108747051113448, -0.05976966334729329
-0.07339996986549066, -0.035748493776473
-0.20317212527276635, 0.03435865195514041
-0.20317212527276635, 0.03435865195514041
-0.17801268724842734, 0.1048494129420474
0.1383442925802739, 0.014949313443121968
0.21259654602842284, -0.019396812291806214
0.17337756842852936, -0.07105989349931832
0.06642719417083871, -0.07829015049954499
0.0026108747051113448, -0.05976966334729329
-0.07339996986549066, -0.035748493776473
