-0.41963799064369167, -0.011828616303595841
-0.402081168507231, 0.04755027951090654
-0.38870799499646563, 0.10903287101694299
-0.36159706341528347, 0.18697928682966963
-0.32362227692623863, 0.2692270742190696
-0.26293749120111426, 0.26483500168810115
-0.18509166739373709, 0.24260987134541484
-0.1044811706013581, 0.22313320017150526
-0.03776626026685915, 0.20483226385553407
0.007783321478478903, 0.18332104879151243
0.07653288855481537, 0.180850089875811
0.13585790125308367, 0.14336109499360145
0.17586834825863915, 0.12434236983147405
0.26174618592821064, 0.1347875244049895
0.32271166631526765, 0.09989599826412626
0.37388618643243493, 0.08348095215398595
0.37748569873726356, 0.03096549191163444
0.371888964626989, -0.024665841519229605
0.3512147238003108, -0.0871211896778907
0.3298117875314013, -0.16253185330723866
0.2544023383234163, -0.2299775450032248
0.16587870441335548, -0.23927703160834052
0.11583069063249062, -0.23109238448447994
0.030036988727441497, -0.2580867589268035
-0.023993011194225825, -0.19043977940698847
-0.10459404660643395, -0.17216172283007575
-0.20573214535933232, -0.1506284293388978
-0.28994613362204313, -0.17080772954949158
-0.3241538379982828, -0.10344183075321174
-0.34432879974767844, -0.0711428220490992
-0.41963799064369167, -0.011828616303595841
-0.38870799499646563, 0.10903287101694299
-0.36159706341528347, 0.18697928682966963
-0.32362227692623863, 0.2692270742190696
-0.26293749120111426, 0.26483500168810115
0.07653288855481537, 0.180850089875811
0.26174618592821064, 0.1347875244049895
0.37388618643243493, 0.08348095215398595
0.37748569873726356, 0.03096549191163444
0.371888964626989, -0.024665841519229605
0.3298117875314013, -0.16253185330723866
0.2544023383234163, -0.2299775450032248
0.030036988727441497, -0.2580867589268035
-0.28994613362204313, -0.17080772954949158
