-0.10370317946090003, 0.2536053217679732
-0.041619152548769314, 0.2661743967052093
0.015829380861518104, 0.1492471662854947
0.03364445765674627, 0.09988328482959681
0.07299339635533054, -0.0013027909799919928
0.12483679501323945, -0.11814924143176139
0.15365863647754008, -0.1709347891428265
0.1744523098492357, -0.2417327096405227
0.1277663480438184, -0.28988107696114906
0.04149019290768392, -0.24289057921541307
-0.007129750941638296, -0.1841818403337454
-0.04109801248279059, -0.04487616393021284
-0.10102445382198225, -0.005486986594829155
-0.16328135600627577, 0.12226339515704725
-0.18617493888527004, 0.20828755500693322
-0.18617493888527004, 0.20828755500693322
-0.10370317946090003, 0.2536053217679732
-0.041619152548769314, 0.2661743967052093
0.015829380861518104, 0.1492471662854947
0.15365863647754008, -0.1709347891428265
0.1744523098492357, -0.2417327096405227
0.1277663480438184, -0.28988107696114906
0.04149019290768392, -0.24289057921541307
-0.007129750941638296, -0.1841818403337454
-0.10102445382198225, -0.005486986594829155
-0.16328135600627577, 0.12226339515704725
