-0.21985966061842918, -0.025514907795124175
-0.21892352502629833, 0.033599366127176636
-0.1725189594184407, 0.11122442614318805
-0.14495715766188408, 0.18307441573565292
-0.12490212308798262, 0.25663974656274124
-0.04373754453820107, 0.20401287280195757
0.010261172111161, 0.19230849493071367
0.06845740254006451, 0.19401793241909115
0.13141730257676834, 0.1502497294360893
0.2102402512909135, 0.11033275087426353
0.1972196385921249, 0.024700128214028998
0.16721996138366874, -0.06384380947461686
0.1449280835154719, -0.14726848345239824
0.055770846660401045, -0.22751190732875815
-0.05029118943623938, -0.18441806747131034
-0.21497626229581385, -0.08267664022185327
-0.21985966061842918, -0.025514907795124175
-0.21892352502629833, 0.033599366127176636
-0.12490212308798262, 0.25663974656274124
0.06845740254006451, 0.19401793241909115
0.2102402512909135, 0.11033275087426353
0.1972196385921249, 0.024700128214028998
0.1449280835154719, -0.14726848345239824
0.055770846660401045, -0.22751190732875815
-0.05029118943623938, -0.18441806747131034
-0.21497626229581385, -0.08267664022185327
