-1.5627032120258726, 1.6335957152700054
-1.544546471149387, 1.706402280047344
-1.5224356951399303, 1.7852430359111033
-1.5067025710702842, 1.8479019123239084
-1.4849425278259152, 1.934967273752415
-1.4485518534382178, 2.00944565787363
-1.4450667428522135, 2.0337642816247103
-1.430050818287138, 2.1496487201326397
-1.3945687285880968, 2.192185152959993
-1.3834632511160854, 2.2727412611307862
-1.3219849817051594, 2.2613666361341718
-1.2500425966883926, 2.25008848041464
-1.1957844842886245, 2.2372958218707257
-1.1031876539336203, 2.2046607922959605
-1.023320379416468, 2.1848693555912932
-0.9443266012286629, 2.1744843709223365
-0.8720138262300077, 2.156764611475726
-0.7919287804290409, 2.1278681467071947
-0.7068416200512009, 2.1156258389492173
-0.6250307864277558, 2.090622987403277
-0.5486766467822848, 2.077296081808951
-0.3892270857084868, 2.029931000783462
-0.3293001757819079, 1.9891519210258093
-0.2633265555949838, 1.991796135402834
-0.21123368082725114, 1.9853289506696519
-0.12573947415959155, 1.9632689925987894
-0.044579779118864425, 1.950963838799429
0.019159546362382856, 1.9301136686495661
0.11268700642823835, 1.9051972862306406
0.17567812149369333, 1.881766849007392
0.254320283120457, 1.8655991663839
0.33238417438559986, 1.8501867770629377
0.39182576667886887, 1.8331475926602467
0.4129948099135106, 1.8272755773941631
0.49252021003764707, 1.8085522249382016
0.5557781020139357, 1.7886584288318759
0.6958257349957896, 1.7544885797435543
0.7521299032689694, 1.734792804102715
0.810850154568414, 1.726979572304711
0.891729940704719, 1.7043110662095038
0.9570540139118342, 1.6892998657815084
1.0125618435044694, 1.670559558672043
1.105477233085779, 1.6508373337943694
1.1936379973627234, 1.6282638405183503
1.27523828179822, 1.610057479885932
1.3996772986054944, 1.5740030985061633
1.494298682967457, 1.5467274153465136
1.5773000505063457, 1.5269531033816155
1.6370495136215246, 1.5097939154174713
1.7310551111745147, 1.4882295096680507
1.834287769488673, 1.4504375995265255
1.9005366223818854, 1.4248344996836855
2.041618528309687, 1.408681979334359
2.0980066938717377, 1.3365217749252185
2.1935058373373617, 1.3632603875036213
2.1709217873964866, 1.3166969228785357
2.1216411237405994, 1.2900044632191625
2.15577699336455, 1.21024853859936
2.217658566951178, 1.1456641567412387
2.153519480093232, 1.0557374688466001
2.129742687103808, 1.0149409739902764
2.117463435950102, 0.9351560099092083
2.090464374598091, 0.8042630486799845
1.9435859497082648, 0.6749422145020479
1.772166686998497, 0.5563927457365853
1.7340149971948096, 0.4909778280535304
1.746140988729198, 0.39381303675282775
1.767405958692813, 0.32456813183649225
1.793612126551419, 0.2801664720885132
1.746739255555923, 0.2221028378838645
1.7915138580070646, 0.17191569224126835
1.8360899684194047, 0.09165713075418234
1.8741215476009372, -0.02825447948965736
1.9335866770133128, -0.09336357303352179
1.976384726228514, -0.13881947894791713
2.033181572139587, -0.1335707493277551
2.1170315492059864, -0.11451224785679716
2.0726264593204937, -0.2064332859818302
1.96410333679889, -0.25995755053656544
1.9079665840606355, -0.3054247279151564
1.951619073983118, -0.38945627663414434
2.0256388088853696, -0.41588744989874427
2.0129444420063187, -0.48969695988546286
1.8512803545636294, -0.6453399401398418
1.8292056531062904, -0.7382915139363767
1.8564676279708177, -0.7506243878955683
1.930964682035988, -0.7677754610067417
1.9150971036455189, -0.8704599611329766
1.8331366862145964, -0.8910497525428189
1.7544838028880534, -0.989552161715561
1.696824683071389, -1.0223943790064696
1.6606137730673962, -1.0693824651254191
1.6920312494330236, -1.1274364330166553
1.7745637652946253, -1.1297364531263454
1.834240592168984, -1.1663465480383157
1.7940626466080647, -1.350829149518008
1.771218745577208, -1.4302518357806804
1.7518679142200175, -1.5111001669615598
1.7361575683925148, -1.5870482463200268
1.7102713046182862, -1.6658032854717228
1.6883783213129422, -1.7531715036592148
1.6679357649119815, -1.827131609801989
1.6519640387947392, -1.9089696728480223
1.6315221870961114, -1.9684207219742254
1.6163894369857617, -2.051908430941811
1.5575965243595504, -2.110311512795477
1.5008257868336354, -2.123035833606695
1.4920089329239838, -2.2118161868813164
1.5379660179934618, -2.331423644058158
1.4683341093293258, -2.385177896564134
1.3057454782991909, -2.325965342686358
1.1610429563207454, -2.2517641873157963
1.1313552500738688, -2.1907690085341414
1.0873860359695184, -2.135314318765383
1.061856112714851, -2.0853637638343616
1.035779813978552, -2.021133676716329
1.03024578862462, -1.9562104582730226
1.1659955709949577, -1.9739829289313882
1.2165934571432495, -1.989610813133291
1.2741027007511136, -2.0089914298726748
1.3323798209930373, -2.0326769532838185
1.394837115010635, -2.0288741230905663
1.396583095212614, -1.9480106930000798
1.3551151594174693, -1.869555967082595
1.2762883116486967, -1.8651642230517942
1.1875728403055144, -1.827114865487143
1.1317757188378699, -1.8124710131773114
1.0315782702480176, -1.7910233934630195
0.9716347193819695, -1.7826641062833173
0.9323533750072078, -1.724269697035345
0.9105122310227343, -1.6489125802677564
0.8931180901112421, -1.5294636020616847
0.8658298453733758, -1.4461925470720287
0.860688307622874, -1.4343131820305608
0.8370473466946462, -1.3898174778876171
0.7532453640062899, -1.3684341982566672
0.6779937422541278, -1.3842300716645457
0.5964422617177743, -1.4258226183138012
0.5362525556783523, -1.441308227143159
0.48119478585170694, -1.4232380324003138
0.41512416380280237, -1.3919518636837405
0.3997590261609486, -1.386006685033283
0.34220622278646323, -1.369727715933438
0.22667497090617464, -1.3282197336625903
0.2162599736846363, -1.2684205184836153
0.20157701179475754, -1.2005866225862845
0.1755646708646645, -1.1643332377025484
0.09150261225901755, -1.1454498682245164
0.03821155680455965, -1.3531985915882778
-0.02140111497095077, -1.5855913703023132
-0.30810416423737047, -1.5219777375161276
-0.5778456226819912, -1.4469640170287044
-0.4494387421995735, -0.9846309125548605
-0.4848975445881252, -0.9675645167373359
-0.5260434902887365, -0.9602983429799166
-0.6037068176121688, -0.9581769453171868
-0.6287862651035685, -0.9692552714232116
-0.667026504374499, -1.0037679617783088
-0.7291782497367916, -1.0485509547883372
-0.8450431619284585, -1.0448240898159578
-1.0815479895944298, -1.0133939720992888
-1.077895486752821, -0.9334304140519247
-1.098643812801298, -0.9010899658337864
-1.158141009375116, -0.8605897323076805
-1.2054626237638315, -0.8439132974004633
-1.2755206813929698, -0.8608030284259501
-1.3307403060600609, -0.9004073031294619
-1.3884526467894547, -0.9675413605618223
-1.428556799105428, -1.0288622933826792
-1.4902297340125759, -1.070369517929622
-1.5687788225169923, -1.101573268357169
-1.6182243062652597, -1.122448720332166
-1.6972933566776482, -1.1428356833155295
-1.7653551358739632, -1.2104667874918469
-1.8287714469753276, -1.279119131956068
-1.8882283854295487, -1.3204176477202152
-1.9986582766342713, -1.3902213681381792
-2.129316325970679, -1.4647888584046052
-2.2112716713097686, -1.5062292012622365
-2.2588111302648053, -1.5290472940215014
-2.356367361678188, -1.5006299000550087
-2.32592492603526, -1.391334096239412
-2.315171492419331, -1.330026552590157
-2.2879379433810714, -1.2112865800968315
-2.2683866639490766, -1.1200480150055392
-2.2502312034109018, -1.0327593582576022
-2.206484714605414, -0.8866830420449026
-2.1846917066988665, -0.7957078292826275
-2.1643965214992464, -0.7285855646030093
-2.147323985992538, -0.6711719757967853
-2.142686587288146, -0.6542731283015214
-2.1286570892978895, -0.5699502254074805
-2.1023496853829755, -0.4916430204824853
-2.0644100451891583, -0.3322161746147268
-2.0461549264487338, -0.2509306082855156
-2.002430005688543, -0.09264037554024092
-1.9889413493736683, -0.030861372729545037
-1.9658703640821458, 0.051893136999456003
-1.9259290795672943, 0.20916855725522487
-1.9034050986006537, 0.28771604851677435
-1.8853454691286935, 0.37211481323890316
-1.864900636814265, 0.4527024896054002
-1.8519960307577545, 0.5072011092364747
-1.8275765952153136, 0.5875551332582128
-1.799943223136855, 0.6958014327863409
-1.7540323574317385, 0.8848649943078091
-1.7312507590640482, 0.9662249818989316
-1.704548110567112, 1.052453694122064
-1.6822337243005951, 1.1542550534154357
-1.6629258309985613, 1.2316984759881136
-1.6508056939650897, 1.2881531657473237
-1.6253937279689024, 1.3723266075236582
-1.619960852093797, 1.3919135677409094
-1.599589307349011, 1.4712590106244812
-1.5866733611408548, 1.5505853779657457
0.10368267834435273, -1.1481859502569018
0.6436816787273952, -0.8065972711935208
1.1180488896693555, -0.9291783955538648
0.8370473466946462, -1.3898174778876171
0.5362525556783523, -1.441308227143159
0.48119478585170694, -1.4232380324003138
0.22667497090617464, -1.3282197336625903
0.8370473466946462, -1.3898174778876171
1.1180488896693555, -0.9291783955538648
1.6606137730673962, -1.0693824651254191
1.7745637652946253, -1.1297364531263454
1.834240592168984, -1.1663465480383157
1.7940626466080647, -1.350829149518008
1.7697333232552546, -1.4500786620877322
1.3551151594174693, -1.869555967082595
1.2762883116486967, -1.8651642230517942
0.9716347193819695, -1.7826641062833173
0.9323533750072078, -1.724269697035345
0.9105122310227343, -1.6489125802677564
1.3551151594174693, -1.869555967082595
1.7697333232552546, -1.4500786620877322
1.7361575683925148, -1.5870482463200268
1.6163894369857617, -2.051908430941811
1.5565581731584424, -2.2651578489677657
1.394837115010635, -2.0288741230905663
1.03024578862462, -1.9562104582730226
1.1659955709949577, -1.9739829289313882
1.394837115010635, -2.0288741230905663
1.5565581731584424, -2.2651578489677657
1.5379660179934618, -2.331423644058158
1.4683341093293258, -2.385177896564134
1.3057454782991909, -2.325965342686358
1.1610429563207454, -2.2517641873157963
1.0873860359695184, -2.135314318765383
1.061856112714851, -2.0853637638343616
1.035779813978552, -2.021133676716329
0.6436816787273952, -0.8065972711935208
1.1738177371406993, -0.47124762093710415
1.8512803545636294, -0.6453399401398418
1.930964682035988, -0.7677754610067417
1.9150971036455189, -0.8704599611329766
1.6606137730673962, -1.0693824651254191
1.1738177371406993, -0.47124762093710415
1.57610086362255, -0.21677425767726796
1.9079665840606355, -0.3054247279151564
2.0256388088853696, -0.41588744989874427
2.0129444420063187, -0.48969695988546286
1.8512803545636294, -0.6453399401398418
1.57610086362255, -0.21677425767726796
1.8741215476009372, -0.02825447948965736
2.1170315492059864, -0.11451224785679716
2.0726264593204937, -0.2064332859818302
1.9079665840606355, -0.3054247279151564
-2.356367361678188, -1.5006299000550087
-2.2502312034109018, -1.0327593582576022
-1.8519960307577545, 0.5072011092364747
-1.7815130033678876, 0.7716981281683231
-1.4626846427861262, 0.7462391948151272
-1.1741514267558655, 0.39504912597606395
-1.2054626237638315, -0.8439132974004633
-1.428556799105428, -1.0288622933826792
-1.4902297340125759, -1.070369517929622
-1.9986582766342713, -1.3902213681381792
-2.129316325970679, -1.4647888584046052
-2.2112716713097686, -1.5062292012622365
-2.2588111302648053, -1.5290472940215014
-1.2054626237638315, -0.8439132974004633
-1.1741514267558655, 0.39504912597606395
-0.24027113686662738, -0.7416293050412138
-0.4494387421995735, -0.9846309125548605
-0.7291782497367916, -1.0485509547883372
-0.8450431619284585, -1.0448240898159578
-1.0815479895944298, -1.0133939720992888
-0.5778456226819912, -1.4469640170287044
-0.4494387421995735, -0.9846309125548605
-0.24027113686662738, -0.7416293050412138
0.09150261225901755, -1.1454498682245164
-0.02140111497095077, -1.5855913703023132
-0.30810416423737047, -1.5219777375161276
-1.4626846427861262, 0.7462391948151272
1.7340149971948096, 0.4909778280535304
1.793612126551419, 0.2801664720885132
1.8741215476009372, -0.02825447948965736
0.10368267834435273, -1.1481859502569018
0.09150261225901755, -1.1454498682245164
-1.7815130033678876, 0.7716981281683231
-1.7540323574317385, 0.8848649943078091
-1.5866733611408548, 1.5505853779657457
-1.430050818287138, 2.1496487201326397
-1.3834632511160854, 2.2727412611307862
-1.2500425966883926, 2.25008848041464
-1.1957844842886245, 2.2372958218707257
-0.5486766467822848, 2.077296081808951
-0.044579779118864425, 1.950963838799429
1.27523828179822, 1.610057479885932
2.041618528309687, 1.408681979334359
2.1935058373373617, 1.3632603875036213
2.217658566951178, 1.1456641567412387
2.090464374598091, 0.8042630486799845
1.9435859497082648, 0.6749422145020479
1.7340149971948096, 0.4909778280535304
