0.1978473663330078, 0.11826165020465851
0.1639399379491806, 0.05197083577513695
0.06149368733167648, -0.017442310228943825
-0.290130615234375, -0.19350218772888184
-0.40798869729042053, -0.23695339262485504
-0.4160096049308777, -0.16333265602588654
-0.1132827028632164, -0.011016063392162323
0.024598613381385803, 0.05448300018906593
-0.4160096049308777, -0.16333265602588654
-0.1132827028632164, -0.011016063392162323
0.024598613381385803, 0.05448300018906593
0.1978473663330078, 0.11826165020465851
0.1639399379491806, 0.05197083577513695
0.06149368733167648, -0.017442310228943825
-0.290130615234375, -0.19350218772888184
-0.40798869729042053, -0.23695339262485504
