-0.14765043556690216, -0.08120559900999069
-0.12035196274518967, -0.0342387817800045
-0.0563034750521183, 0.035773731768131256
0.002068769885227084, 0.09324529021978378
0.049366820603609085, 0.12190505862236023
0.1713748425245285, 0.09485284984111786
0.1673581898212433, 0.017744747921824455
0.09038734436035156, -0.03663606941699982
-0.1415538340806961, -0.13709822297096252
-0.14765043556690216, -0.08120559900999069
-0.12035196274518967, -0.0342387817800045
-0.0563034750521183, 0.035773731768131256
0.002068769885227084, 0.09324529021978378
0.049366820603609085, 0.12190505862236023
0.1713748425245285, 0.09485284984111786
0.1673581898212433, 0.017744747921824455
0.09038734436035156, -0.03663606941699982
-0.1415538340806961, -0.13709822297096252
