-0.04940402880311012, 0.2420722246170044
0.021353404968976974, 0.25161629915237427
0.2545703649520874, 0.0072495946660637856
0.04980397969484329, -0.19684050977230072
-0.013705681078135967, -0.2507534921169281
-0.29932868480682373, -0.012768174521625042
-0.29932868480682373, -0.012768174521625042
-0.04940402880311012, 0.2420722246170044
0.021353404968976974, 0.25161629915237427
0.2545703649520874, 0.0072495946660637856
0.04980397969484329, -0.19684050977230072
-0.013705681078135967, -0.2507534921169281
