-0.19728955626487732, 0.07283947616815567
-0.11918745934963226, 0.15063263475894928
-0.044469937682151794, 0.219895139336586
0.029498470947146416, 0.15531565248966217
0.0882801041007042, 0.09888481348752975
0.13535965979099274, 0.05057977885007858
0.2109483778476715, -0.039652615785598755
0.16557638347148895, -0.11394054442644119
0.03514613211154938, -0.2224728912115097
-0.19931992888450623, -0.052993547171354294
-0.19931992888450623, -0.052993547171354294
-0.19728955626487732, 0.07283947616815567
-0.11918745934963226, 0.15063263475894928
-0.044469937682151794, 0.219895139336586
0.029498470947146416, 0.15531565248966217
0.0882801041007042, 0.09888481348752975
0.13535965979099274, 0.05057977885007858
0.2109483778476715, -0.039652615785598755
0.16557638347148895, -0.11394054442644119
0.03514613211154938, -0.2224728912115097
