-0.18375591933727264, -0.10278774797916412
-0.13473419845104218, 0.037336330860853195
0.032580599188804626, 0.1520363688468933
0.12176913768053055, 0.15887603163719177
0.1752929985523224, 0.08837947249412537
0.1398072987794876, 0.008566244505345821
0.08133646845817566, -0.05466163903474808
-0.058792490512132645, -0.1991947442293167
-0.12587547302246094, -0.17144913971424103
-0.18375591933727264, -0.10278774797916412
-0.13473419845104218, 0.037336330860853195
0.032580599188804626, 0.1520363688468933
0.12176913768053055, 0.15887603163719177
0.1752929985523224, 0.08837947249412537
0.1398072987794876, 0.008566244505345821
0.08133646845817566, -0.05466163903474808
-0.058792490512132645, -0.1991947442293167
-0.12587547302246094, -0.17144913971424103
