-0.20265302062034607, 0.07119469344615936
-0.04004282131791115, 0.23321405053138733
0.0014885111013427377, 0.26329702138900757
0.04205077886581421, 0.22902023792266846
0.11176231503486633, 0.16076333820819855
0.2625941336154938, 0.005799936596304178
0.17418983578681946, -0.11636827886104584
0.03879498317837715, -0.3024396598339081
-0.01977297104895115, -0.31174585223197937
-0.26768097281455994, -0.006528681144118309
-0.26768097281455994, -0.006528681144118309
-0.20265302062034607, 0.07119469344615936
-0.04004282131791115, 0.23321405053138733
0.0014885111013427377, 0.26329702138900757
0.04205077886581421, 0.22902023792266846
0.11176231503486633, 0.16076333820819855
0.2625941336154938, 0.005799936596304178
0.17418983578681946, -0.11636827886104584
0.03879498317837715, -0.3024396598339081
-0.01977297104895115, -0.31174585223197937
