-0.25471368432044983, -0.012119217775762081
-0.2395397424697876, 0.04170164838433266
-0.19550761580467224, 0.08991272747516632
0.009834963828325272, 0.30260083079338074
0.06811433285474777, 0.2709352374076843
0.2616615891456604, -0.0023254803381860256
0.19328851997852325, -0.10243196040391922
0.1140732616186142, -0.19227337837219238
0.05791950598359108, -0.23702745139598846
-0.04993635043501854, -0.23674887418746948
-0.16939598321914673, -0.11751789599657059
-0.25471368432044983, -0.012119217775762081
-0.2395397424697876, 0.04170164838433266
-0.19550761580467224, 0.08991272747516632
0.009834963828325272, 0.30260083079338074
0.06811433285474777, 0.2709352374076843
0.2616615891456604, -0.0023254803381860256
0.19328851997852325, -0.10243196040391922
0.1140732616186142, -0.19227337837219238
0.05791950598359108, -0.23702745139598846
-0.04993635043501854, -0.23674887418746948
-0.16939598321914673, -0.11751789599657059
