-0.0625188872218132, 0.20228156447410583
0.13393601775169373, 0.003631504252552986
0.17500406503677368, -0.039330337196588516
0.153012216091156, -0.11691806465387344
0.10033635050058365, -0.15270602703094482
0.027605697512626648, -0.12270891666412354
-0.0994892343878746, 0.04859856888651848
-0.1458049863576889, 0.1412803828716278
-0.1458049863576889, 0.1412803828716278
-0.0625188872218132, 0.20228156447410583
0.13393601775169373, 0.003631504252552986
0.17500406503677368, -0.039330337196588516
0.153012216091156, -0.11691806465387344
0.10033635050058365, -0.15270602703094482
0.027605697512626648, -0.12270891666412354
-0.0994892343878746, 0.04859856888651848
