-0.22736713290214539, -0.014158333651721478
-0.1636989712715149, 0.05497144162654877
0.0397326722741127, 0.23602229356765747
0.17514777183532715, 0.10208737105131149
0.2335374504327774, 0.021178625524044037
0.05925305560231209, -0.18300198018550873
-0.007337778806686401, -0.22048862278461456
-0.08987375348806381, -0.1796465516090393
-0.14360444247722626, -0.12282943725585938
-0.22736713290214539, -0.014158333651721478
-0.1636989712715149, 0.05497144162654877
0.0397326722741127, 0.23602229356765747
0.17514777183532715, 0.10208737105131149
0.2335374504327774, 0.021178625524044037
0.05925305560231209, -0.18300198018550873
-0.007337778806686401, -0.22048862278461456
-0.08987375348806381, -0.1796465516090393
-0.14360444247722626, -0.12282943725585938
