-0.2595294117927551, 0.015586656518280506
-0.20779624581336975, 0.08432913571596146
-0.1033908948302269, 0.17957009375095367
-0.017288004979491234, 0.2514379620552063
0.06073474884033203, 0.19303791224956512
0.2672274112701416, 0.03023030236363411
0.25462666153907776, -0.02467915043234825
0.1676921844482422, -0.13762003183364868
0.09147801250219345, -0.1953430324792862
0.0097600556910038, -0.23603218793869019
-0.0938054695725441, -0.1936834752559662
-0.15489529073238373, -0.13489817082881927
-0.22422391176223755, -0.06343890726566315
-0.2595294117927551, 0.015586656518280506
-0.20779624581336975, 0.08432913571596146
-0.1033908948302269, 0.17957009375095367
-0.017288004979491234, 0.2514379620552063
0.06073474884033203, 0.19303791224956512
0.2672274112701416, 0.03023030236363411
0.25462666153907776, -0.02467915043234825
0.1676921844482422, -0.13762003183364868
0.09147801250219345, -0.1953430324792862
0.0097600556910038, -0.23603218793869019
-0.0938054695725441, -0.1936834752559662
-0.15489529073238373, -0.13489817082881927
-0.22422391176223755, -0.06343890726566315
