-0.20662008225917816, 0.06496664881706238
-0.04480733722448349, 0.22502316534519196
-0.0010297000408172607, 0.2680489718914032
0.19402892887592316, 0.07387682795524597
0.2663700580596924, -0.00614100182428956
0.20184041559696198, -0.07985672354698181
0.12380906939506531, -0.15727804601192474
0.05659935250878334, -0.2123001217842102
-0.0033216632436960936, -0.25717267394065857
-0.08385136723518372, -0.19660316407680511
-0.2531147301197052, -0.012583865784108639
-0.2531147301197052, -0.012583865784108639
-0.20662008225917816, 0.06496664881706238
-0.04480733722448349, 0.22502316534519196
-0.0010297000408172607, 0.2680489718914032
0.19402892887592316, 0.07387682795524597
0.2663700580596924, -0.00614100182428956
0.20184041559696198, -0.07985672354698181
0.12380906939506531, -0.15727804601192474
0.05659935250878334, -0.2123001217842102
-0.0033216632436960936, -0.25717267394065857
-0.08385136723518372, -0.19660316407680511
