-0.0847088024020195, 0.1542433500289917
0.019406616687774658, 0.07767649739980698
0.06044769659638405, 0.03847520425915718
0.19502945244312286, -0.09138433635234833
0.16948755085468292, -0.13448761403560638
0.02587396837770939, -0.1409774124622345
-0.04740334302186966, -0.11719825118780136
-0.22963185608386993, -0.01363629661500454
-0.2808362543582916, 0.037533536553382874
-0.2808362543582916, 0.037533536553382874
-0.0847088024020195, 0.1542433500289917
0.019406616687774658, 0.07767649739980698
0.06044769659638405, 0.03847520425915718
0.19502945244312286, -0.09138433635234833
0.16948755085468292, -0.13448761403560638
0.02587396837770939, -0.1409774124622345
-0.04740334302186966, -0.11719825118780136
-0.22963185608386993, -0.01363629661500454
