3.696723461151123, 4.137796878814697
3.615211009979248, 4.148890018463135
3.4413466453552246, 4.179270267486572
3.2943568229675293, 4.230741024017334
3.4840264320373535, 4.39184045791626
3.574272632598877, 4.467069149017334
3.764679431915283, 4.304876804351807
3.8052124977111816, 4.217959880828857
3.7846055030822754, 4.149143695831299
3.2943568229675293, 4.230741024017334
3.4840264320373535, 4.39184045791626
3.574272632598877, 4.467069149017334
3.764679431915283, 4.304876804351807
3.8052124977111816, 4.217959880828857
3.7846055030822754, 4.149143695831299
3.696723461151123, 4.137796878814697
3.615211009979248, 4.148890018463135
3.4413466453552246, 4.179270267486572
