-0.17144185304641724, 0.07892744243144989
-0.08658421784639359, 0.1577921211719513
-0.014912592247128487, 0.11280211806297302
0.13423950970172882, -0.04127383232116699
0.16984282433986664, -0.10255825519561768
0.1025439202785492, -0.17201270163059235
0.04662318155169487, -0.1496865153312683
-0.11643002182245255, 0.013158402405679226
-0.17144185304641724, 0.07892744243144989
-0.08658421784639359, 0.1577921211719513
-0.014912592247128487, 0.11280211806297302
0.13423950970172882, -0.04127383232116699
0.16984282433986664, -0.10255825519561768
0.1025439202785492, -0.17201270163059235
0.04662318155169487, -0.1496865153312683
-0.11643002182245255, 0.013158402405679226
