-0.1737479418516159, 0.0672893077135086
-0.05733060836791992, 0.18087826669216156
0.08268119394779205, 0.04254845529794693
0.20469063520431519, -0.08229544013738632
0.16136229038238525, -0.1333104819059372
0.08760226517915726, -0.19890466332435608
-0.17441344261169434, -0.015399324707686901
-0.21555769443511963, 0.022058947011828423
-0.21555769443511963, 0.022058947011828423
-0.1737479418516159, 0.0672893077135086
-0.05733060836791992, 0.18087826669216156
0.08268119394779205, 0.04254845529794693
0.20469063520431519, -0.08229544013738632
0.16136229038238525, -0.1333104819059372
0.08760226517915726, -0.19890466332435608
-0.17441344261169434, -0.015399324707686901
