-0.2523994743824005, 0.02082442119717598
-0.20879940688610077, 0.06540575623512268
-0.033396799117326736, 0.24313776195049286
0.022536657750606537, 0.28721052408218384
0.28674840927124023, -0.020040540024638176
0.0692710280418396, -0.195143461227417
-0.006259383168071508, -0.24472178518772125
-0.18380369246006012, -0.11075757443904877
-0.24301810562610626, -0.0501246452331543
-0.2523994743824005, 0.02082442119717598
-0.20879940688610077, 0.06540575623512268
-0.033396799117326736, 0.24313776195049286
0.022536657750606537, 0.28721052408218384
0.28674840927124023, -0.020040540024638176
0.0692710280418396, -0.195143461227417
-0.006259383168071508, -0.24472178518772125
-0.18380369246006012, -0.11075757443904877
-0.24301810562610626, -0.0501246452331543
