4.767333739437163E-4, 0.07693041115999222
0.06551018357276917, 0.042750872671604156
0.13981762528419495, -0.05686595290899277
0.05620519071817398, -0.12956199049949646
-0.052569370716810226, -0.03846165910363197
-0.08979528397321701, 0.053051192313432693
-0.10875657945871353, 0.1075720265507698
-0.10875657945871353, 0.1075720265507698
4.767333739437163E-4, 0.07693041115999222
0.06551018357276917, 0.042750872671604156
0.13981762528419495, -0.05686595290899277
0.05620519071817398, -0.12956199049949646
-0.052569370716810226, -0.03846165910363197
-0.08979528397321701, 0.053051192313432693
