-0.20433486998081207, 0.056332092732191086
-0.05685693025588989, 0.2121640294790268
0.028413403779268265, 0.23569998145103455
0.07199954241514206, 0.19881197810173035
0.21232831478118896, 0.06595253944396973
0.24776335060596466, -0.006482505705207586
0.16952693462371826, -0.10335481911897659
0.051740486174821854, -0.2155844271183014
-0.0487130805850029, -0.2325126677751541
-0.14799381792545319, -0.13276217877864838
-0.2084263563156128, -0.06342574954032898
-0.2525888681411743, -0.004071212373673916
-0.2525888681411743, -0.004071212373673916
-0.20433486998081207, 0.056332092732191086
-0.05685693025588989, 0.2121640294790268
0.028413403779268265, 0.23569998145103455
0.07199954241514206, 0.19881197810173035
0.21232831478118896, 0.06595253944396973
0.24776335060596466, -0.006482505705207586
0.16952693462371826, -0.10335481911897659
0.051740486174821854, -0.2155844271183014
-0.0487130805850029, -0.2325126677751541
-0.14799381792545319, -0.13276217877864838
-0.2084263563156128, -0.06342574954032898
