-0.14582377672195435, 0.393130898475647
-0.06854845583438873, 0.3953530490398407
0.15152965486049652, 0.39461445808410645
0.14934386312961578, 0.19957035779953003
0.15187542140483856, 0.11994592845439911
0.15073612332344055, -5.782396765425801E-4
0.15052248537540436, -0.0780419111251831
0.15113487839698792, -0.13775542378425598
0.1485176533460617, -0.3940672278404236
-0.010954647324979305, -0.39753735065460205
-0.1440732628107071, -0.396493524312973
-0.14582377672195435, 0.393130898475647
-0.06854845583438873, 0.3953530490398407
0.15152965486049652, 0.39461445808410645
0.15187542140483856, 0.11994592845439911
0.15113487839698792, -0.13775542378425598
0.1485176533460617, -0.3940672278404236
-0.010954647324979305, -0.39753735065460205
-0.1440732628107071, -0.396493524312973
