-0.051318049375802456, 0.17564626148669601
0.02373473087581413, 0.1719002235501637
0.07209178513879735, 0.14891528615909716
0.12889882056076013, 0.11602719685081316
0.11073149833444125, 0.06935684909125152
0.08798700763309408, -0.013410573032379964
0.0765769777568077, -0.1250238857921566
0.055425394790598805, -0.18449790605735825
0.0012655766828594901, -0.1794004654533311
-0.08858405964689349, -0.1622902641259908
-0.08962225335516884, -0.10527942908053697
-0.10445600724247385, -0.007801778133758601
-0.09817644385652467, 0.08551231735025133
-0.13971777853974673, 0.1434313872849652
-0.13971777853974673, 0.1434313872849652
-0.051318049375802456, 0.17564626148669601
0.02373473087581413, 0.1719002235501637
0.07209178513879735, 0.14891528615909716
0.12889882056076013, 0.11602719685081316
0.0765769777568077, -0.1250238857921566
0.055425394790598805, -0.18449790605735825
0.0012655766828594901, -0.1794004654533311
-0.08858405964689349, -0.1622902641259908
