-0.21751746785706816, 0.10874597630017044
-0.2087465423879113, 0.186696409004188
-0.15223381094520128, 0.2045774794299702
-0.0916353278864658, 0.205712543778771
-0.03256395378083791, 0.20512618274205613
0.1607708810175525, 0.2053396485811703
0.1806542558949986, 0.043539941881198446
0.18455687415605881, -0.015840134032843668
0.18793198207017592, -0.055435551473909384
0.20246253931857233, -0.13063882175806582
0.16910954027302025, -0.17694230675017125
0.06857087914053257, -0.17544466744444845
0.047951907421601006, -0.17594246042811718
-0.031903925122392436, -0.20051821175807857
-0.11894158432526936, -0.20304247622046223
-0.1715243878544199, -0.19821172577369608
-0.2041174259220336, 0.04680295581612686
-0.21751746785706816, 0.10874597630017044
-0.2087465423879113, 0.186696409004188
-0.15223381094520128, 0.2045774794299702
-0.0916353278864658, 0.205712543778771
0.1607708810175525, 0.2053396485811703
0.20246253931857233, -0.13063882175806582
0.16910954027302025, -0.17694230675017125
-0.031903925122392436, -0.20051821175807857
-0.11894158432526936, -0.20304247622046223
-0.1715243878544199, -0.19821172577369608
