-0.17057322420275214, 0.05790660670531571
-0.1606909511881446, 0.1316238143867794
-0.0805729368984833, 0.11018418995982633
-0.05564846962433196, 0.04078584416240356
0.026204128793783706, 0.03328808341009171
0.07604678761340315, 0.051184147456047414
0.13100668678548966, 0.0963521592413939
0.18439913392517268, 0.11517494210920949
0.24708635872032908, 0.13358416887124702
0.20698948797085923, 0.07690823805881675
0.15939685998419192, -0.010095384182814422
0.13514128085490926, -0.10230144317188272
0.032612021472796675, -0.08467344223042543
-0.07663835406976088, -0.057929909683890626
-0.15222255016930353, -0.03635833131689601
-0.20841542057755202, 0.01426224248210387
-0.20841542057755202, 0.01426224248210387
-0.1606909511881446, 0.1316238143867794
0.24708635872032908, 0.13358416887124702
0.13514128085490926, -0.10230144317188272
0.032612021472796675, -0.08467344223042543
-0.07663835406976088, -0.057929909683890626
-0.15222255016930353, -0.03635833131689601
