-0.07404926419258118, 0.06935951113700867
-0.021892808377742767, 0.05623890459537506
0.1384258270263672, 0.03369833156466484
0.20465075969696045, 0.004448471125215292
0.10681121051311493, -0.04525928199291229
0.023083820939064026, -0.05353102460503578
-0.11095376312732697, -0.07070372998714447
-0.13664905726909637, 0.02058132365345955
-0.15109999477863312, 0.11978120356798172
-0.15109999477863312, 0.11978120356798172
0.1384258270263672, 0.03369833156466484
0.20465075969696045, 0.004448471125215292
0.10681121051311493, -0.04525928199291229
-0.11095376312732697, -0.07070372998714447
-0.13664905726909637, 0.02058132365345955
