-0.1051010303849793, 0.27509489530997866
-0.06808687496508398, 0.21066764315977807
-0.03460538105764775, 0.12623376291402627
0.04398306018447124, 0.027169104697462795
0.09552341700118173, -0.06401692819451013
0.11124363628127518, -0.0913312333918287
0.17154526409773688, -0.1899355189101989
0.08661629827074264, -0.23864309986640983
0.0330666412424427, -0.12013439546215282
-0.016166538552310507, -0.06092240954651728
-0.09874735086102034, 0.08020922643957738
-0.13938862499806426, 0.14216108623055235
-0.18785385890815132, 0.22584296730082823
-0.18785385890815132, 0.22584296730082823
-0.1051010303849793, 0.27509489530997866
0.04398306018447124, 0.027169104697462795
0.17154526409773688, -0.1899355189101989
0.08661629827074264, -0.23864309986640983
-0.13938862499806426, 0.14216108623055235
