-0.45738511711732804, 0.0281196428752944
-0.3948174177526826, 0.07462158547989946
-0.27171632822847724, 0.15849581419324374
-0.21241208684055551, 0.19587861321116584
-0.15147982219330625, 0.24262946570958158
-0.09679746548906784, 0.27481707789311255
-0.028284361662706474, 0.32302903976211256
0.04297247959702932, 0.36244744261425366
0.10406380357813111, 0.3995261898436254
0.1651450210548494, 0.4379155126276162
0.23584724048789038, 0.39817850257044546
0.259362007545946, 0.3418657005176603
0.3316511024020271, 0.23159482732848097
0.36304916214825284, 0.16515383876191445
0.38804420535068745, 0.12557999841978731
0.441840922456686, 0.043146116107611356
0.41946135024989334, -0.07419294811579062
0.3386730632198731, -0.12208924625124384
0.29787158828642, -0.14825233283356193
0.2188780230657603, -0.19910076245488215
0.13819338016246624, -0.248759332060105
-0.027620310668260782, -0.3535863616270434
-0.16875285704126913, -0.4481896321951465
-0.22989743743121172, -0.3803715888749925
-0.2728812926741575, -0.2914472252267067
-0.30902273252524554, -0.23554593237446023
-0.33823288892009357, -0.17597736996802837
-0.3514599532776236, -0.1519634958527053
-0.41130946506996846, -0.05356079768088392
-0.45738511711732804, 0.0281196428752944
-0.3948174177526826, 0.07462158547989946
-0.15147982219330625, 0.24262946570958158
-0.028284361662706474, 0.32302903976211256
0.1651450210548494, 0.4379155126276162
0.23584724048789038, 0.39817850257044546
0.441840922456686, 0.043146116107611356
0.41946135024989334, -0.07419294811579062
-0.16875285704126913, -0.4481896321951465
-0.22989743743121172, -0.3803715888749925
