0.11030109971761703, -0.053528182208538055
0.0930330753326416, -0.10722652077674866
0.00877408403903246, -0.19845789670944214
-0.04979921877384186, -0.10921236127614975
-0.12400233000516891, 0.03677714243531227
-0.09323684126138687, 0.17113278806209564
-0.019734030589461327, 0.17330153286457062
0.028974328190088272, 0.11400039494037628
0.10340376198291779, 0.0036142938770353794
-0.12400233000516891, 0.03677714243531227
-0.09323684126138687, 0.17113278806209564
-0.019734030589461327, 0.17330153286457062
0.028974328190088272, 0.11400039494037628
0.10340376198291779, 0.0036142938770353794
0.11030109971761703, -0.053528182208538055
0.0930330753326416, -0.10722652077674866
0.00877408403903246, -0.19845789670944214
-0.04979921877384186, -0.10921236127614975
