-0.03898362070322037, 0.34932461380958557
-0.016970889642834663, 0.4461984634399414
0.01808188483119011, 0.5189589858055115
0.08116661757230759, 0.6241915225982666
0.1256394386291504, 0.6628643274307251
0.20845475792884827, 0.6476956605911255
0.08685214817523956, -0.08511629700660706
0.003138819942250848, -0.5083521604537964
-0.03315349295735359, -0.6836847066879272
-0.09486454725265503, -0.9177086353302002
-0.17110037803649902, -0.868282675743103
-0.2247912436723709, -0.8315927386283875
-0.12648488581180573, -0.20621521770954132
-0.2247912436723709, -0.8315927386283875
-0.12648488581180573, -0.20621521770954132
-0.03898362070322037, 0.34932461380958557
-0.016970889642834663, 0.4461984634399414
0.01808188483119011, 0.5189589858055115
0.08116661757230759, 0.6241915225982666
0.1256394386291504, 0.6628643274307251
0.20845475792884827, 0.6476956605911255
0.08685214817523956, -0.08511629700660706
0.003138819942250848, -0.5083521604537964
-0.03315349295735359, -0.6836847066879272
-0.09486454725265503, -0.9177086353302002
-0.17110037803649902, -0.868282675743103
