0.10216720402240753, 0.16590432822704315
0.15882784128189087, 0.1435176581144333
0.21748164296150208, 0.01654389128088951
0.2368921935558319, -0.04650011658668518
0.14476169645786285, -0.17890548706054688
0.08182384073734283, -0.23920412361621857
-0.09304635226726532, -0.3305378258228302
-0.16645708680152893, -0.33450770378112793
-0.12152530997991562, -0.22403830289840698
-0.12419544905424118, -0.14115162193775177
-0.14461521804332733, -0.116616390645504
-0.22995589673519135, -0.06727507710456848
-0.26679113507270813, -0.08481638133525848
-0.3300487697124481, -0.12745922803878784
-0.4023163616657257, -0.10023780167102814
-0.3920610547065735, 0.026557626202702522
-0.29941678047180176, 0.049991197884082794
-0.23464840650558472, 0.036817312240600586
-0.17978288233280182, 0.015311401337385178
-0.149093359708786, 0.009817898273468018
-0.060132261365652084, -0.001144472393207252
-0.027857903391122818, 9.330456960014999E-4
0.02145683951675892, 0.0041074627079069614
0.047881122678518295, 0.007732262369245291
0.061636392027139664, 0.012810726650059223
0.1181122213602066, 0.08062651008367538
-0.4023163616657257, -0.10023780167102814
-0.3920610547065735, 0.026557626202702522
-0.29941678047180176, 0.049991197884082794
-0.027857903391122818, 9.330456960014999E-4
-0.14461521804332733, -0.116616390645504
-0.3300487697124481, -0.12745922803878784
-0.16645708680152893, -0.33450770378112793
-0.14461521804332733, -0.116616390645504
0.10216720402240753, 0.16590432822704315
0.15882784128189087, 0.1435176581144333
0.21748164296150208, 0.01654389128088951
0.2368921935558319, -0.04650011658668518
0.14476169645786285, -0.17890548706054688
0.08182384073734283, -0.23920412361621857
-0.09304635226726532, -0.3305378258228302
