0.26139330863952637, -0.22282031178474426
-0.36185503005981445, -0.084917351603508
-0.37897783517837524, -0.08112867921590805
-0.43121805787086487, -0.06063025817275047
-0.3835516571998596, 0.20567686855793
-0.3580450117588043, 0.3012808859348297
-0.3003125488758087, 0.3580312430858612
-0.2275892198085785, 0.31550511717796326
-0.23668086528778076, 0.2508482336997986
-0.23369620740413666, 0.20014624297618866
-0.24092672765254974, 0.1428089141845703
-0.1619061827659607, 0.1048908606171608
-0.1031268909573555, 0.13847489655017853
-0.050160832703113556, 0.087518110871315
0.001562324701808393, 0.07660701870918274
0.09861915558576584, 0.05621059238910675
0.2191685140132904, 0.026477284729480743
0.2842414677143097, 0.014465942978858948
0.3415071964263916, 0.01720905862748623
0.38592728972435, -0.045480795204639435
0.346953421831131, -0.10255363583564758
0.2875160574913025, -0.1771562695503235
-0.36185503005981445, -0.084917351603508
-0.24092672765254974, 0.1428089141845703
-0.1031268909573555, 0.13847489655017853
0.3415071964263916, 0.01720905862748623
0.38592728972435, -0.045480795204639435
0.346953421831131, -0.10255363583564758
0.26139330863952637, -0.22282031178474426
-0.43121805787086487, -0.06063025817275047
-0.3835516571998596, 0.20567686855793
-0.3580450117588043, 0.3012808859348297
-0.3003125488758087, 0.3580312430858612
-0.2275892198085785, 0.31550511717796326
-0.23369620740413666, 0.20014624297618866
-0.24092672765254974, 0.1428089141845703
-0.36185503005981445, -0.084917351603508
-0.37897783517837524, -0.08112867921590805
