-0.18673944473266602, 0.013934466987848282
-0.2682960331439972, -0.004146857652813196
-0.434377521276474, 0.02423792891204357
-0.42373964190483093, 0.07973958551883698
-0.3093767762184143, 0.08859686553478241
-0.22621718049049377, 0.07291305065155029
-0.434377521276474, 0.02423792891204357
-0.42373964190483093, 0.07973958551883698
-0.3093767762184143, 0.08859686553478241
-0.22621718049049377, 0.07291305065155029
-0.18673944473266602, 0.013934466987848282
-0.2682960331439972, -0.004146857652813196
