-0.07530265301465988, -0.18493303656578064
-0.10969911515712738, 0.010118063539266586
-0.1078401729464531, 0.10792645812034607
0.05423010140657425, 0.2729106843471527
0.17544278502464294, 0.24690112471580505
0.18280580639839172, 0.15247298777103424
0.13964322209358215, 0.05442476272583008
0.02625417895615101, -0.12774667143821716
-0.008914790116250515, -0.167859748005867
-0.10969911515712738, 0.010118063539266586
-0.1078401729464531, 0.10792645812034607
0.05423010140657425, 0.2729106843471527
0.17544278502464294, 0.24690112471580505
0.18280580639839172, 0.15247298777103424
0.13964322209358215, 0.05442476272583008
0.02625417895615101, -0.12774667143821716
-0.008914790116250515, -0.167859748005867
-0.07530265301465988, -0.18493303656578064
