-0.11771661491942706, 0.15497934355643705
-0.055714715525365936, 0.1763798603541904
0.026923119786541685, 0.08361107304578094
0.129151241111286, 0.07721679094129678
0.06764831850797963, -0.0012555135542384362
0.09071200362969552, -0.03810466997586705
0.09885450243365648, -0.04630975952146077
0.16410258002266165, -0.11096785425067528
0.059121485091367054, -0.17255135471681016
0.009967617538118992, -0.13624653741793882
-0.044627280157310475, -0.053062175672945244
-0.095737361313111, 0.013849685069806548
-0.16857815495652237, 0.12880776885751108
-0.16857815495652237, 0.12880776885751108
-0.11771661491942706, 0.15497934355643705
-0.055714715525365936, 0.1763798603541904
0.129151241111286, 0.07721679094129678
0.16410258002266165, -0.11096785425067528
0.059121485091367054, -0.17255135471681016
0.009967617538118992, -0.13624653741793882
-0.095737361313111, 0.013849685069806548
