-0.22994399277734145, -0.04227605200509675
-0.18880265551407346, 0.05108180661213581
-0.10888640613241729, 0.0877782020148343
-0.04412897251897172, 0.09005799836827423
0.05272843102639113, 0.11352127121438099
0.17500917736380053, 0.09327175904541131
0.19270167265891405, -0.019202846966523895
0.19102618501235033, -0.07720416960885992
0.09449937990641359, -0.11250181687986725
-0.028432359874015278, -0.08507646659422183
-0.15035816760273307, -0.06595428516546023
-0.22994399277734145, -0.04227605200509675
-0.18880265551407346, 0.05108180661213581
-0.10888640613241729, 0.0877782020148343
0.05272843102639113, 0.11352127121438099
0.17500917736380053, 0.09327175904541131
0.19270167265891405, -0.019202846966523895
0.19102618501235033, -0.07720416960885992
0.09449937990641359, -0.11250181687986725
-0.15035816760273307, -0.06595428516546023
